SAMPLES:	15214
BITSPERSAMPLE:	16
CHANNELS:	1
SAMPLERATE:	16000
NORMALIZED:	FALSE
90
91
95
90
103
99
99
102
81
115
111
108
118
110
113
110
111
91
73
116
83
51
78
82
75
66
42
20
-5
6
-9
-65
-47
-72
-122
-84
-90
-93
-122
-146
-152
-223
-241
-259
-249
-262
-250
-224
-203
-159
-161
-146
-175
-204
-169
-143
-106
-57
-38
-39
40
31
37
60
20
27
64
61
113
140
141
157
137
135
157
157
155
150
151
155
140
117
95
83
79
86
111
106
97
115
115
89
72
92
64
84
91
116
91
115
141
122
114
120
82
67
49
6
-3
-47
-63
-25
-29
-39
-29
-16
-30
-3
-28
-68
-54
-88
-42
-58
-91
-108
-124
-109
-197
-195
-228
-266
-262
-266
-263
-275
-258
-258
-212
-224
-186
-203
-188
-197
-227
-208
-265
-235
-272
-272
-257
-227
-227
-217
-229
-225
-216
-215
-196
-210
-145
-140
-94
-41
-23
-36
-20
-9
11
29
64
99
113
99
137
149
145
189
204
232
232
256
276
258
261
267
257
253
290
316
308
322
334
346
355
383
395
388
397
405
414
410
389
394
372
321
322
305
286
273
244
210
194
142
122
113
64
17
5
-53
-135
-149
-191
-208
-234
-215
-252
-227
-213
-252
-225
-223
-202
-197
-182
-183
-168
-165
-137
-141
-159
-147
-169
-159
-132
-157
-154
-143
-142
-136
-111
-127
-112
-108
-114
-110
-98
-105
-73
-78
-61
16
-29
-21
2
2
30
29
3
-1
13
-14
10
11
15
5
-33
-30
-45
-68
-78
-86
-113
-97
-104
-92
-78
-85
-76
-76
-72
-86
-34
-70
-36
-43
-39
15
-7
20
15
-7
-9
-9
-38
-28
-29
-28
-28
-43
5
-28
-39
-51
-32
-32
-6
22
-2
-1
27
1
-4
-2
-41
-10
-84
-30
-10
-31
-23
9
15
7
37
-4
52
63
47
49
60
101
87
102
141
123
153
152
150
149
149
165
144
153
177
218
216
227
259
291
319
317
288
306
291
290
275
266
262
243
235
195
167
141
130
77
39
51
38
2
-8
-19
-43
-35
-39
-51
-69
-101
-111
-137
-119
-159
-173
-140
-161
-141
-165
-156
-157
-170
-108
-146
-133
-139
-163
-162
-163
-146
-165
-153
-176
-162
-143
-135
-132
-106
-113
-93
-76
-70
-14
-26
-14
-22
-61
-71
-85
-57
-59
-67
-49
-65
-48
-76
-98
-113
-138
-136
-127
-128
-165
-143
-181
-206
-187
-220
-221
-218
-204
-198
-182
-172
-165
-134
-152
-118
-97
-79
-68
-84
-57
-20
11
31
28
18
-3
-6
1
-17
2
-13
17
24
46
54
63
72
93
138
142
171
167
159
194
194
152
161
144
144
182
201
178
169
144
105
90
57
84
56
46
49
28
17
4
-3
-23
-19
15
49
65
119
128
131
126
146
146
131
135
121
157
144
201
186
218
238
215
191
207
212
216
202
170
180
148
140
135
137
115
150
134
160
212
216
210
199
175
139
159
123
65
46
76
19
2
-33
-115
-164
-183
-230
-271
-266
-294
-282
-290
-305
-334
-351
-373
-398
-366
-360
-336
-320
-281
-268
-241
-222
-219
-198
-207
-185
-177
-183
-171
-177
-176
-128
-127
-99
-54
-16
-2
-19
-22
-28
-5
-5
2
31
32
56
21
81
88
82
76
44
54
27
36
20
49
55
89
104
101
138
142
169
147
156
187
158
183
168
163
129
102
85
63
43
62
61
33
63
43
39
21
-6
-28
-58
-55
-56
-105
-90
-115
-158
-132
-135
-110
-105
-113
-122
-150
-124
-129
-133
-116
-114
-62
-77
-45
-38
-19
-10
-40
-6
-6
-12
-19
-1
-55
-45
-32
-42
-38
-30
11
6
-1
-20
2
-18
-1
-10
-59
-5
-31
-17
-6
-5
13
0
41
46
70
94
117
141
94
134
129
178
203
192
231
224
270
275
285
267
260
282
274
309
299
275
269
213
223
190
165
151
154
135
120
120
134
159
127
107
93
82
59
48
46
46
-9
-17
-34
-46
-53
-102
-109
-146
-174
-184
-224
-196
-187
-206
-194
-217
-185
-188
-211
-184
-218
-225
-216
-228
-234
-230
-216
-191
-196
-187
-174
-196
-185
-182
-177
-192
-170
-174
-164
-167
-194
-155
-185
-173
-189
-189
-161
-208
-170
-171
-190
-166
-190
-127
-137
-135
-103
-140
-135
-112
-140
-120
-125
-120
-104
-90
-41
-61
-3
-33
-14
19
8
34
26
59
71
47
65
109
106
178
167
158
189
143
163
161
178
211
220
225
247
274
297
323
285
264
269
253
281
285
277
275
289
301
342
364
376
395
327
360
336
324
318
295
265
248
237
209
222
215
223
164
221
185
162
174
128
130
96
46
13
0
-71
-52
-66
-77
-87
-99
-119
-106
-136
-127
-144
-152
-160
-212
-186
-215
-219
-226
-235
-220
-206
-186
-218
-205
-206
-244
-249
-300
-343
-354
-425
-441
-462
-490
-492
-492
-500
-460
-473
-433
-426
-401
-383
-374
-346
-370
-323
-295
-274
-238
-174
-139
-126
-69
-44
-19
-15
3
3
-24
20
33
30
88
72
125
137
190
215
218
272
259
323
336
329
359
366
405
391
400
385
362
362
309
334
308
291
231
209
201
167
157
134
110
84
70
39
66
28
7
21
11
15
2
19
13
16
7
8
8
-16
-27
-14
-50
-69
-49
-79
-69
-91
-96
-115
-142
-112
-145
-117
-122
-106
-83
-86
-60
-34
-9
34
39
62
72
71
114
128
147
158
168
148
158
140
138
146
113
128
112
117
77
72
57
28
41
31
22
9
40
21
35
35
44
36
7
5
-8
-21
-26
-26
-30
-27
14
1
36
49
26
41
-37
-32
-50
-54
-79
-128
-149
-143
-172
-195
-219
-260
-263
-282
-279
-274
-322
-343
-300
-328
-317
-289
-277
-287
-288
-300
-358
-350
-337
-360
-346
-310
-294
-258
-196
-182
-193
-158
-137
-124
-101
-74
-53
5
41
99
115
147
202
218
280
300
346
367
381
412
405
384
404
441
392
397
419
398
445
447
431
450
460
460
479
452
464
453
414
383
344
349
305
305
281
260
263
246
243
240
212
176
149
116
51
-28
-78
-140
-202
-264
-319
-370
-392
-413
-443
-473
-486
-500
-504
-480
-496
-487
-500
-522
-514
-517
-541
-479
-517
-472
-445
-415
-398
-381
-367
-353
-288
-291
-245
-250
-227
-168
-99
-88
-25
43
96
149
199
256
249
274
286
280
304
342
330
334
341
305
348
357
385
383
415
408
396
404
350
332
282
265
217
204
167
132
109
110
81
55
52
30
29
22
-16
-27
-50
-61
-50
-66
-73
-104
-138
-192
-226
-250
-276
-300
-301
-315
-247
-248
-219
-229
-277
-238
-253
-216
-226
-253
-229
-215
-227
-222
-248
-275
-272
-272
-273
-233
-175
-149
-118
-41
-66
-26
7
-8
12
36
42
68
100
111
134
174
177
166
155
163
187
198
212
169
160
152
166
160
163
154
156
198
194
227
257
231
232
176
176
178
175
150
131
124
95
57
47
29
19
15
-27
-14
-12
-21
-20
-39
-21
-21
-57
-37
-16
-46
-46
-45
-75
-53
-33
-46
-43
-19
-3
-25
-13
-11
-17
-17
-7
-10
-7
35
5
-19
-2
0
-5
29
16
21
78
74
103
129
136
151
163
155
177
204
216
249
190
247
254
227
223
210
209
219
195
213
173
156
152
83
100
0
-7
-45
-81
-70
-110
-123
-146
-168
-193
-185
-239
-210
-229
-262
-237
-307
-277
-325
-359
-373
-397
-386
-376
-347
-354
-323
-302
-302
-309
-269
-255
-242
-218
-183
-159
-150
-107
-133
-98
-109
-99
-98
-85
-51
-48
16
34
53
43
55
39
67
80
70
95
93
120
110
85
120
81
51
96
78
122
138
154
181
173
187
182
169
154
134
145
128
133
145
85
95
34
-19
-14
-44
-65
-38
-48
-71
-6
-27
-17
-28
-34
-80
-82
-72
-139
-100
-83
-93
-84
-107
-105
-96
-138
-145
-187
-194
-191
-211
-208
-191
-139
-153
-168
-114
-113
-66
-22
0
14
33
63
101
144
147
221
252
295
352
396
407
421
407
406
419
425
436
419
441
489
473
480
465
456
466
427
440
406
412
374
337
334
298
297
267
243
226
184
160
124
102
59
9
-3
-47
-64
-113
-167
-198
-268
-327
-391
-460
-464
-499
-551
-590
-611
-636
-630
-669
-704
-680
-692
-684
-704
-677
-656
-679
-697
-669
-625
-664
-627
-611
-635
-589
-558
-539
-520
-500
-462
-420
-404
-346
-287
-239
-208
-156
-145
-92
-45
-2
62
64
98
142
235
301
358
425
441
485
521
574
619
619
650
651
726
759
771
763
734
738
713
728
731
729
749
740
740
713
706
703
639
673
693
681
680
648
606
568
501
447
440
418
361
306
285
235
154
122
43
12
-36
-79
-114
-123
-153
-208
-221
-266
-314
-336
-433
-480
-476
-574
-576
-611
-645
-660
-652
-670
-675
-696
-710
-682
-686
-678
-673
-667
-666
-587
-551
-546
-510
-502
-459
-436
-414
-409
-406
-420
-392
-424
-381
-348
-381
-337
-273
-273
-233
-167
-117
-54
-32
-17
-1
42
73
85
86
111
130
130
153
173
202
246
227
281
274
317
340
323
384
354
344
353
359
311
341
335
308
305
356
320
315
313
302
315
275
303
261
236
235
211
187
206
164
146
151
81
68
5
-32
-57
-93
-89
-89
-107
-124
-151
-170
-176
-183
-192
-186
-181
-172
-99
-119
-81
-35
-46
-17
-35
-20
8
37
62
80
70
63
105
109
166
149
144
177
138
188
154
145
195
203
206
227
199
170
200
118
132
80
51
39
20
42
56
13
52
23
3
19
-37
-18
-54
-40
-60
-67
-91
-128
-112
-125
-103
-136
-141
-134
-141
-117
-95
-90
-109
-82
-84
-99
-93
-93
-158
-163
-204
-219
-192
-210
-194
-232
-211
-191
-181
-175
-200
-177
-186
-184
-163
-147
-130
-153
-128
-131
-124
-103
-98
-76
-50
-34
-40
8
-10
21
16
39
70
82
70
108
106
68
104
68
75
51
116
118
109
147
136
160
133
149
101
85
73
42
50
12
20
-1
-18
3
-37
-41
-30
-49
-45
-49
-86
-68
-34
-94
-86
-80
-98
-73
-70
-56
-63
-86
-59
-8
-31
-46
-29
-64
-37
-67
-54
-30
-54
-58
-78
-108
-110
-108
-95
-82
-104
-39
-64
-46
-3
-36
-25
-8
1
43
98
84
109
143
147
182
201
180
212
256
249
296
312
309
342
325
318
309
290
277
269
243
279
255
277
284
253
267
221
230
212
175
185
149
147
107
110
80
79
86
49
81
56
66
82
70
40
25
-15
-18
-1
-41
-30
-27
-58
-55
-81
-115
-137
-186
-209
-237
-269
-269
-281
-278
-297
-267
-248
-271
-261
-232
-245
-218
-186
-193
-147
-131
-130
-118
-127
-112
-85
-60
-49
-18
17
34
49
45
40
52
82
87
88
139
159
169
144
121
90
67
82
73
114
119
129
94
62
60
37
-18
-54
-67
-100
-105
-118
-143
-156
-184
-223
-203
-230
-219
-228
-235
-246
-257
-253
-271
-271
-300
-321
-353
-366
-356
-363
-339
-359
-330
-305
-292
-261
-248
-211
-224
-212
-196
-216
-196
-202
-180
-161
-118
-106
-120
-78
-55
-27
8
-5
27
48
56
98
113
109
128
158
190
242
299
289
299
292
294
250
273
270
268
311
329
341
372
412
417
452
470
489
485
513
511
581
549
549
584
529
548
544
485
491
462
423
458
396
372
352
308
276
224
193
141
106
66
28
-17
-13
-30
-76
-80
-106
-120
-135
-187
-194
-230
-276
-313
-362
-382
-402
-438
-444
-468
-455
-474
-466
-479
-476
-490
-527
-543
-552
-544
-540
-544
-577
-549
-503
-499
-482
-487
-440
-451
-406
-318
-258
-214
-155
-102
-69
-21
-15
26
45
79
107
136
183
186
211
249
291
291
344
346
354
407
397
403
373
408
383
395
370
326
328
298
289
249
244
243
221
221
188
169
148
71
42
-10
-79
-115
-200
-216
-261
-266
-293
-353
-337
-354
-386
-365
-392
-431
-415
-449
-441
-441
-423
-406
-403
-374
-363
-307
-288
-241
-217
-222
-170
-231
-201
-160
-147
-87
-63
-4
57
117
160
205
229
226
265
287
328
358
426
434
463
468
481
496
506
544
567
616
620
641
607
616
585
546
512
479
406
375
391
352
331
300
277
241
267
217
228
203
168
169
137
117
71
65
51
28
25
-5
-29
-20
-34
-87
-92
-158
-159
-161
-241
-218
-267
-315
-302
-318
-340
-365
-388
-424
-442
-460
-508
-475
-505
-490
-451
-443
-432
-401
-365
-336
-302
-278
-229
-217
-214
-187
-189
-183
-147
-156
-152
-144
-140
-129
-129
-130
-184
-175
-184
-173
-156
-146
-153
-150
-98
-79
-66
-56
-46
-17
-2
38
77
92
83
114
100
120
143
138
133
90
90
61
80
57
70
68
80
124
84
101
86
53
42
-10
-10
-19
-41
-34
-63
-72
-88
-75
-81
-67
-47
-73
-49
-42
-37
0
-6
17
18
58
122
114
157
191
199
213
257
266
280
334
353
384
426
449
486
512
517
512
536
502
527
498
508
530
518
497
452
441
415
360
292
272
212
217
169
123
64
-7
-79
-117
-138
-164
-163
-208
-203
-258
-273
-316
-351
-399
-429
-430
-447
-405
-409
-381
-425
-470
-462
-536
-531
-549
-573
-532
-488
-485
-457
-429
-436
-439
-465
-426
-410
-392
-370
-345
-328
-283
-333
-254
-232
-244
-186
-194
-118
-86
-51
-1
-3
-2
-5
13
28
29
46
86
134
148
193
236
223
237
256
252
279
289
306
319
305
313
314
286
293
339
328
372
388
363
380
365
367
368
391
375
378
414
407
418
415
400
367
323
310
283
255
261
225
201
179
150
141
95
44
39
-26
-51
-117
-167
-203
-282
-281
-337
-358
-341
-368
-387
-378
-369
-368
-370
-346
-352
-346
-348
-307
-334
-337
-315
-301
-246
-243
-196
-182
-157
-171
-162
-135
-137
-76
-86
-61
-14
-33
-3
56
88
133
169
198
247
247
287
290
250
276
300
269
218
238
198
180
170
151
147
140
115
78
116
67
56
23
-3
-10
0
0
-17
-19
-58
-19
-51
-73
-91
-126
-154
-135
-163
-164
-174
-187
-191
-209
-185
-217
-230
-254
-270
-294
-307
-303
-324
-318
-325
-289
-300
-276
-264
-263
-231
-244
-228
-198
-157
-163
-110
-151
-125
-113
-101
-79
-83
-63
-71
-43
-26
2
11
44
82
102
118
153
189
133
180
209
183
224
219
206
236
264
286
304
324
360
322
373
387
390
422
415
442
446
455
447
458
432
409
396
357
367
319
301
270
229
197
164
169
182
159
177
205
154
151
147
81
50
64
32
27
32
25
-8
-45
-35
-90
-111
-133
-148
-144
-164
-120
-125
-148
-131
-158
-140
-137
-130
-126
-108
-97
-93
-89
-98
-95
-80
-90
-118
-102
-96
-113
-103
-89
-79
-24
-1
18
12
24
-4
-38
-19
-62
-67
-78
-96
-51
-102
-110
-121
-182
-206
-222
-225
-212
-214
-216
-229
-183
-197
-248
-205
-250
-256
-246
-239
-252
-260
-267
-290
-284
-294
-319
-296
-294
-315
-286
-296
-253
-289
-264
-240
-256
-257
-195
-206
-198
-153
-148
-101
-96
-69
-34
-59
-47
-17
-63
-18
-30
11
58
57
94
110
144
136
164
191
221
205
215
240
238
281
261
252
252
246
273
284
270
335
323
328
351
349
338
322
311
261
284
207
224
195
102
131
78
22
-6
-36
-58
-65
-62
-71
-72
-29
-37
-2
-2
39
20
15
33
6
46
28
40
46
103
92
109
112
72
114
84
95
57
28
23
-16
-23
-48
-40
-34
-35
-31
-40
15
32
29
64
94
70
96
118
104
94
128
74
86
80
86
81
85
100
72
95
28
25
-34
-50
-68
-48
-24
-81
-47
-47
-63
-61
-68
-56
-109
-88
-63
-100
-57
-34
-40
-41
-81
-98
-106
-99
-99
-91
-92
-104
-102
-91
-111
-111
-132
-91
-86
-114
-79
-66
-54
-43
-41
-64
-83
-115
-123
-147
-179
-139
-164
-122
-103
-121
-66
-100
-85
-61
-75
-106
-64
-73
-99
-113
-135
-179
-167
-149
-135
-93
-78
-28
-49
-10
-17
-2
3
8
44
15
49
66
88
101
96
129
133
151
159
185
85
93
26
8
-30
-99
-73
-151
-112
-180
-105
-105
-30
-1
79
166
222
288
340
393
386
431
445
431
389
326
308
250
153
115
-16
-47
-173
-251
-301
-321
-373
-388
-341
-358
-355
-328
-245
-227
-229
-244
-200
-197
-198
-163
-111
-63
-20
70
234
294
371
452
530
624
658
752
813
805
785
793
773
747
705
631
549
465
374
332
261
206
146
106
79
21
-56
-119
-222
-389
-577
-756
-890
-1064
-1213
-1336
-1405
-1407
-1444
-1349
-1251
-1210
-1048
-945
-778
-619
-474
-360
-118
41
191
372
492
573
682
798
822
890
865
860
869
899
892
908
871
846
874
879
803
767
721
650
577
527
484
446
411
432
407
385
406
398
389
370
303
206
116
6
-96
-135
-234
-328
-403
-536
-603
-824
-1047
-1213
-1425
-1730
-1933
-2149
-2333
-2520
-2593
-2588
-2541
-2443
-2283
-1991
-1697
-1405
-1157
-825
-538
-356
-115
148
393
551
739
976
1107
1254
1367
1508
1627
1745
1866
2011
2112
2118
2059
1972
1820
1613
1309
1024
778
375
31
-178
-408
-680
-805
-888
-901
-939
-833
-782
-641
-459
-412
-192
-49
88
115
132
180
164
141
119
101
118
109
218
355
572
777
1107
1445
1828
2225
2515
2838
3065
3192
3217
3227
3129
3040
2756
2496
2193
1816
1472
1104
789
435
197
-34
-227
-335
-532
-719
-922
-1211
-1529
-1868
-2256
-2728
-3240
-3794
-4297
-4753
-5187
-5530
-5698
-5708
-5515
-5240
-4785
-4195
-3554
-2858
-2138
-1437
-806
-239
227
685
1029
1331
1525
1747
1917
2084
2299
2539
2734
2918
3196
3371
3522
3583
3531
3421
3254
2941
2500
2017
1466
911
321
-238
-711
-1246
-1706
-2051
-2253
-2441
-2519
-2467
-2389
-2312
-2167
-2025
-1941
-1781
-1716
-1647
-1552
-1437
-1291
-1060
-824
-516
-140
282
790
1399
1965
2504
3137
3674
4154
4546
4823
5008
5112
5041
4850
4611
4301
3865
3295
2811
2275
1759
1249
807
392
-23
-361
-689
-948
-1246
-1635
-2107
-2485
-2867
-3414
-4010
-4561
-5028
-5529
-5879
-6060
-6083
-5984
-5829
-5323
-4673
-4000
-3320
-2597
-1941
-1318
-776
-242
291
633
976
1265
1705
2147
2445
2837
3251
3635
3973
4232
4521
4597
4471
4312
4161
3908
3505
3097
2634
2182
1589
1035
496
-96
-618
-1156
-1601
-1905
-2129
-2295
-2433
-2529
-2509
-2476
-2409
-2318
-2278
-2266
-2181
-2119
-2034
-2057
-2107
-2032
-1935
-1826
-1621
-1212
-816
-369
203
1000
1828
2557
3228
3856
4348
4644
4889
4982
4984
4727
4370
4125
3722
3153
2731
2233
1742
1250
832
528
195
-195
-513
-702
-803
-972
-1181
-1264
-1548
-1934
-2316
-2744
-3121
-3774
-4528
-5135
-5575
-6012
-6266
-6227
-6017
-5663
-5133
-4263
-3342
-2447
-1753
-1016
-288
263
733
1260
1761
2066
2369
2722
3118
3368
3558
3835
4130
4394
4597
4829
4994
4862
4749
4449
4182
3768
3117
2376
1561
742
-185
-990
-1823
-2609
-3297
-3854
-4196
-4392
-4439
-4498
-4478
-4294
-4068
-3798
-3457
-3023
-2718
-2481
-2240
-1993
-1753
-1561
-1516
-1333
-1076
-746
-435
10
500
1103
1789
2540
3379
4079
4799
5368
5901
6210
6348
6265
6102
5747
5317
4747
4166
3587
2906
2291
1689
1199
702
343
26
-204
-412
-620
-722
-925
-1150
-1374
-1648
-1957
-2284
-2660
-3039
-3475
-4040
-4363
-4588
-5091
-5409
-5538
-5682
-5717
-5469
-4977
-4414
-3798
-3154
-2190
-1386
-626
-3
489
997
1262
1569
1907
2278
2489
2688
3099
3470
3770
4034
4254
4390
4410
4366
4231
3969
3488
2808
2126
1337
499
-413
-1413
-2259
-3117
-3915
-4468
-4948
-5307
-5519
-5700
-5691
-5468
-5142
-4786
-4408
-3976
-3428
-2935
-2391
-1906
-1502
-1095
-685
-155
278
666
946
1311
1694
2055
2402
2749
3160
3614
4008
4579
5183
5538
5915
6133
6262
6302
6183
5917
5493
4970
4376
3821
3306
2694
2041
1478
967
563
180
-99
-302
-613
-763
-935
-1063
-1236
-1448
-1565
-1722
-1867
-2034
-2131
-2209
-2395
-2506
-2686
-2841
-2983
-3082
-3204
-3527
-3805
-4074
-4239
-4529
-4567
-4408
-4117
-3783
-3373
-2709
-2015
-1457
-887
-320
170
647
1087
1579
2013
2299
2455
2744
3019
3164
3289
3353
3334
3261
3089
2855
2460
2010
1423
816
242
-394
-1083
-1762
-2389
-3016
-3553
-3953
-4250
-4388
-4415
-4325
-4037
-3752
-3334
-3010
-2536
-2108
-1698
-1137
-738
-338
-13
347
773
1090
1391
1741
2026
2382
2692
3007
3330
3477
3665
3842
4009
4171
4311
4284
4265
4353
4340
4270
4050
3805
3444
2975
2572
2061
1612
1003
414
-102
-543
-886
-1257
-1476
-1687
-1794
-1837
-1774
-1746
-1682
-1715
-1589
-1512
-1512
-1491
-1470
-1440
-1471
-1387
-1382
-1415
-1607
-1573
-1629
-1915
-2260
-2558
-2779
-3175
-3391
-3451
-3297
-3362
-3158
-2698
-2169
-1577
-1106
-499
-6
471
829
1287
1687
1804
1841
1903
2029
2104
2076
2083
2022
1917
1890
1755
1611
1476
1125
827
638
272
-169
-543
-1001
-1422
-1789
-1992
-2126
-2162
-2073
-2034
-1810
-1513
-1172
-882
-513
-128
296
790
1298
1720
1980
2378
2619
2887
3055
3068
2969
2736
2421
2027
1663
1106
662
108
-347
-600
-805
-834
-903
-773
-760
-617
-559
-403
-305
-392
-412
-549
-593
-736
-922
-1139
-1169
-1191
-1137
-960
-731
-458
-44
428
922
1434
1868
2365
2807
3216
3528
3836
4027
4106
4052
4018
3817
3487
3050
2392
1790
1131
420
-447
-1337
-2209
-3013
-3823
-4432
-4861
-5176
-5559
-5669
-5640
-5494
-5287
-5203
-5000
-4928
-4770
-4604
-4357
-4145
-3977
-3698
-3391
-2912
-2484
-2006
-1425
-944
-383
294
892
1379
1683
1881
2175
2394
2571
2636
2653
2614
2669
2818
2996
3240
3389
3543
3707
4035
4339
4485
4443
4397
4326
4128
3931
3649
3249
2690
2102
1625
1125
580
-98
-675
-1327
-1959
-2470
-2963
-3417
-3817
-4113
-4291
-4161
-3996
-3781
-3523
-3078
-2541
-1923
-1406
-858
-303
101
507
859
1239
1537
1748
2020
2440
2780
3121
3500
3936
4310
4605
5015
5481
5801
6007
6090
6119
6022
5735
5325
4804
4136
3376
2572
1833
993
122
-802
-1729
-2596
-3395
-4254
-5183
-6043
-6782
-7536
-8221
-8620
-8931
-9119
-9169
-8965
-8583
-8123
-7571
-6990
-6446
-5757
-5090
-4379
-3682
-3096
-2425
-1753
-985
-128
703
1468
2339
3153
3952
4763
5403
5929
6276
6511
6715
6814
6778
6567
6289
6003
5603
5246
4864
4390
3876
3376
2935
2562
2134
1678
1201
695
164
-215
-648
-1169
-1650
-2132
-2505
-2812
-3158
-3601
-3915
-4255
-4601
-4808
-4957
-4957
-4850
-4649
-4353
-3906
-3302
-2613
-1864
-1024
-121
854
1811
2661
3500
4167
4668
5132
5512
5803
5925
5970
5996
6004
5901
5765
5639
5520
5385
5235
5162
5133
4911
4565
4124
3610
3020
2249
1402
576
-342
-1375
-2194
-2985
-3806
-4489
-5070
-5680
-6157
-6556
-6932
-7383
-7784
-8177
-8432
-8653
-8754
-8635
-8551
-8214
-7734
-7066
-6261
-5413
-4544
-3682
-2812
-1918
-1090
-189
614
1380
2170
2907
3709
4416
5072
5670
6141
6552
6883
7044
7028
6902
6667
6286
5982
5603
5021
4517
3966
3385
2894
2392
1958
1452
996
503
94
-352
-807
-1341
-1846
-2389
-2765
-3063
-3447
-3685
-4081
-4261
-4337
-4391
-4418
-4417
-4322
-4191
-4022
-3715
-3452
-3156
-2733
-2283
-1647
-934
-122
717
1444
2251
3126
3928
4621
5236
5709
6085
6409
6524
6671
6603
6469
6266
6044
5850
5567
5279
4955
4606
4245
3892
3533
3140
2600
2020
1419
791
46
-758
-1619
-2491
-3295
-4058
-4664
-5205
-5732
-6072
-6362
-6655
-6931
-7066
-7229
-7502
-7812
-7979
-8095
-8205
-8175
-7931
-7554
-7159
-6554
-5731
-4837
-3949
-3076
-2183
-1264
-436
451
1227
1937
2636
3238
3872
4435
4985
5416
5828
6207
6515
6771
6810
6752
6547
6227
5885
5516
5090
4553
4005
3356
2801
2196
1594
937
346
-202
-664
-1066
-1523
-1945
-2322
-2783
-3247
-3453
-3641
-3888
-4101
-4235
-4210
-4161
-4100
-4006
-3841
-3692
-3538
-3232
-2855
-2563
-2198
-1690
-1100
-449
314
1096
1878
2710
3449
4318
5061
5703
6263
6741
7083
7283
7400
7381
7262
6929
6656
6326
5928
5513
5062
4589
4063
3485
2949
2415
1833
1244
652
77
-584
-1374
-2226
-3043
-3912
-4744
-5503
-6078
-6538
-6862
-7074
-7084
-7120
-7105
-7040
-6957
-6890
-6966
-6950
-6906
-6935
-6903
-6714
-6402
-5962
-5439
-4725
-3954
-3117
-2283
-1473
-657
-5
704
1358
1887
2405
2868
3324
3776
4175
4545
4943
5237
5462
5686
5723
5712
5539
5269
4922
4454
4020
3535
2935
2350
1846
1300
795
257
-215
-685
-1089
-1532
-1879
-2144
-2498
-2848
-3087
-3223
-3421
-3500
-3693
-3815
-3809
-3837
-3722
-3462
-3205
-2936
-2672
-2338
-1903
-1602
-1234
-705
-189
431
1115
1857
2613
3388
4084
4786
5420
5934
6375
6678
6831
6817
6817
6649
6380
5969
5513
5052
4497
4021
3523
3041
2643
2187
1755
1417
1080
738
338
-108
-625
-1234
-1792
-2398
-3060
-3722
-4242
-4579
-4809
-4773
-4640
-4503
-4247
-4101
-4025
-3965
-3971
-4226
-4607
-4932
-5281
-5565
-5871
-6049
-5991
-5794
-5593
-5148
-4513
-3831
-3164
-2485
-1774
-1103
-434
295
913
1583
2197
2732
3371
3894
4413
4782
5053
5347
5515
5636
5564
5354
5081
4795
4398
3964
3540
3074
2540
1978
1545
1119
670
147
-321
-779
-1265
-1761
-2216
-2710
-3224
-3737
-4181
-4573
-4883
-5077
-5231
-5337
-5388
-5254
-5107
-4952
-4722
-4536
-4289
-4007
-3620
-3187
-2643
-2008
-1278
-433
523
1494
2444
3379
4266
5178
5924
6587
7119
7522
7762
7870
7866
7726
7507
7159
6729
6350
5922
5461
4957
4498
4096
3645
3240
2836
2314
1669
1038
314
-448
-1307
-2154
-2945
-3667
-4177
-4584
-4790
-4825
-4840
-4720
-4600
-4536
-4643
-4817
-5002
-5363
-5762
-6193
-6570
-6864
-7059
-7005
-6807
-6515
-6059
-5439
-4637
-3771
-2865
-2020
-1181
-334
466
1209
1969
2703
3328
3924
4429
4893
5285
5572
5750
5832
5859
5834
5718
5497
5141
4744
4360
3838
3398
2933
2363
1791
1202
618
-23
-582
-1181
-1794
-2401
-3039
-3557
-4098
-4672
-5075
-5477
-5759
-5895
-5999
-5940
-5888
-5687
-5408
-5089
-4623
-4250
-3799
-3279
-2731
-2150
-1535
-925
-279
509
1277
2132
3019
3881
4710
5456
6263
7007
7503
7830
8013
8090
8032
7746
7418
6977
6341
5605
4975
4354
3724
3118
2598
2209
1935
1699
1492
1308
910
451
-192
-813
-1557
-2367
-3126
-3808
-4277
-4573
-4760
-4730
-4675
-4580
-4428
-4297
-4203
-4260
-4379
-4635
-4926
-5295
-5632
-5931
-6119
-6257
-6185
-5916
-5604
-5165
-4592
-3869
-3081
-2283
-1505
-742
4
739
1437
2110
2732
3320
3871
4399
4827
5206
5371
5396
5438
5329
5182
5039
4761
4426
4031
3700
3345
2953
2568
2117
1703
1149
644
139
-547
-1218
-1952
-2697
-3355
-4046
-4657
-5201
-5690
-6023
-6221
-6240
-6294
-6256
-6076
-5891
-5540
-5194
-4782
-4354
-4002
-3513
-2933
-2308
-1704
-1013
-274
508
1366
2225
3096
3924
4717
5426
6185
6924
7487
7892
8248
8434
8505
8422
8214
7850
7428
6964
6464
5907
5478
5009
4536
4171
3790
3427
3065
2593
1971
1369
636
-170
-947
-1687
-2361
-2965
-3467
-3912
-4238
-4540
-4781
-4917
-5169
-5475
-5772
-6072
-6315
-6528
-6768
-6854
-6953
-6886
-6760
-6585
-6266
-5862
-5414
-4915
-4261
-3566
-2799
-2045
-1340
-593
103
832
1639
2345
3081
3670
4261
4761
5235
5588
5722
5817
5746
5576
5376
4978
4526
4003
3362
2779
2145
1474
784
83
-742
-1468
-2200
-2928
-3633
-4292
-4894
-5481
-5980
-6384
-6708
-6933
-7052
-7108
-7049
-6862
-6659
-6445
-6111
-5676
-5215
-4663
-4060
-3462
-2753
-2001
-1115
-293
538
1385
2341
3328
4188
5055
5903
6646
7399
8058
8640
9136
9463
9660
9790
9813
9630
9333
8912
8370
7727
7089
6442
5747
5002
4384
3783
3239
2740
2097
1402
671
-214
-1134
-2017
-2933
-3793
-4566
-5162
-5621
-5837
-6013
-6027
-5915
-5778
-5687
-5592
-5568
-5750
-5923
-6068
-6234
-6398
-6444
-6370
-6266
-6159
-5861
-5505
-5062
-4499
-3864
-3116
-2190
-1297
-373
481
1260
2043
2684
3371
3852
4286
4601
4777
4907
4990
4961
4766
4607
4376
4191
3944
3560
3168
2665
2204
1548
937
206
-537
-1295
-2063
-2701
-3419
-4001
-4599
-5155
-5577
-6021
-6292
-6511
-6718
-6880
-6932
-6858
-6792
-6651
-6501
-6309
-6032
-5658
-5170
-4596
-3960
-3324
-2594
-1739
-778
186
1129
2137
3133
4086
5014
5911
6761
7550
8224
8870
9501
9912
10193
10316
10307
10124
9785
9366
8840
8202
7451
6717
6048
5320
4559
3858
3265
2658
2018
1370
620
-169
-1041
-1989
-2899
-3799
-4646
-5388
-6055
-6535
-6863
-6985
-7053
-6980
-6873
-6801
-6636
-6591
-6623
-6570
-6504
-6430
-6372
-6268
-6110
-5827
-5478
-5182
-4690
-4182
-3546
-2747
-1821
-855
158
1154
2136
3130
4007
4776
5424
5850
6102
6296
6258
6120
5898
5500
5059
4510
4071
3685
3244
2806
2321
1762
1296
751
198
-436
-1177
-1811
-2481
-3178
-3909
-4585
-5256
-5918
-6450
-6914
-7227
-7396
-7574
-7574
-7509
-7417
-7212
-6888
-6546
-6119
-5532
-4869
-4115
-3286
-2479
-1583
-679
236
1221
2116
3059
3949
4796
5621
6380
7158
7839
8469
9066
9607
10137
10448
10612
10626
10519
10164
9665
9026
8308
7417
6435
5446
4495
3525
2543
1721
957
251
-567
-1280
-2041
-2815
-3638
-4498
-5229
-5998
-6665
-7136
-7474
-7724
-7833
-7876
-7763
-7615
-7489
-7293
-7117
-7016
-6829
-6612
-6269
-5909
-5543
-5150
-4682
-4110
-3612
-3005
-2370
-1574
-750
114
1030
1980
2945
3687
4393
5061
5542
5938
6252
6336
6348
6246
6069
5904
5658
5360
5033
4643
4213
3734
3172
2544
1840
1070
317
-465
-1276
-2099
-2880
-3744
-4482
-5212
-5899
-6491
-7116
-7509
-7908
-8132
-8241
-8246
-8157
-7966
-7698
-7363
-6964
-6493
-5926
-5360
-4614
-3803
-2905
-2005
-1050
-106
817
1788
2687
3592
4503
5322
6130
6920
7637
8311
8906
9402
9844
10190
10474
10636
10598
10402
10136
9733
9101
8379
7573
6657
5617
4573
3616
2694
1823
1028
305
-390
-1061
-1771
-2486
-3265
-4057
-4826
-5595
-6267
-6911
-7365
-7651
-7819
-7829
-7678
-7370
-6986
-6586
-6163
-5636
-5256
-4917
-4574
-4234
-3879
-3618
-3362
-3051
-2591
-2205
-1797
-1189
-510
165
894
1701
2559
3355
3947
4503
4864
5127
5274
5250
5121
4885
4561
4138
3754
3389
3033
2633
2210
1806
1443
1001
461
-138
-764
-1423
-2135
-2861
-3535
-4306
-5138
-5845
-6481
-6933
-7342
-7721
-7981
-8041
-8013
-7893
-7706
-7506
-7195
-6845
-6347
-5857
-5338
-4788
-4245
-3543
-2821
-1987
-1157
-292
573
1512
2449
3326
4273
5100
5869
6627
7403
8114
8737
9309
9771
10130
10406
10603
10700
10646
10397
10077
9640
8974
8208
7318
6299
5211
4100
3049
2067
1189
332
-410
-1111
-1818
-2486
-3185
-3790
-4457
-5162
-5793
-6331
-6771
-7230
-7445
-7523
-7534
-7359
-7038
-6544
-6017
-5434
-4762
-4043
-3333
-2772
-2187
-1514
-976
-623
-308
-65
188
359
514
879
1247
1563
1994
2490
3017
3425
3712
3988
4060
4063
4031
3824
3584
3149
2645
2122
1574
1108
529
48
-411
-887
-1325
-1706
-2146
-2694
-3230
-3765
-4270
-4758
-5234
-5768
-6262
-6770
-7149
-7466
-7781
-7958
-8127
-8089
-7922
-7652
-7234
-6812
-6249
-5594
-4868
-4108
-3311
-2502
-1784
-909
-16
908
1778
2581
3239
3948
4638
5267
5935
6448
6958
7456
8049
8580
9091
9551
9801
10027
10113
10124
10033
9746
9282
8707
7980
7067
6108
4998
3889
2738
1724
908
129
-480
-973
-1511
-1936
-2392
-2895
-3388
-3963
-4497
-5049
-5441
-5709
-5956
-6027
-5904
-5688
-5415
-5070
-4680
-4197
-3672
-3191
-2630
-2034
-1569
-1159
-694
-206
129
336
459
470
446
379
404
529
547
672
859
1153
1408
1579
1683
1741
1677
1587
1573
1371
1078
716
341
-99
-531
-916
-1305
-1717
-2088
-2391
-2702
-3052
-3437
-3792
-4146
-4433
-4715
-4981
-5182
-5392
-5582
-5705
-5743
-5843
-5900
-5913
-5894
-5686
-5436
-5158
-4831
-4450
-3994
-3468
-2893
-2215
-1528
-910
-210
480
1293
2126
2878
3606
4315
4960
5541
6177
6631
7051
7457
7861
8268
8608
8934
9160
9327
9400
9385
9293
9020
8527
7951
7291
6461
5510
4525
3431
2295
1155
132
-781
-1553
-2205
-2746
-3177
-3603
-3953
-4324
-4713
-5129
-5531
-5880
-6066
-6182
-6158
-6088
-5871
-5478
-5089
-4614
-4118
-3548
-2932
-2229
-1527
-799
-221
360
859
1393
1710
1753
1764
1578
1450
1203
994
894
788
698
706
828
997
1092
1104
1146
1103
1099
1011
775
493
148
-263
-671
-1053
-1399
-1758
-2112
-2427
-2703
-2913
-3149
-3298
-3427
-3552
-3642
-3721
-3765
-3887
-4058
-4191
-4303
-4405
-4519
-4632
-4716
-4776
-4728
-4561
-4333
-4002
-3571
-3152
-2638
-1995
-1375
-745
-77
592
1303
2004
2767
3394
4020
4560
5023
5528
5967
6361
6635
6877
7161
7469
7725
7925
8082
8161
8138
8031
7828
7513
7011
6391
5763
5015
4150
3269
2284
1311
349
-548
-1244
-1803
-2227
-2602
-2896
-3185
-3394
-3577
-3737
-3901
-4105
-4130
-4004
-3869
-3720
-3634
-3424
-3120
-2872
-2653
-2336
-1963
-1616
-1110
-567
14
516
905
1303
1625
1739
1634
1340
931
516
76
-343
-561
-799
-1026
-1003
-921
-829
-774
-671
-666
-676
-684
-719
-850
-1112
-1430
-1760
-2057
-2332
-2591
-2788
-2956
-3132
-3205
-3263
-3339
-3384
-3400
-3433
-3423
-3364
-3357
-3398
-3479
-3585
-3742
-3867
-3974
-4076
-4101
-4057
-3928
-3677
-3365
-3057
-2648
-2151
-1647
-1067
-461
121
736
1366
2004
2716
3374
3934
4431
4916
5324
5641
5988
6231
6425
6632
6808
7063
7297
7393
7525
7582
7553
7521
7354
7140
6761
6304
5766
5165
4436
3665
2799
1927
1106
323
-280
-775
-1196
-1591
-1873
-2017
-2199
-2342
-2485
-2682
-2819
-2925
-2976
-3066
-3124
-3188
-3128
-3009
-2893
-2709
-2465
-2160
-1783
-1386
-979
-525
-106
212
532
757
910
868
573
293
-50
-524
-918
-1247
-1483
-1710
-1840
-1748
-1648
-1539
-1391
-1254
-1193
-1103
-1027
-1029
-1142
-1257
-1445
-1624
-1723
-1935
-2019
-2177
-2358
-2441
-2492
-2513
-2545
-2502
-2527
-2486
-2475
-2506
-2503
-2622
-2786
-2956
-3146
-3320
-3528
-3680
-3830
-3857
-3839
-3747
-3542
-3316
-2932
-2515
-1944
-1323
-663
50
643
1280
1888
2457
3010
3428
3750
4074
4373
4633
4896
5087
5219
5428
5706
5974
6258
6468
6605
6784
6856
6882
6858
6738
6421
6034
5600
5001
4320
3464
2608
1728
847
119
-414
-889
-1179
-1433
-1596
-1633
-1708
-1875
-2071
-2267
-2506
-2656
-2787
-2806
-2807
-2803
-2678
-2482
-2233
-2043
-1714
-1442
-1186
-778
-409
-8
373
674
975
1250
1446
1406
1227
952
598
279
21
-233
-495
-689
-854
-966
-954
-955
-912
-942
-951
-905
-910
-911
-1066
-1305
-1494
-1689
-1898
-1966
-2052
-2208
-2368
-2505
-2586
-2677
-2826
-2995
-3101
-3194
-3279
-3329
-3411
-3540
-3750
-3928
-4084
-4212
-4294
-4337
-4348
-4285
-4115
-3885
-3580
-3165
-2690
-2200
-1661
-1019
-429
172
759
1304
1930
2559
3108
3562
4056
4505
4966
5316
5635
5942
6188
6456
6673
6862
7090
7246
7316
7466
7521
7441
7267
7021
6632
6140
5506
4830
4030
3147
2187
1248
340
-518
-1236
-1843
-2243
-2654
-2909
-3149
-3307
-3349
-3494
-3558
-3583
-3579
-3545
-3458
-3316
-3240
-3065
-2833
-2627
-2308
-2034
-1558
-1092
-624
-47
475
1064
1449
1760
2002
2112
2039
1692
1245
720
171
-364
-872
-1286
-1598
-1838
-2009
-2020
-1995
-1990
-1961
-1972
-1957
-2001
-2000
-2075
-2264
-2545
-2725
-2938
-3165
-3289
-3342
-3422
-3477
-3384
-3317
-3193
-3044
-2959
-2802
-2680
-2613
-2514
-2509
-2568
-2659
-2690
-2618
-2630
-2638
-2513
-2387
-2169
-1921
-1615
-1183
-723
-268
269
818
1391
1931
2449
2940
3437
3880
4331
4752
5111
5369
5501
5733
5874
6077
6228
6297
6425
6664
6805
6913
7013
7003
6913
6692
6425
6024
5474
4920
4290
3621
2826
1985
1155
363
-398
-1110
-1661
-2133
-2418
-2556
-2634
-2734
-2803
-2850
-2921
-3012
-3119
-3170
-3232
-3204
-3046
-2835
-2658
-2369
-2021
-1715
-1359
-873
-419
21
454
929
1283
1563
1874
1964
1956
1844
1559
1123
545
-84
-664
-1254
-1880
-2415
-2864
-3214
-3499
-3597
-3612
-3572
-3487
-3443
-3361
-3304
-3226
-3214
-3290
-3357
-3440
-3540
-3647
-3706
-3754
-3773
-3762
-3687
-3506
-3230
-3001
-2778
-2531
-2284
-2048
-1929
-1884
-1844
-1870
-1932
-1966
-2060
-2160
-2144
-2106
-2004
-1787
-1483
-1145
-756
-300
192
724
1300
1952
2570
3132
3594
4048
4558
4941
5232
5509
5667
5836
5984
6151
6280
6400
6562
6722
6883
6994
7049
6987
6792
6515
6139
5665
5102
4459
3752
2962
2129
1313
522
-231
-891
-1461
-1887
-2132
-2248
-2251
-2077
-1893
-1781
-1617
-1530
-1536
-1593
-1679
-1709
-1691
-1602
-1353
-977
-601
-127
356
815
1232
1586
1882
2007
2102
2104
2031
1908
1675
1423
1078
747
313
-296
-971
-1625
-2319
-2978
-3568
-4078
-4515
-4876
-5085
-5138
-5126
-5066
-4979
-4874
-4825
-4806
-4765
-4800
-4817
-4837
-4874
-4853
-4779
-4635
-4554
-4417
-4186
-3937
-3651
-3342
-3073
-2821
-2467
-2150
-1916
-1709
-1607
-1510
-1528
-1520
-1455
-1489
-1495
-1406
-1239
-1038
-642
-244
270
886
1438
2128
2791
3330
3884
4344
4782
5151
5478
5755
5939
6074
6119
6150
6100
6154
6136
6124
6209
6227
6257
6268
6193
6036
5720
5290
4789
4269
3707
3007
2333
1695
1085
510
-40
-511
-899
-1286
-1444
-1501
-1534
-1386
-1210
-960
-692
-527
-502
-508
-516
-619
-717
-792
-871
-800
-575
-222
180
648
1110
1525
1857
2032
2149
2047
1846
1622
1323
1033
640
276
-66
-415
-766
-1233
-1779
-2289
-2908
-3509
-4019
-4527
-4906
-5237
-5505
-5570
-5549
-5484
-5423
-5332
-5216
-5048
-4939
-4806
-4622
-4549
-4348
-4146
-3992
-3724
-3512
-3299
-3123
-2943
-2647
-2416
-2189
-1933
-1728
-1575
-1311
-1152
-1024
-922
-869
-812
-811
-759
-727
-715
-567
-339
-75
266
650
1081
1567
1995
2431
2794
3146
3466
3699
3987
4167
4362
4456
4506
4595
4632
4690
4749
4807
4871
5012
5056
5049
5002
4874
4698
4401
4042
3682
3373
2947
2550
2263
1957
1725
1506
1305
1127
996
792
661
607
522
431
431
517
640
694
735
819
820
772
766
731
769
823
828
977
1145
1268
1417
1525
1502
1464
1273
1108
876
586
262
-66
-386
-749
-1110
-1497
-1811
-2316
-2912
-3532
-4160
-4857
-5486
-5998
-6432
-6768
-6995
-7030
-7067
-6978
-6847
-6660
-6499
-6325
-6058
-5815
-5511
-5148
-4796
-4449
-4085
-3719
-3351
-3042
-2762
-2476
-2195
-1930
-1677
-1507
-1331
-1097
-916
-712
-524
-377
-276
-136
11
144
356
531
755
952
1194
1502
1757
2042
2320
2560
2849
3140
3424
3705
3968
4233
4518
4800
5019
5237
5367
5498
5575
5597
5588
5534
5525
5426
5315
5189
5029
4828
4596
4391
4145
3967
3778
3554
3375
3196
3013
2826
2614
2371
2140
1872
1560
1304
1034
814
644
468
310
250
219
128
114
34
-92
-220
-432
-588
-774
-903
-930
-989
-998
-986
-925
-874
-869
-879
-911
-975
-1135
-1287
-1487
-1760
-2085
-2449
-2816
-3211
-3759
-4277
-4801
-5313
-5749
-6073
-6342
-6557
-6650
-6678
-6569
-6394
-6206
-6028
-5797
-5526
-5266
-4904
-4612
-4321
-4016
-3758
-3423
-3153
-2822
-2434
-2168
-1892
-1613
-1340
-1071
-922
-752
-627
-462
-305
-161
51
163
286
406
549
686
842
1009
1180
1408
1694
1971
2228
2553
2894
3248
3640
4008
4433
4815
5107
5360
5533
5698
5755
5787
5793
5735
5630
5524
5392
5188
4981
4780
4596
4430
4272
4152
4007
3827
3677
3467
3206
2928
2645
2334
2063
1747
1454
1178
923
654
470
345
193
146
15
-42
-48
-43
-49
-98
-33
-38
-101
-147
-185
-273
-360
-413
-416
-356
-358
-315
-312
-332
-367
-501
-693
-906
-1194
-1510
-1882
-2236
-2588
-2946
-3238
-3564
-3920
-4333
-4716
-5176
-5621
-6035
-6420
-6718
-6909
-7044
-7085
-7012
-6843
-6600
-6421
-6203
-5913
-5569
-5167
-4750
-4320
-3860
-3402
-2942
-2496
-2031
-1588
-1171
-781
-397
-80
262
548
747
1009
1153
1374
1598
1773
1907
1966
2035
2167
2261
2290
2343
2440
2486
2679
2873
3027
3254
3486
3705
3918
4136
4307
4376
4374
4388
4395
4348
4263
4220
4148
4100
4039
4040
3941
3904
3883
3830
3836
3770
3680
3539
3428
3259
3040
2820
2592
2312
2090
1883
1667
1452
1287
1151
1016
938
869
838
799
688
660
552
460
407
293
236
134
-3
-157
-349
-560
-795
-1087
-1347
-1601
-1823
-2064
-2269
-2480
-2652
-2824
-2985
-3182
-3348
-3488
-3711
-3869
-4020
-4163
-4277
-4491
-4660
-4803
-4885
-5047
-5262
-5430
-5564
-5666
-5740
-5659
-5555
-5395
-5090
-4780
-4359
-3850
-3444
-2971
-2520
-2042
-1573
-1137
-730
-351
-36
203
406
627
718
799
902
1028
1262
1487
1655
1739
1908
2016
2084
2113
2070
2042
1921
1812
1706
1590
1511
1412
1347
1370
1384
1510
1633
1752
1898
2070
2165
2297
2415
2458
2532
2626
2755
2895
3043
3171
3296
3444
3625
3807
3940
4070
4184
4290
4397
4467
4495
4445
4320
4185
4043
3857
3701
3495
3271
3069
2903
2680
2434
2156
1859
1614
1289
983
653
305
-81
-473
-847
-1239
-1617
-1991
-2329
-2689
-2990
-3327
-3640
-3967
-4305
-4599
-4839
-4902
-5010
-5060
-5030
-4954
-4796
-4673
-4509
-4339
-4171
-3987
-3769
-3551
-3323
-3111
-2890
-2697
-2484
-2362
-2180
-2015
-1984
-1988
-2030
-1969
-2032
-2073
-2066
-2006
-1920
-1758
-1528
-1295
-1030
-809
-627
-444
-314
-226
-173
-174
-218
-221
-272
-412
-439
-470
-533
-523
-487
-429
-286
-237
-182
-82
1
111
256
367
445
615
731
807
932
1002
1086
1226
1416
1726
2064
2410
2789
3244
3744
4186
4635
5054
5367
5591
5843
6034
6207
6292
6319
6319
6211
6172
6085
5912
5741
5530
5347
5119
4867
4592
4222
3863
3497
3093
2789
2386
1914
1455
934
365
-257
-871
-1584
-2287
-2875
-3485
-3985
-4462
-4947
-5313
-5649
-5877
-6068
-6150
-6195
-6130
-6066
-5984
-5846
-5695
-5491
-5301
-5065
-4771
-4442
-4085
-3726
-3240
-2768
-2319
-1785
-1319
-816
-404
17
389
718
990
1104
1249
1353
1339
1287
1125
910
739
401
47
-323
-670
-945
-1284
-1574
-1833
-2038
-2222
-2417
-2560
-2659
-2783
-2869
-2951
-3049
-3101
-3145
-3217
-3289
-3329
-3328
-3265
-3122
-2877
-2529
-2125
-1653
-1109
-536
66
610
1112
1697
2159
2547
2919
3221
3465
3734
4004
4300
4637
4917
5292
5659
6037
6397
6698
6938
7080
7155
7147
7105
6956
6745
6466
6148
5835
5420
5029
4657
4224
3779
3301
2848
2373
1906
1457
1044
681
375
77
-208
-524
-875
-1236
-1716
-2140
-2605
-3086
-3576
-3961
-4329
-4650
-4859
-5022
-5135
-5221
-5177
-5102
-5040
-4966
-4778
-4602
-4374
-4151
-3888
-3653
-3409
-3113
-2896
-2674
-2430
-2171
-1870
-1506
-1147
-772
-319
60
523
860
1116
1398
1549
1680
1679
1639
1526
1425
1189
927
660
368
43
-329
-689
-1072
-1485
-1916
-2333
-2771
-3129
-3504
-3886
-4110
-4298
-4453
-4529
-4511
-4458
-4374
-4296
-4171
-3979
-3747
-3473
-3097
-2655
-2196
-1652
-1123
-531
122
642
1210
1798
2329
2950
3455
3927
4408
4864
5274
5596
5912
6174
6411
6513
6611
6679
6679
6671
6624
6555
6489
6380
6215
5966
5653
5328
4983
4607
4185
3750
3230
2788
2316
1853
1379
908
510
74
-252
-570
-867
-1150
-1410
-1708
-1950
-2132
-2350
-2565
-2768
-2940
-3101
-3250
-3358
-3448
-3523
-3518
-3555
-3613
-3588
-3606
-3621
-3607
-3523
-3399
-3250
-3018
-2803
-2512
-2226
-1925
-1641
-1437
-1155
-926
-724
-469
-243
-106
89
234
393
620
769
941
1104
1251
1360
1387
1327
1196
1011
829
589
370
110
-113
-394
-724
-1065
-1503
-1979
-2496
-2978
-3418
-3851
-4241
-4491
-4704
-4783
-4846
-4905
-4841
-4746
-4628
-4443
-4183
-3844
-3446
-3028
-2576
-2055
-1570
-972
-391
119
705
1300
1865
2437
3075
3627
4137
4606
5089
5483
5859
6151
6346
6456
6473
6438
6340
6155
5869
5575
5201
4798
4401
4047
3696
3337
3022
2676
2433
2123
1885
1577
1305
1060
805
601
394
177
-64
-307
-590
-844
-1135
-1382
-1535
-1681
-1736
-1740
-1717
-1635
-1520
-1425
-1346
-1250
-1201
-1179
-1143
-1133
-1163
-1192
-1294
-1375
-1444
-1512
-1560
-1561
-1530
-1460
-1341
-1257
-1154
-1036
-993
-932
-850
-814
-757
-703
-650
-596
-519
-468
-376
-329
-282
-228
-242
-206
-231
-311
-368
-482
-572
-692
-853
-1008
-1227
-1438
-1654
-1877
-2180
-2380
-2612
-2804
-2927
-3031
-3012
-2957
-2905
-2838
-2732
-2641
-2452
-2286
-2135
-1911
-1698
-1434
-1138
-813
-448
-85
298
695
1037
1435
1784
2070
2374
2586
2842
3062
3295
3589
3793
3968
4145
4237
4306
4311
4217
4157
4027
3871
3695
3468
3213
2934
2648
2337
2081
1837
1585
1413
1222
1064
959
856
788
717
631
545
454
345
170
-7
-207
-398
-593
-798
-985
-1183
-1355
-1507
-1642
-1768
-1889
-1931
-1927
-1839
-1771
-1729
-1675
-1639
-1603
-1644
-1748
-1839
-1915
-1972
-1976
-1992
-1975
-1920
-1788
-1695
-1536
-1390
-1259
-1063
-918
-804
-740
-643
-632
-597
-630
-649
-692
-740
-707
-728
-681
-655
-634
-593
-518
-458
-399
-258
-195
-118
-22
13
61
85
96
74
2
-65
-65
-89
-157
-135
-91
-73
-78
-33
-16
59
111
105
118
104
49
11
-23
-159
-216
-272
-291
-289
-289
-261
-157
-62
101
323
500
763
973
1223
1494
1677
1878
2035
2142
2262
2384
2478
2521
2602
2627
2647
2638
2646
2657
2653
2711
2757
2749
2823
2871
2817
2829
2798
2721
2613
2516
2370
2121
1893
1573
1212
865
527
163
-134
-426
-701
-928
-1168
-1419
-1692
-1964
-2272
-2547
-2836
-3074
-3330
-3571
-3780
-3982
-4173
-4291
-4325
-4336
-4264
-4152
-3982
-3798
-3570
-3335
-3136
-2948
-2746
-2525
-2351
-2192
-1981
-1760
-1568
-1357
-1101
-962
-741
-478
-247
-19
227
480
659
850
1043
1166
1252
1358
1456
1491
1486
1458
1361
1290
1269
1162
1105
1046
907
889
831
833
755
640
626
531
434
311
212
81
-67
-187
-308
-379
-448
-537
-561
-569
-563
-468
-331
-159
56
296
545
839
1058
1297
1516
1709
1973
2204
2417
2634
2830
3000
3158
3302
3472
3613
3733
3891
3955
4050
4097
4035
4018
3935
3825
3605
3431
3174
2867
2530
2106
1670
1177
679
205
-328
-778
-1266
-1736
-2170
-2637
-3016
-3458
-3803
-4152
-4500
-4798
-5104
-5374
-5608
-5776
-5877
-5960
-5992
-5975
-5915
-5743
-5584
-5365
-5070
-4710
-4339
-3911
-3446
-2981
-2535
-2081
-1663
-1174
-765
-398
24
325
651
938
1221
1447
1729
1911
2110
2345
2481
2664
2832
2979
3101
3294
3361
3428
3484
3500
3503
3434
3403
3218
3089
2937
2747
2566
2335
2096
1877
1664
1471
1235
994
732
511
311
27
-185
-446
-678
-879
-1097
-1282
-1411
-1582
-1640
-1711
-1742
-1762
-1723
-1630
-1597
-1514
-1416
-1289
-1116
-862
-641
-331
-37
207
503
765
1046
1327
1541
1769
1969
2128
2292
2395
2487
2505
2510
2555
2524
2506
2479
2395
2264
2099
1803
1560
1277
957
607
265
-103
-548
-931
-1370
-1816
-2238
-2638
-3014
-3337
-3558
-3793
-3998
-4188
-4364
-4427
-4514
-4652
-4664
-4654
-4612
-4543
-4400
-4214
-4000
-3680
-3427
-3091
-2716
-2294
-1939
-1510
-1098
-749
-379
-82
260
561
896
1177
1506
1824
2123
2378
2587
2791
2951
3080
3215
3341
3457
3614
3749
3824
3931
4010
4013
4046
3992
3892
3795
3681
3478
3251
3019
2748
2460
2144
1811
1524
1178
873
538
279
17
-271
-559
-829
-1102
-1363
-1532
-1848
-2050
-2253
-2438
-2524
-2626
-2654
-2608
-2509
-2389
-2201
-2032
-1817
-1607
-1388
-1118
-874
-590
-249
91
423
763
1074
1321
1624
1872
2043
2218
2333
2462
2514
2562
2612
2572
2536
2451
2325
2241
2061
1874
1618
1333
1021
635
268
-149
-607
-1137
-1627
-2120
-2597
-3029
-3442
-3850
-4228
-4555
-4845
-5063
-5174
-5267
-5332
-5304
-5233
-5143
-4994
-4808
-4635
-4371
-4073
-3790
-3397
-3036
-2681
-2281
-1885
-1497
-1071
-631
-215
229
648
1082
1522
1896
2238
2578
2863
3172
3412
3648
3844
4014
4164
4320
4428
4517
4550
4544
4531
4448
4422
4350
4259
4143
3978
3772
3555
3345
3047
2748
2511
2184
1882
1615
1228
900
601
254
-92
-436
-708
-994
-1269
-1506
-1761
-1978
-2197
-2350
-2469
-2524
-2540
-2465
-2357
-2256
-2083
-1888
-1644
-1440
-1252
-1006
-776
-542
-340
-165
28
282
493
709
850
1037
1207
1289
1384
1413
1447
1423
1380
1337
1244
1130
1017
834
615
429
189
-108
-312
-578
-861
-1116
-1419
-1723
-2054
-2338
-2597
-2848
-3074
-3257
-3372
-3444
-3470
-3499
-3501
-3474
-3351
-3231
-3067
-2883
-2721
-2521
-2341
-2151
-1926
-1694
-1472
-1179
-885
-630
-315
-69
208
491
711
941
1127
1295
1458
1581
1682
1753
1828
1931
1929
1951
1954
1959
1955
1953
1954
1922
1950
1983
1964
1973
1983
1944
1894
1909
1889
1811
1792
1656
1580
1521
1426
1335
1254
1230
1176
1158
1071
1058
1013
913
901
857
742
652
606
505
441
333
246
115
-9
-23
-121
-140
-99
-142
-105
-13
74
130
153
186
163
119
56
-36
-160
-253
-360
-452
-537
-574
-616
-657
-655
-675
-619
-600
-570
-524
-609
-592
-618
-678
-728
-800
-932
-1090
-1196
-1333
-1378
-1536
-1634
-1674
-1727
-1746
-1712
-1688
-1671
-1592
-1556
-1457
-1424
-1453
-1456
-1461
-1462
-1491
-1510
-1523
-1552
-1573
-1552
-1596
-1514
-1403
-1317
-1205
-1113
-983
-849
-709
-621
-567
-482
-401
-350
-247
-142
-56
42
113
197
366
497
685
859
1029
1213
1408
1605
1802
2029
2204
2383
2572
2744
2849
2931
2960
2970
3001
2981
2973
2898
2767
2718
2668
2587
2503
2435
2311
2245
2203
2101
2012
1913
1756
1575
1470
1240
967
748
497
271
72
-161
-338
-513
-668
-820
-979
-1076
-1216
-1305
-1386
-1406
-1466
-1480
-1582
-1749
-1820
-1933
-2001
-2058
-2088
-2104
-2086
-2034
-2007
-1944
-1890
-1740
-1640
-1503
-1348
-1215
-1042
-1010
-959
-945
-941
-921
-939
-940
-889
-907
-856
-810
-748
-610
-523
-370
-279
-166
-59
8
7
-14
3
-95
-118
-163
-200
-221
-240
-188
-194
-156
-113
-133
-148
-159
-181
-205
-212
-253
-306
-314
-316
-288
-303
-285
-233
-221
-176
-53
-1
139
249
376
535
633
821
884
1045
1161
1270
1408
1470
1573
1659
1696
1772
1770
1820
1880
1900
1931
1948
1965
1945
1923
1928
1912
1823
1779
1693
1592
1511
1402
1287
1214
1144
1023
918
816
660
556
404
230
57
-141
-326
-480
-698
-863
-1004
-1123
-1218
-1320
-1454
-1543
-1580
-1707
-1736
-1836
-1916
-1940
-1995
-1969
-1974
-1911
-1874
-1860
-1794
-1758
-1704
-1617
-1528
-1467
-1360
-1250
-1107
-990
-852
-797
-715
-635
-558
-486
-399
-303
-208
-138
-42
82
162
215
282
349
333
346
286
266
199
111
77
13
-37
-67
-107
-173
-217
-267
-274
-275
-302
-354
-362
-418
-480
-502
-599
-628
-660
-701
-649
-581
-486
-365
-262
-135
24
157
333
535
679
879
1055
1246
1455
1666
1863
2098
2275
2441
2623
2781
2910
2993
3075
3124
3208
3205
3212
3162
3110
2980
2869
2794
2687
2551
2404
2236
2016
1864
1622
1387
1189
920
683
469
219
-43
-333
-623
-904
-1199
-1447
-1632
-1836
-2017
-2187
-2389
-2556
-2677
-2843
-2984
-3054
-3155
-3156
-3195
-3145
-3130
-3081
-3016
-2953
-2792
-2755
-2609
-2484
-2387
-2258
-2102
-1938
-1805
-1642
-1523
-1326
-1130
-936
-753
-551
-364
-175
-17
116
276
341
412
454
432
474
497
493
459
442
407
367
381
345
319
318
315
271
251
210
188
102
-21
-101
-217
-268
-345
-409
-431
-457
-471
-417
-373
-351
-307
-305
-239
-193
-97
-9
87
238
348
502
660
807
989
1123
1232
1362
1485
1669
1863
2029
2213
2403
2548
2704
2858
2925
3007
3085
3134
3136
3135
3053
2973
2824
2652
2515
2347
2152
1919
1707
1490
1269
1021
781
479
207
-39
-334
-524
-767
-986
-1172
-1363
-1483
-1687
-1833
-1987
-2170
-2243
-2370
-2436
-2481
-2518
-2501
-2458
-2336
-2259
-2164
-2051
-1974
-1874
-1752
-1702
-1617
-1485
-1373
-1263
-1133
-986
-867
-727
-589
-462
-384
-263
-208
-151
-113
-61
-31
-38
-5
-8
66
63
83
119
97
49
20
-52
-103
-148
-240
-282
-362
-423
-471
-516
-550
-558
-577
-593
-578
-594
-602
-612
-644
-649
-649
-655
-650
-645
-561
-442
-394
-270
-166
-84
46
153
262
364
506
594
668
749
827
926
1001
1112
1250
1328
1428
1546
1615
1690
1795
1912
1993
2143
2237
2377
2396
2400
2368
2267
2247
2147
2052
1957
1845
1714
1617
1528
1386
1258
1073
853
670
437
196
-18
-307
-508
-674
-903
-1024
-1192
-1334
-1522
-1588
-1700
-1810
-1813
-1878
-1889
-1892
-1923
-1924
-1860
-1846
-1800
-1750
-1731
-1697
-1642
-1569
-1515
-1485
-1373
-1331
-1205
-1042
-928
-767
-611
-494
-366
-249
-210
-112
-46
31
82
172
316
389
516
549
636
718
809
877
914
984
1005
1048
1027
1033
1034
946
898
816
739
678
574
505
451
402
338
278
230
195
139
47
12
-46
-46
-91
-137
-157
-212
-213
-285
-255
-333
-360
-365
-356
-307
-272
-198
-208
-180
-193
-186
-134
-105
-18
36
81
222
323
461
545
631
718
786
908
964
1030
1110
1186
1243
1303
1344
1307
1331
1236
1151
1045
894
712
467
255
49
-199
-397
-570
-769
-882
-1038
-1173
-1283
-1411
-1562
-1680
-1800
-1905
-1977
-2067
-2119
-2117
-2175
-2183
-2130
-2109
-2080
-2031
-1970
-1892
-1767
-1653
-1523
-1418
-1243
-1075
-986
-807
-655
-515
-385
-264
-114
-6
108
211
350
440
579
645
736
839
940
1031
1097
1209
1269
1343
1426
1473
1524
1558
1554
1559
1557
1588
1607
1622
1613
1575
1617
1564
1545
1529
1462
1463
1390
1335
1259
1148
1021
884
693
551
441
274
200
159
89
0
-4
-60
-122
-153
-207
-266
-307
-321
-311
-254
-214
-204
-157
-63
22
64
79
127
123
171
223
252
302
371
414
420
497
507
559
578
592
611
584
535
442
343
215
72
-84
-185
-317
-429
-519
-617
-722
-861
-972
-1118
-1311
-1460
-1611
-1749
-1872
-1978
-2119
-2205
-2274
-2367
-2424
-2424
-2441
-2443
-2395
-2393
-2301
-2223
-2184
-2070
-2003
-1887
-1770
-1642
-1552
-1453
-1321
-1245
-1118
-1026
-897
-710
-550
-308
-98
168
397
563
774
963
1134
1281
1449
1611
1714
1882
2044
2179
2296
2437
2598
2677
2778
2877
2907
2927
2992
2976
2931
2893
2792
2696
2632
2449
2302
2157
1984
1816
1626
1435
1253
1065
910
748
567
403
249
96
-68
-195
-286
-394
-542
-686
-765
-880
-981
-1047
-1162
-1164
-1201
-1209
-1148
-1172
-1153
-1085
-1045
-1011
-930
-888
-839
-729
-683
-625
-570
-569
-530
-528
-489
-467
-413
-350
-314
-280
-286
-273
-317
-400
-403
-429
-417
-385
-334
-324
-343
-321
-383
-431
-522
-631
-724
-826
-936
-1059
-1131
-1236
-1278
-1340
-1405
-1448
-1452
-1463
-1510
-1489
-1506
-1482
-1495
-1513
-1524
-1478
-1468
-1460
-1394
-1323
-1203
-1090
-927
-779
-671
-509
-381
-203
15
238
438
657
907
1114
1333
1535
1711
1948
2077
2217
2361
2413
2535
2633
2713
2759
2783
2792
2779
2731
2652
2544
2453
2336
2216
2124
1951
1812
1654
1453
1276
1096
956
792
625
480
291
118
-78
-244
-417
-572
-662
-797
-880
-934
-1010
-1045
-1070
-1101
-1142
-1139
-1153
-1180
-1114
-1127
-1076
-1064
-1007
-918
-841
-735
-643
-587
-538
-451
-438
-392
-383
-346
-267
-232
-157
-86
-61
-15
20
81
41
17
-31
-80
-140
-191
-231
-335
-374
-480
-562
-705
-808
-904
-1030
-1141
-1234
-1316
-1406
-1490
-1590
-1650
-1721
-1738
-1778
-1837
-1853
-1828
-1844
-1785
-1721
-1678
-1605
-1538
-1397
-1306
-1183
-1014
-943
-765
-603
-473
-308
-186
-17
155
335
581
785
982
1233
1461
1661
1902
2079
2241
2423
2599
2754
2861
2984
3050
3133
3146
3178
3194
3151
3142
3131
3056
3050
2993
2854
2735
2560
2350
2139
1929
1688
1493
1268
1052
827
587
391
209
13
-112
-304
-461
-578
-718
-817
-932
-1023
-1111
-1191
-1286
-1379
-1453
-1529
-1583
-1662
-1688
-1710
-1703
-1687
-1634
-1550
-1523
-1442
-1353
-1270
-1232
-1183
-1164
-1079
-1065
-1030
-982
-977
-968
-987
-998
-982
-955
-937
-918
-927
-918
-900
-923
-958
-980
-1069
-1057
-1118
-1126
-1152
-1218
-1254
-1297
-1345
-1389
-1386
-1408
-1397
-1369
-1305
-1237
-1175
-1129
-1036
-1009
-966
-905
-845
-739
-640
-527
-387
-262
-156
23
128
233
355
486
606
716
841
978
1137
1263
1401
1527
1693
1811
1952
2063
2174
2293
2394
2515
2564
2665
2754
2770
2816
2839
2848
2839
2835
2846
2757
2721
2687
2559
2422
2311
2145
2023
1865
1724
1547
1385
1240
1041
896
699
501
341
152
-53
-180
-357
-509
-653
-761
-874
-1015
-1111
-1276
-1382
-1476
-1575
-1659
-1756
-1792
-1831
-1833
-1803
-1798
-1783
-1771
-1780
-1724
-1733
-1746
-1703
-1694
-1694
-1652
-1645
-1634
-1610
-1570
-1562
-1541
-1499
-1509
-1462
-1443
-1380
-1354
-1368
-1320
-1309
-1324
-1263
-1272
-1300
-1290
-1320
-1302
-1316
-1312
-1308
-1315
-1303
-1285
-1234
-1182
-1106
-1069
-998
-901
-829
-721
-661
-519
-418
-287
-140
-42
99
204
312
396
561
664
822
990
1107
1297
1461
1648
1820
1984
2144
2309
2456
2578
2691
2789
2880
2910
2986
3063
3092
3132
3164
3174
3170
3147
3145
3093
3018
2956
2853
2748
2643
2494
2326
2204
1978
1791
1594
1390
1176
958
746
514
292
108
-64
-227
-388
-529
-655
-805
-885
-1032
-1167
-1291
-1435
-1504
-1579
-1671
-1740
-1840
-1927
-1993
-2095
-2162
-2235
-2228
-2283
-2310
-2277
-2307
-2277
-2283
-2246
-2246
-2209
-2188
-2149
-2064
-2005
-1958
-1865
-1748
-1687
-1572
-1496
-1445
-1382
-1306
-1259
-1145
-1062
-999
-926
-866
-801
-757
-703
-657
-605
-599
-566
-557
-561
-568
-584
-545
-511
-492
-481
-446
-421
-373
-291
-228
-150
-36
25
115
194
240
333
349
411
503
543
644
706
730
855
948
1068
1181
1286
1455
1586
1719
1818
1896
2009
2029
2149
2237
2276
2350
2399
2417
2450
2482
2469
2489
2475
2479
2422
2387
2327
2284
2172
2091
1965
1799
1700
1568
1435
1273
1134
983
856
709
531
415
256
137
23
-117
-211
-365
-485
-606
-749
-848
-947
-1052
-1128
-1161
-1200
-1296
-1273
-1351
-1413
-1471
-1561
-1628
-1691
-1720
-1755
-1813
-1827
-1851
-1823
-1779
-1753
-1672
-1621
-1546
-1470
-1405
-1340
-1299
-1229
-1197
-1175
-1155
-1116
-1115
-1109
-1093
-1065
-1007
-975
-923
-881
-862
-794
-764
-762
-732
-719
-703
-696
-665
-714
-717
-694
-736
-728
-714
-725
-698
-628
-576
-517
-387
-347
-283
-190
-143
-84
-25
-8
111
219
285
386
444
572
679
754
869
976
1076
1207
1323
1451
1571
1651
1747
1817
1898
2007
2074
2144
2179
2206
2275
2292
2295
2288
2289
2245
2224
2132
2026
1918
1802
1706
1588
1472
1320
1210
1094
1017
886
746
627
510
344
195
42
-87
-205
-343
-455
-596
-680
-790
-828
-934
-1009
-1064
-1174
-1209
-1294
-1322
-1342
-1388
-1431
-1488
-1496
-1491
-1496
-1485
-1447
-1408
-1380
-1337
-1286
-1266
-1231
-1211
-1146
-1105
-1053
-983
-930
-853
-800
-741
-639
-590
-553
-503
-488
-502
-503
-512
-541
-541
-558
-562
-577
-554
-539
-554
-517
-544
-563
-565
-564
-580
-619
-597
-577
-568
-538
-488
-445
-382
-320
-278
-202
-156
-57
27
122
215
272
398
463
521
591
655
792
887
963
1105
1206
1343
1467
1588
1697
1791
1857
1919
2006
2044
2096
2085
2092
2103
2064
2040
1981
1925
1875
1856
1813
1756
1680
1637
1547
1411
1305
1135
982
844
683
524
412
254
108
-4
-122
-211
-324
-426
-549
-667
-748
-846
-909
-992
-1072
-1083
-1138
-1170
-1237
-1284
-1355
-1381
-1407
-1431
-1440
-1467
-1460
-1458
-1460
-1500
-1546
-1579
-1557
-1532
-1538
-1495
-1483
-1469
-1395
-1400
-1345
-1247
-1163
-1124
-1065
-1030
-1009
-997
-968
-948
-966
-899
-929
-928
-934
-904
-906
-920
-898
-905
-846
-825
-769
-737
-687
-658
-580
-506
-438
-363
-304
-242
-216
-152
-95
-14
73
141
274
387
523
646
744
861
953
1060
1133
1231
1284
1329
1396
1430
1526
1619
1738
1834
1921
1987
2041
2083
2100
2186
2136
2180
2155
2123
2160
2133
2113
2097
2079
2025
2051
2071
2061
1999
2008
1910
1775
1698
1534
1428
1255
1141
999
820
731
591
436
345
250
154
74
-43
-120
-230
-337
-454
-582
-713
-821
-928
-1049
-1119
-1230
-1324
-1442
-1522
-1589
-1717
-1771
-1850
-1915
-1968
-1994
-2028
-2089
-2107
-2120
-2128
-2121
-2112
-2085
-2055
-2020
-1958
-1914
-1900
-1843
-1833
-1776
-1705
-1690
-1614
-1563
-1509
-1395
-1380
-1316
-1302
-1250
-1163
-1122
-1017
-954
-885
-840
-803
-767
-728
-720
-672
-638
-575
-532
-459
-402
-375
-330
-282
-194
-117
-18
123
204
361
518
639
777
890
1061
1175
1252
1377
1447
1506
1565
1601
1688
1737
1826
1926
2041
2112
2181
2276
2297
2366
2417
2421
2456
2458
2449
2403
2357
2326
2296
2256
2234
2173
2081
2003
1884
1743
1631
1467
1281
1157
949
883
753
636
565
424
332
172
96
-37
-179
-299
-446
-563
-689
-840
-951
-1067
-1198
-1291
-1413
-1474
-1570
-1603
-1654
-1712
-1721
-1777
-1775
-1844
-1893
-1920
-1943
-1962
-1947
-1930
-1917
-1876
-1836
-1763
-1714
-1653
-1587
-1494
-1412
-1337
-1217
-1156
-1073
-1003
-976
-936
-905
-862
-774
-718
-620
-573
-508
-451
-429
-361
-331
-280
-243
-204
-203
-108
-96
-74
-10
1
54
100
157
204
307
369
433
491
523
574
622
660
721
769
804
823
849
883
910
997
1046
1104
1181
1224
1285
1350
1386
1414
1476
1517
1571
1636
1656
1683
1729
1764
1737
1722
1703
1649
1624
1554
1523
1472
1422
1369
1304
1207
1133
1016
905
819
727
648
515
457
348
186
65
-65
-206
-323
-392
-514
-624
-697
-826
-935
-1045
-1132
-1247
-1339
-1424
-1528
-1571
-1620
-1667
-1733
-1760
-1783
-1822
-1870
-1865
-1838
-1862
-1835
-1834
-1811
-1802
-1768
-1750
-1718
-1640
-1584
-1476
-1399
-1323
-1242
-1186
-1104
-1051
-982
-927
-879
-803
-755
-689
-625
-605
-549
-486
-446
-329
-235
-159
-60
38
134
197
262
327
400
443
526
574
615
668
718
790
843
892
950
1025
1048
1132
1179
1206
1270
1309
1363
1400
1443
1437
1466
1488
1512
1581
1623
1660
1691
1716
1706
1695
1703
1613
1592
1594
1599
1621
1611
1607
1606
1576
1611
1540
1457
1446
1348
1262
1183
1079
954
869
778
653
545
385
243
134
-42
-144
-292
-390
-505
-642
-726
-833
-964
-1018
-1117
-1213
-1303
-1401
-1485
-1571
-1646
-1716
-1729
-1793
-1792
-1833
-1862
-1865
-1897
-1887
-1902
-1893
-1925
-1885
-1869
-1904
-1868
-1874
-1883
-1874
-1827
-1815
-1791
-1710
-1668
-1668
-1578
-1557
-1509
-1390
-1363
-1255
-1156
-1083
-959
-876
-783
-716
-618
-542
-458
-361
-315
-220
-149
-92
0
84
176
237
311
422
476
548
603
668
730
839
928
1041
1183
1289
1395
1522
1631
1690
1791
1860
1911
2010
2039
2120
2167
2181
2237
2295
2309
2370
2377
2341
2384
2341
2282
2249
2187
2120
2093
2039
1977
1897
1832
1732
1644
1514
1388
1266
1075
985
835
728
642
531
419
316
221
69
-23
-149
-271
-405
-555
-656
-782
-899
-1037
-1167
-1294
-1394
-1517
-1625
-1736
-1845
-1898
-1959
-1976
-2035
-2076
-2107
-2144
-2138
-2135
-2112
-2113
-2073
-2062
-2065
-2034
-2027
-1971
-1918
-1854
-1765
-1699
-1593
-1501
-1452
-1352
-1283
-1217
-1145
-1073
-969
-943
-850
-779
-744
-695
-625
-530
-450
-374
-300
-213
-125
-78
0
46
109
172
218
246
297
366
411
473
557
652
689
784
876
960
1081
1174
1241
1326
1406
1410
1440
1447
1432
1444
1428
1417
1439
1467
1462
1509
1547
1568
1598
1593
1604
1645
1672
1641
1625
1555
1516
1454
1372
1314
1267
1232
1173
1144
1037
940
853
732
660
573
542
543
467
393
357
280
199
170
69
-29
-174
-249
-359
-455
-532
-630
-674
-731
-808
-832
-878
-923
-988
-1054
-1098
-1174
-1211
-1246
-1262
-1323
-1339
-1393
-1402
-1422
-1425
-1453
-1443
-1470
-1523
-1497
-1539
-1487
-1489
-1466
-1450
-1440
-1404
-1355
-1302
-1280
-1184
-1143
-1109
-987
-933
-865
-791
-723
-660
-603
-534
-474
-416
-327
-282
-201
-117
-84
-31
22
76
111
161
235
277
326
408
412
480
495
488
519
573
607
666
741
793
886
924
966
1020
1076
1105
1179
1199
1217
1265
1266
1307
1322
1290
1309
1284
1256
1253
1238
1232
1164
1148
1107
1050
1028
987
966
921
856
803
759
754
720
643
615
559
540
473
438
398
308
312
222
226
153
86
61
-28
-43
-74
-166
-225
-282
-353
-441
-501
-576
-637
-657
-715
-754
-798
-816
-885
-957
-1010
-1038
-1056
-1134
-1145
-1190
-1215
-1212
-1239
-1271
-1323
-1320
-1359
-1341
-1303
-1281
-1251
-1178
-1092
-1092
-1030
-982
-942
-867
-772
-702
-637
-515
-471
-354
-287
-223
-120
-61
1
48
143
193
238
295
355
370
379
438
452
454
469
443
429
445
418
390
387
384
329
310
309
281
312
299
316
335
368
385
462
486
510
543
602
679
685
750
784
873
921
970
996
1027
1042
1035
1068
1074
1103
1122
1138
1148
1136
1111
1073
1051
998
921
891
802
701
663
571
480
442
352
305
214
121
51
-72
-151
-229
-311
-389
-434
-492
-583
-649
-734
-804
-861
-918
-957
-1007
-1048
-1069
-1083
-1113
-1126
-1166
-1117
-1123
-1096
-1071
-1072
-1033
-1041
-1044
-1054
-1063
-1058
-1055
-1038
-1034
-1004
-986
-992
-953
-914
-915
-905
-925
-909
-876
-892
-856
-839
-791
-734
-657
-575
-500
-423
-344
-283
-223
-146
-66
-15
96
205
298
408
500
556
626
712
768
800
843
868
902
945
958
1014
1026
1052
1116
1085
1120
1170
1189
1247
1255
1272
1240
1253
1251
1218
1224
1199
1182
1194
1157
1149
1156
1136
1147
1130
1140
1101
1112
1079
1012
932
832
739
639
566
487
459
421
358
337
233
159
98
19
-2
-64
-113
-115
-172
-226
-302
-382
-457
-529
-592
-692
-724
-814
-852
-894
-940
-989
-1037
-1036
-1059
-1077
-1093
-1109
-1133
-1145
-1159
-1215
-1215
-1251
-1261
-1253
-1271
-1285
-1296
-1264
-1289
-1278
-1247
-1220
-1177
-1137
-1168
-1138
-1111
-1120
-1047
-1014
-987
-940
-880
-820
-762
-718
-664
-640
-620
-556
-571
-508
-458
-409
-350
-257
-180
-95
8
106
221
289
379
479
526
621
703
720
798
834
858
943
985
1014
1078
1110
1194
1253
1293
1323
1328
1303
1299
1330
1295
1325
1282
1246
1273
1269
1255
1278
1248
1217
1206
1149
1100
1050
996
956
909
865
789
749
715
632
618
547
506
454
402
372
362
342
310
276
190
185
137
107
99
36
30
-8
-58
-57
-80
-120
-122
-132
-173
-201
-250
-303
-363
-441
-519
-599
-613
-632
-688
-711
-737
-769
-801
-838
-848
-922
-953
-1011
-1096
-1108
-1188
-1209
-1232
-1246
-1252
-1271
-1273
-1307
-1339
-1366
-1403
-1448
-1422
-1405
-1368
-1326
-1287
-1310
-1278
-1239
-1198
-1100
-1016
-924
-814
-720
-631
-526
-489
-422
-348
-262
-140
-3
131
202
329
410
496
566
639
709
803
900
991
1128
1175
1265
1319
1351
1447
1519
1549
1596
1571
1577
1588
1565
1544
1512
1496
1446
1408
1372
1339
1294
1213
1188
1086
996
948
845
757
676
582
484
419
337
272
212
175
119
93
106
52
45
39
3
-18
-72
-131
-231
-295
-340
-408
-441
-473
-548
-595
-628
-663
-673
-698
-724
-739
-759
-760
-768
-789
-780
-812
-813
-847
-851
-824
-832
-823
-841
-833
-817
-801
-751
-713
-718
-675
-677
-677
-666
-644
-602
-608
-539
-513
-517
-485
-471
-455
-448
-442
-448
-402
-380
-356
-310
-263
-221
-200
-193
-174
-152
-149
-89
-89
-23
56
112
191
255
325
357
423
459
472
525
533
571
575
638
677
687
737
753
790
830
843
854
864
871
899
889
888
878
901
870
861
843
857
842
790
810
749
713
688
632
621
592
518
490
412
413
345
319
278
202
148
79
57
-51
-99
-171
-232
-284
-308
-358
-417
-429
-472
-519
-521
-564
-608
-656
-676
-709
-709
-709
-726
-729
-742
-718
-719
-728
-719
-715
-725
-701
-681
-667
-664
-670
-686
-668
-664
-681
-695
-682
-689
-675
-660
-648
-643
-637
-632
-633
-611
-586
-534
-507
-502
-461
-446
-445
-403
-405
-369
-321
-259
-201
-121
-83
-3
51
107
161
178
202
252
306
352
413
476
548
604
668
717
758
764
775
807
820
835
887
918
976
995
1045
1070
1147
1159
1158
1180
1189
1205
1204
1193
1176
1162
1108
1124
1047
1038
1047
990
942
900
843
768
701
640
606
528
466
436
364
334
249
159
129
67
46
-29
-66
-106
-169
-235
-323
-417
-435
-517
-540
-643
-701
-744
-844
-871
-935
-952
-970
-969
-994
-1008
-1003
-1022
-1051
-1081
-1099
-1085
-1120
-1133
-1106
-1110
-1117
-1090
-1109
-1102
-1095
-1074
-1059
-1074
-1041
-1003
-972
-949
-931
-902
-837
-817
-803
-767
-724
-701
-650
-549
-521
-444
-329
-282
-204
-86
-31
62
109
181
226
268
348
365
442
471
534
594
612
681
700
732
753
791
822
845
903
916
961
954
947
940
884
889
896
871
877
888
876
890
898
900
859
885
892
867
872
863
849
815
807
748
708
652
620
580
550
486
445
422
389
344
337
290
229
196
139
60
21
9
-10
-57
-60
-78
-125
-168
-212
-271
-316
-392
-424
-447
-502
-523
-549
-588
-618
-669
-728
-752
-798
-817
-818
-842
-877
-863
-870
-911
-935
-934
-969
-994
-970
-980
-963
-957
-939
-927
-912
-864
-839
-791
-752
-726
-672
-646
-642
-592
-558
-523
-461
-403
-359
-318
-255
-204
-177
-128
-57
-60
50
109
101
157
180
220
271
303
345
394
445
480
496
499
514
552
550
552
573
559
602
617
577
614
612
628
687
701
724
747
743
703
699
672
649
651
641
698
717
745
800
774
808
803
784
789
782
778
764
745
751
725
750
678
664
652
640
618
584
572
471
421
339
254
154
98
2
-64
-79
-155
-227
-267
-366
-431
-518
-576
-610
-704
-762
-817
-868
-924
-942
-989
-1039
-1064
-1117
-1136
-1167
-1168
-1190
-1185
-1186
-1177
-1165
-1151
-1116
-1093
-1035
-1015
-966
-915
-848
-785
-754
-687
-633
-585
-482
-408
-354
-279
-216
-129
-67
40
103
207
259
319
402
450
519
534
578
606
616
661
684
676
678
697
689
690
700
707
686
693
691
679
650
629
638
599
595
578
569
560
587
558
578
602
581
575
555
514
525
466
452
456
385
385
359
318
301
271
212
171
128
46
-7
-58
-120
-174
-220
-307
-367
-428
-487
-518
-520
-529
-541
-538
-576
-577
-604
-628
-626
-629
-577
-567
-532
-525
-509
-451
-461
-432
-427
-375
-342
-328
-265
-222
-181
-155
-171
-142
-145
-136
-100
-94
-81
-96
-84
-81
-91
-85
-74
-57
-40
37
49
103
164
149
140
134
113
134
126
104
125
123
98
124
94
135
121
102
131
112
127
108
93
115
93
71
62
7
-13
-37
-73
-84
-80
-69
-56
-68
-67
-98
-99
-100
-114
-124
-132
-100
-115
-17
2
34
109
122
149
168
202
163
212
216
245
266
290
311
319
333
335
361
347
400
421
378
409
391
395
396
357
375
333
332
329
301
330
326
343
343
363
352
342
321
303
308
302
315
292
266
235
168
89
30
-48
-114
-185
-242
-277
-368
-404
-474
-525
-595
-617
-660
-717
-692
-741
-723
-773
-820
-822
-860
-868
-895
-879
-901
-891
-873
-882
-838
-828
-800
-743
-712
-661
-603
-576
-517
-487
-453
-374
-331
-283
-233
-196
-154
-129
-70
-25
24
102
153
218
274
320
399
462
495
547
622
648
703
740
727
755
731
744
762
739
739
723
746
721
746
760
737
764
712
714
675
710
691
647
611
576
556
518
520
463
467
435
394
382
365
336
333
292
278
234
200
158
130
68
13
-1
-49
-80
-142
-175
-230
-255
-310
-298
-316
-331
-346
-369
-378
-356
-351
-384
-355
-361
-338
-328
-331
-333
-347
-336
-387
-364
-346
-377
-377
-371
-363
-397
-354
-355
-353
-341
-337
-372
-338
-330
-334
-307
-298
-279
-242
-238
-240
-230
-249
-271
-284
-293
-322
-285
-261
-255
-228
-157
-127
-102
-63
-19
-19
-1
-4
-14
-41
-79
-48
-55
-54
-26
-22
-57
-43
-29
-47
-8
-10
2
-19
-19
-58
-76
-28
-91
-47
-51
-43
-47
-15
-25
-7
-14
15
60
48
73
92
118
88
110
116
152
200
234
285
326
372
367
418
428
432
438
420
396
388
388
389
384
345
348
329
295
301
280
237
227
203
190
175
156
143
140
113
106
102
54
33
32
10
11
-1
-10
-46
-55
-69
-92
-63
-92
-83
-86
-52
-31
-52
-27
-16
-62
-83
-103
-77
-75
-93
-62
-73
-68
-75
-84
-97
-108
-128
-147
-144
-128
-158
-147
-142
-157
-125
-132
-74
-86
-67
12
34
69
76
101
117
137
182
190
174
196
198
215
266
247
239
228
221
206
185
158
112
104
101
90
101
108
106
116
128
150
100
96
99
44
74
70
32
57
28
22
14
-36
-49
-85
-111
-147
-180
-219
-218
-234
-284
-293
-309
-324
-313
-378
-408
-462
-504
-497
-520
-556
-566
-528
-558
-508
-509
-510
-499
-485
-492
-532
-492
-491
-507
-504
-480
-457
-468
-415
-379
-354
-310
-274
-213
-167
-101
-82
-37
-7
27
85
124
166
216
233
251
302
290
288
324
333
340
364
388
397
397
373
354
367
331
333
342
314
339
308
362
352
342
379
348
327
333
307
280
292
251
243
274
300
332
350
340
315
311
316
313
322
344
363
359
359
338
334
305
305
257
281
262
250
255
218
280
233
245
252
238
232
242
210
206
209
168
158
155
100
115
106
70
68
65
32
8
31
10
-6
-3
-49
-47
-40
-56
-68
-84
-85
-129
-123
-191
-248
-317
-329
-364
-448
-460
-529
-550
-589
-597
-630
-666
-681
-734
-697
-730
-710
-709
-734
-740
-747
-759
-746
-752
-765
-767
-750
-740
-768
-727
-720
-758
-718
-669
-644
-609
-586
-550
-499
-453
-437
-386
-332
-301
-252
-186
-150
-122
-87
-92
-77
-76
-77
-62
-10
21
68
182
226
327
408
440
498
522
577
534
529
566
538
584
636
651
718
823
867
886
936
971
976
1036
1042
1026
1033
968
994
957
928
917
886
858
852
847
801
806
767
753
748
712
655
616
541
490
413
382
337
274
245
241
214
221
198
161
140
75
78
10
-25
-71
-132
-157
-241
-305
-358
-385
-437
-483
-493
-531
-543
-575
-582
-619
-665
-679
-763
-785
-813
-826
-826
-830
-870
-875
-849
-867
-860
-830
-838
-811
-770
-792
-750
-699
-678
-663
-621
-579
-554
-509
-502
-464
-412
-399
-346
-339
-318
-293
-292
-281
-265
-217
-204
-172
-155
-175
-135
-77
-77
-26
47
53
125
171
190
212
243
276
299
331
363
410
468
489
524
553
593
596
653
684
663
669
670
664
667
710
691
724
734
737
737
701
698
732
689
684
651
588
603
516
465
463
401
333
315
277
229
214
191
145
136
117
49
39
28
-6
-14
-28
-72
-82
-95
-129
-211
-256
-271
-363
-367
-379
-443
-459
-456
-463
-494
-486
-465
-485
-518
-522
-524
-550
-576
-603
-655
-656
-639
-649
-636
-588
-586
-560
-531
-508
-477
-447
-400
-374
-345
-346
-296
-266
-259
-219
-273
-259
-244
-254
-225
-242
-214
-227
-241
-216
-213
-207
-201
-179
-161
-125
-99
-45
-5
23
40
86
98
123
129
139
184
211
236
258
289
319
379
382
419
465
490
519
576
578
578
611
588
585
583
553
593
587
618
630
615
623
618
584
571
545
543
502
476
486
425
428
397
360
325
314
307
290
278
261
223
203
170
156
151
114
113
70
41
0
-25
-61
-111
-136
-187
-230
-236
-255
-292
-283
-357
-369
-443
-493
-498
-608
-613
-671
-690
-717
-716
-751
-749
-716
-747
-727
-720
-696
-687
-660
-632
-643
-646
-627
-586
-566
-578
-518
-514
-471
-432
-412
-401
-346
-287
-235
-199
-151
-74
-46
-9
15
54
92
169
189
194
225
269
284
319
324
354
393
424
479
510
568
585
612
608
608
618
621
619
616
646
601
620
608
596
619
645
677
671
675
675
693
654
634
618
585
591
549
549
489
387
358
269
219
116
53
1
-60
-52
-93
-92
-149
-194
-221
-253
-256
-305
-342
-328
-361
-380
-387
-409
-371
-432
-419
-402
-398
-383
-379
-357
-363
-340
-363
-373
-392
-355
-364
-330
-302
-282
-235
-266
-237
-250
-242
-277
-313
-276
-298
-282
-279
-254
-252
-245
-238
-229
-249
-255
-240
-264
-280
-274
-263
-290
-271
-276
-269
-253
-251
-234
-171
-146
-146
-95
-88
-79
-66
-53
-38
2
-35
-20
-13
-25
39
20
58
62
74
130
119
174
163
190
204
242
280
330
341
358
385
372
393
346
333
320
277
256
226
235
215
213
200
211
220
198
196
225
240
240
234
271
297
328
348
338
337
333
314
307
277
247
245
244
242
250
294
273
285
288
274
283
288
284
324
296
256
230
204
203
151
136
79
36
7
-28
-78
-87
-112
-142
-169
-165
-193
-226
-237
-290
-318
-329
-354
-417
-438
-477
-495
-490
-509
-544
-556
-588
-633
-684
-699
-703
-711
-696
-665
-640
-600
-557
-536
-515
-520
-520
-510
-508
-517
-518
-496
-476
-479
-448
-382
-368
-318
-306
-264
-214
-177
-104
-56
20
78
149
168
193
242
257
307
330
363
371
407
438
456
482
509
542
560
606
661
689
657
673
650
639
654
631
609
635
631
643
639
599
580
526
466
411
386
315
278
249
224
211
183
157
147
118
104
90
35
32
1
-51
-50
-91
-121
-130
-166
-154
-187
-187
-166
-141
-106
-88
-81
-106
-136
-163
-177
-251
-285
-299
-362
-353
-349
-349
-344
-342
-324
-339
-295
-265
-247
-197
-167
-153
-116
-82
-58
-38
-21
-5
7
55
68
73
114
95
85
77
89
102
99
103
100
76
84
80
54
60
17
-1
-2
-33
-41
-55
-107
-125
-154
-138
-148
-147
-147
-160
-139
-151
-177
-186
-214
-226
-211
-241
-216
-215
-228
-225
-233
-206
-167
-205
-135
-122
-155
-101
-118
-116
-108
-81
-65
-35
27
54
124
107
115
151
120
140
150
168
169
171
163
163
145
157
200
166
191
178
165
223
248
279
269
263
241
252
275
235
219
183
172
177
168
209
221
224
222
237
207
185
156
144
83
21
33
-21
16
-13
-40
-79
-129
-152
-146
-183
-230
-249
-317
-309
-300
-306
-304
-328
-297
-316
-292
-297
-310
-288
-333
-339
-339
-340
-333
-333
-315
-280
-262
-248
-212
-194
-249
-222
-219
-206
-177
-137
-126
-86
-54
-18
47
49
127
145
182
214
239
310
355
432
488
542
585
603
654
671
667
678
662
645
631
611
584
557
525
505
509
493
449
418
409
359
346
298
242
203
198
160
158
147
123
119
90
96
48
-5
-31
-86
-162
-205
-218
-262
-234
-219
-262
-280
-299
-333
-423
-451
-508
-566
-595
-670
-713
-729
-751
-769
-789
-800
-821
-785
-783
-767
-747
-718
-705
-682
-680
-653
-644
-598
-538
-541
-489
-493
-473
-472
-443
-443
-414
-368
-348
-248
-219
-143
-62
9
90
129
165
191
195
219
266
322
381
412
456
489
533
571
589
589
589
588
618
625
595
603
564
616
640
672
664
648
656
612
585
573
557
489
484
498
511
508
488
464
460
434
441
440
395
378
332
282
257
245
197
160
104
128
88
80
94
30
-4
-25
-19
-63
-39
-87
-94
-61
-111
-108
-128
-155
-151
-149
-168
-171
-133
-161
-167
-192
-240
-261
-299
-320
-326
-297
-329
-314
-292
-290
-288
-272
-282
-275
-293
-304
-315
-384
-406
-442
-509
-520
-568
-597
-616
-642
-603
-572
-541
-466
-442
-418
-375
-349
-335
-306
-283
-259
-234
-212
-178
-180
-146
-117
-88
-90
-74
-20
15
41
63
91
130
132
122
131
154
142
155
118
97
97
106
68
30
39
51
68
21
56
69
42
65
94
88
85
154
208
235
326
362
426
465
461
492
476
471
448
412
399
364
374
347
346
353
341
346
326
342
341
374
357
377
351
306
314
237
201
175
125
127
125
85
77
90
85
122
110
93
104
71
44
-2
-28
-82
-134
-158
-180
-236
-239
-214
-260
-234
-252
-261
-235
-284
-287
-311
-360
-371
-399
-439
-430
-415
-374
-350
-348
-288
-294
-270
-234
-231
-195
-187
-182
-120
-131
-108
-73
-99
-47
-7
2
34
68
110
134
114
130
165
166
174
195
193
198
187
171
178
134
115
122
104
100
121
139
117
105
107
89
96
73
65
73
50
80
89
82
111
99
69
60
28
17
-6
12
22
7
29
20
-13
-7
-20
-32
-52
-44
-58
-70
-35
-47
-76
-87
-147
-118
-115
-150
-154
-174
-185
-208
-220
-224
-262
-271
-274
-280
-275
-237
-226
-216
-192
-211
-203
-235
-251
-236
-250
-239
-224
-203
-161
-117
-80
-51
13
44
64
82
88
121
137
153
161
151
129
145
128
125
123
113
121
126
120
109
80
65
12
-25
-15
-96
-88
-119
-101
-118
-123
-65
-101
-87
-65
-28
-24
-19
8
12
74
97
108
159
187
195
239
246
236
249
276
253
284
284
296
275
277
309
259
287
264
300
332
344
401
366
363
383
355
371
376
368
349
347
315
314
260
218
226
195
167
197
189
170
210
224
180
140
114
67
7
-20
-75
-153
-129
-131
-140
-126
-80
-103
-89
-48
-95
-66
-90
-101
-123
-169
-151
-197
-219
-204
-245
-295
-332
-365
-386
-444
-433
-440
-470
-455
-444
-501
-532
-516
-546
-516
-532
-551
-571
-608
-649
-678
-675
-680
-644
-609
-600
-559
-526
-506
-494
-490
-486
-469
-450
-422
-377
-326
-260
-240
-185
-149
-144
-73
-31
17
30
50
97
108
129
165
203
222
261
302
340
390
466
470
465
484
487
478
472
460
439
443
398
435
465
479
527
511
539
573
596
619
641
616
597
578
556
549
526
514
520
499
477
507
501
504
483
448
405
392
333
250
267
204
203
187
170
158
111
95
30
-32
-100
-126
-150
-173
-187
-203
-196
-231
-252
-271
-287
-288
-265
-230
-251
-215
-216
-209
-193
-203
-211
-226
-230
-250
-246
-275
-260
-276
-273
-286
-273
-266
-273
-277
-290
-292
-305
-303
-333
-335
-339
-330
-332
-330
-339
-362
-366
-374
-353
-396
-355
-343
-371
-333
-353
-301
-263
-224
-209
-163
-108
-107
-111
-122
-124
-149
-141
-120
-92
-61
-14
44
62
101
107
111
133
157
151
187
169
191
223
185
217
213
219
197
213
208
201
192
175
189
177
187
184
166
178
189
188
201
213
248
265
257
254
287
258
266
264
287
280
288
314
327
339
363
403
399
409
394
394
370
375
323
294
267
241
220
202
185
158
176
176
172
171
185
161
137
99
61
43
31
-5
-48
-57
-66
-109
-142
-180
-243
-256
-265
-289
-275
-321
-322
-369
-399
-400
-462
-467
-494
-508
-523
-538
-526
-535
-542
-533
-542
-538
-557
-527
-563
-553
-582
-584
-542
-567
-497
-509
-501
-471
-463
-451
-448
-422
-411
-399
-339
-308
-289
-221
-175
-143
-54
-52
1
55
78
126
140
201
260
332
353
427
500
502
579
589
610
662
665
677
682
669
658
656
649
637
617
626
642
664
674
677
649
623
598
558
508
470
449
431
377
359
338
324
291
242
198
186
137
76
16
-59
-95
-158
-181
-223
-272
-270
-283
-319
-341
-331
-386
-359
-361
-417
-363
-381
-399
-396
-426
-425
-440
-440
-432
-401
-377
-366
-353
-311
-284
-298
-277
-279
-260
-248
-229
-236
-212
-201
-201
-199
-189
-144
-178
-133
-105
-125
-62
-66
-68
-47
-83
-112
-125
-110
-115
-111
-103
-94
-75
-62
-44
-16
-26
21
80
78
102
119
145
157
162
167
193
188
225
219
230
242
184
175
134
183
127
107
129
94
111
62
76
61
80
108
123
135
115
134
103
43
20
-7
-19
0
16
23
63
74
102
113
124
154
166
211
267
325
340
399
405
394
427
410
397
360
349
310
296
285
257
250
266
269
240
249
224
161
160
127
85
31
-9
-11
-62
-71
-76
-86
-123
-135
-221
-220
-247
-295
-264
-303
-330
-338
-356
-362
-395
-415
-454
-482
-487
-479
-478
-462
-464
-490
-479
-482
-454
-466
-456
-440
-456
-444
-438
-422
-422
-375
-339
-329
-285
-269
-251
-234
-201
-169
-164
-145
-139
-115
-127
-103
-109
-80
-44
13
14
85
90
140
199
210
278
288
321
339
357
370
394
367
346
364
360
353
410
432
441
491
541
538
624
628
590
599
579
552
505
467
424
394
361
375
363
348
361
351
308
305
285
211
166
157
111
53
34
-15
0
-27
-29
-55
-95
-90
-95
-88
-140
-148
-196
-226
-249
-304
-339
-344
-407
-388
-366
-357
-301
-330
-320
-318
-354
-349
-382
-440
-426
-408
-434
-418
-437
-465
-452
-497
-481
-483
-457
-419
-405
-380
-367
-352
-342
-344
-342
-260
-256
-249
-213
-180
-155
-152
-163
-170
-173
-179
-137
-109
-56
-12
70
130
179
210
214
240
211
217
207
147
161
123
95
104
82
98
85
116
135
171
181
174
218
223
221
266
272
266
310
317
328
411
438
425
439
469
467
469
459
524
529
557
585
598
605
580
592
549
537
497
431
414
382
346
330
248
247
233
214
248
210
195
181
107
99
107
42
11
-16
-32
-53
-66
-84
-110
-109
-129
-146
-135
-144
-143
-167
-173
-187
-197
-207
-249
-254
-297
-346
-384
-394
-435
-447
-418
-433
-430
-404
-425
-420
-450
-475
-505
-482
-517
-496
-416
-432
-361
-345
-341
-308
-300
-312
-317
-322
-331
-315
-332
-352
-322
-340
-366
-296
-330
-287
-273
-280
-274
-309
-306
-340
-336
-332
-302
-243
-195
-123
-106
-55
-5
34
67
115
187
220
241
220
271
244
268
270
275
286
289
314
367
411
412
475
451
430
434
419
406
389
381
374
406
437
424
436
387
379
383
334
290
