SAMPLES:	13370
BITSPERSAMPLE:	16
CHANNELS:	1
SAMPLERATE:	16000
NORMALIZED:	FALSE
311
303
360
349
345
313
349
333
292
298
287
298
325
343
333
349
364
364
363
347
362
380
342
364
349
324
327
325
333
306
287
259
236
255
222
216
170
138
114
88
73
51
43
33
25
9
-4
-61
-90
-141
-170
-155
-198
-139
-142
-120
-104
-129
-92
-139
-127
-91
-106
-92
-98
-96
-86
-83
-109
-136
-99
-114
-121
-151
-168
-177
-201
-214
-246
-239
-268
-234
-261
-243
-243
-272
-275
-285
-255
-252
-232
-250
-240
-246
-211
-207
-213
-218
-217
-203
-218
-192
-220
-226
-224
-228
-205
-185
-219
-218
-196
-237
-217
-228
-192
-184
-160
-143
-151
-82
-91
-68
-59
-48
-10
-3
21
12
33
32
18
35
8
-3
42
16
36
23
-10
58
8
76
101
103
140
138
142
125
133
95
90
80
102
93
116
161
218
225
243
291
256
271
314
257
263
276
263
242
267
262
250
268
232
246
278
269
265
242
228
261
245
273
246
232
215
200
150
122
114
64
30
35
19
-43
-30
-33
-57
-77
-58
-113
-139
-132
-163
-180
-218
-242
-238
-294
-329
-337
-345
-346
-326
-318
-297
-277
-279
-254
-274
-243
-209
-202
-186
-187
-167
-170
-146
-151
-124
-97
-87
5
21
106
129
163
199
180
223
199
194
177
159
158
153
106
126
147
152
179
198
215
203
191
223
199
179
189
183
197
225
220
185
201
188
171
166
143
140
120
148
113
109
127
127
112
74
97
66
68
53
30
16
-6
-13
-43
-70
-88
-104
-105
-108
-114
-88
-109
-113
-120
-117
-113
-139
-144
-175
-136
-148
-134
-170
-141
-131
-151
-122
-118
-128
-145
-106
-148
-125
-145
-176
-150
-143
-150
-159
-188
-249
-230
-239
-200
-206
-169
-179
-188
-146
-125
-143
-143
-131
-134
-142
-151
-141
-124
-133
-94
-88
-94
-47
-21
0
34
81
112
165
203
231
280
272
295
285
310
335
318
366
323
354
353
366
339
303
288
248
268
260
228
217
243
205
214
205
167
206
168
123
101
68
45
-20
-51
-56
-87
-78
-85
-118
-120
-129
-147
-152
-157
-175
-203
-246
-254
-318
-359
-374
-424
-424
-442
-424
-400
-368
-364
-350
-342
-352
-355
-366
-395
-361
-364
-373
-323
-339
-288
-242
-251
-232
-167
-177
-141
-107
-96
-100
-102
-85
-85
-97
-95
-84
-92
-46
-34
-28
-9
34
62
46
46
70
42
55
59
64
69
83
112
154
173
165
178
179
170
193
233
191
246
239
240
276
241
248
240
218
221
226
253
262
226
261
240
229
237
223
194
189
229
174
164
152
132
146
142
149
146
120
142
154
100
120
150
136
134
181
205
218
228
210
203
205
223
176
200
209
215
260
271
274
281
277
303
314
321
373
342
337
343
354
323
302
293
247
236
257
178
165
117
44
52
-15
-33
-58
-73
-78
-64
-80
-94
-146
-191
-226
-285
-289
-350
-397
-461
-455
-507
-543
-568
-622
-584
-610
-599
-628
-619
-578
-625
-616
-592
-624
-598
-591
-597
-571
-542
-547
-550
-493
-467
-401
-405
-362
-340
-305
-247
-229
-221
-192
-152
-164
-107
-98
-68
-35
47
82
114
194
251
253
316
344
376
417
410
430
436
483
496
506
513
552
567
542
568
578
572
585
617
600
573
549
517
477
390
379
298
294
240
190
165
116
74
-22
-54
-83
-91
-106
-101
-135
-132
-124
-110
-97
-112
-95
-100
-119
-120
-160
-182
-205
-186
-179
-194
-162
-156
-188
-148
-139
-158
-147
-156
-166
-194
-188
-197
-208
-189
-173
-176
-176
-143
-169
-129
-132
-127
-101
-87
-69
-97
-37
-60
-51
-44
-44
-19
-18
-12
0
3
23
8
-21
-6
-39
-79
-96
-125
-137
-141
-146
-141
-139
-152
-99
-120
-123
-72
-80
-49
-21
-21
-6
-23
1
-34
-27
-2
-40
-21
-75
-64
-68
-87
-75
-73
-84
-89
-61
-87
-50
-45
-47
-31
-42
-34
-26
-18
-32
-22
-21
-24
-8
-32
4
14
22
61
42
106
74
71
104
74
56
128
142
129
165
167
168
145
161
157
194
250
260
274
308
337
313
320
288
265
283
279
309
326
333
389
343
334
347
350
322
269
262
242
205
144
115
63
-3
-16
-47
-99
-98
-99
-147
-193
-212
-248
-294
-288
-302
-310
-329
-311
-341
-339
-364
-399
-374
-415
-341
-369
-360
-334
-337
-326
-327
-313
-288
-265
-260
-265
-261
-250
-236
-170
-167
-114
-116
-97
-29
-27
9
52
75
102
115
164
173
220
283
304
346
371
429
465
459
515
505
537
576
586
596
602
599
591
595
574
561
564
497
489
467
411
373
313
270
215
195
131
97
49
-35
-112
-144
-165
-197
-220
-212
-233
-247
-213
-272
-291
-317
-352
-408
-414
-438
-504
-537
-587
-561
-595
-550
-540
-538
-495
-551
-542
-527
-499
-476
-455
-456
-408
-400
-346
-315
-296
-249
-224
-182
-143
-61
-49
-28
14
23
62
98
104
160
189
227
237
255
278
246
278
268
236
210
207
191
198
247
194
185
231
192
180
196
154
183
189
188
198
158
136
136
121
132
112
123
137
132
148
138
157
167
132
134
110
90
76
46
23
4
-25
-51
-93
-103
-113
-170
-135
-164
-165
-132
-149
-140
-115
-97
-115
-107
-89
-68
-19
-21
17
3
-2
-25
-59
-88
-77
-94
-80
-14
5
24
41
73
79
87
106
102
110
97
50
30
29
7
-8
-36
3
-8
-1
11
-4
29
35
55
78
96
135
163
171
140
141
117
64
41
5
2
-18
-46
-30
-68
-67
-42
-78
-89
-65
-75
-113
-105
-104
-136
-121
-133
-152
-155
-159
-172
-217
-249
-251
-287
-285
-293
-337
-318
-298
-308
-338
-261
-270
-277
-220
-212
-225
-247
-194
-239
-190
-205
-185
-145
-161
-104
-123
-78
-65
-26
-3
9
75
115
144
200
206
207
225
235
243
249
292
280
239
254
235
267
262
267
304
296
295
276
267
272
259
258
284
286
306
297
317
317
270
280
271
248
225
219
201
171
155
127
121
68
72
61
35
60
53
16
6
-44
-53
-113
-154
-163
-224
-170
-181
-192
-202
-193
-155
-136
-126
-112
-98
-88
-97
-82
-47
-41
-35
19
2
36
11
32
15
-23
22
2
7
16
18
32
13
2
13
-40
-27
-25
-49
-48
-27
-41
-58
-53
-28
-2
-2
-7
35
26
-25
13
12
-9
46
36
31
91
79
80
83
77
76
76
114
113
123
85
58
28
11
10
-67
-89
-62
-82
-81
-74
-110
-116
-141
-103
-135
-165
-132
-150
-144
-138
-172
-210
-198
-219
-262
-292
-313
-292
-299
-331
-316
-291
-274
-264
-242
-268
-243
-218
-220
-181
-153
-119
-113
-102
-56
-43
-27
-14
8
37
71
99
125
172
216
259
284
320
342
319
363
387
396
398
417
398
375
395
393
379
387
418
401
377
394
399
348
325
298
254
232
251
223
159
125
145
106
88
87
35
-27
-60
-38
-131
-135
-157
-186
-199
-207
-207
-224
-221
-229
-268
-262
-316
-320
-284
-347
-337
-344
-369
-383
-384
-371
-377
-360
-313
-264
-280
-263
-222
-265
-236
-223
-245
-208
-184
-190
-149
-141
-121
-116
-83
-59
-75
-32
-29
-38
8
30
22
44
85
66
111
158
161
235
257
268
297
292
285
276
246
283
236
244
272
222
232
237
201
225
227
206
205
188
229
212
157
152
89
55
10
-21
-39
-89
-116
-129
-159
-173
-196
-207
-211
-249
-294
-318
-346
-346
-345
-345
-318
-335
-339
-298
-302
-337
-326
-342
-329
-322
-275
-250
-244
-220
-238
-223
-215
-180
-145
-109
-42
2
65
79
95
122
123
141
157
192
168
228
249
241
263
240
229
226
284
274
278
308
335
343
370
382
417
438
427
454
422
416
393
399
387
381
372
332
335
324
306
284
264
270
228
208
214
176
122
101
89
60
25
16
44
-2
-13
2
-17
-18
10
-16
-25
-20
-38
-16
-24
1
-14
17
9
-14
-31
-64
-104
-121
-155
-191
-142
-171
-133
-122
-169
-184
-177
-183
-189
-185
-214
-217
-217
-253
-272
-285
-259
-290
-288
-270
-234
-257
-242
-186
-222
-215
-216
-173
-196
-140
-117
-108
-108
-95
-75
-81
-82
-74
-105
-86
-73
-84
-81
-84
-50
-70
-73
-127
-140
-153
-182
-151
-194
-189
-181
-184
-193
-208
-190
-235
-243
-205
-233
-220
-199
-201
-189
-192
-223
-254
-251
-254
-262
-273
-251
-245
-229
-195
-145
-132
-100
-101
-43
-40
-28
22
-1
42
98
89
117
152
155
187
202
251
324
342
363
427
461
472
504
568
567
578
654
655
682
700
702
736
720
698
682
651
610
598
560
504
468
462
442
410
358
354
312
289
273
210
199
173
155
91
87
49
-25
-42
-72
-85
-121
-136
-160
-209
-206
-214
-243
-240
-244
-282
-299
-280
-301
-353
-366
-369
-411
-440
-473
-459
-530
-531
-489
-541
-527
-558
-571
-563
-554
-530
-533
-499
-474
-434
-401
-370
-378
-347
-324
-328
-264
-301
-249
-239
-239
-175
-178
-142
-120
-65
-46
24
9
21
52
27
48
15
42
33
35
49
30
51
86
64
86
97
105
98
66
93
70
119
175
192
179
219
234
217
229
201
234
225
256
285
311
303
263
285
241
216
226
204
204
195
227
207
220
235
191
184
197
186
199
230
235
227
230
223
214
249
249
237
227
244
200
195
166
160
169
151
164
136
180
156
149
143
112
122
133
92
111
69
44
55
14
7
-20
-19
-16
-19
14
-8
19
-9
-22
-35
-49
-12
-9
-14
15
61
78
57
33
11
-21
-62
-77
-110
-151
-158
-188
-197
-229
-257
-289
-303
-334
-328
-344
-366
-372
-402
-421
-468
-493
-505
-541
-542
-553
-541
-517
-550
-520
-506
-466
-461
-490
-456
-478
-431
-410
-392
-351
-316
-303
-307
-268
-260
-216
-225
-198
-156
-144
-92
-60
-5
20
54
86
104
139
172
227
226
243
266
273
299
288
316
319
302
338
333
334
359
349
322
322
329
305
308
284
280
298
277
301
310
291
315
299
284
280
233
228
174
187
164
161
156
151
124
131
133
92
136
106
82
48
78
28
-15
-38
-36
-32
-53
4
-25
12
45
35
70
42
27
54
63
44
49
47
51
80
85
68
60
108
88
89
110
61
33
13
35
-8
-9
-27
-80
-67
-71
-75
-71
5
-4
24
6
-11
11
25
-6
13
12
-34
55
54
87
96
89
88
56
52
41
47
35
13
12
-30
-28
-31
-84
-104
-94
-153
-171
-185
-163
-159
-200
-186
-185
-210
-187
-177
-196
-182
-164
-117
-120
-151
-151
-187
-183
-185
-235
-184
-188
-227
-200
-174
-185
-166
-144
-165
-122
-129
-112
-94
-105
-91
-38
-23
-25
2
-17
-5
11
22
60
62
122
150
144
159
194
177
173
198
146
147
174
174
185
222
182
180
208
212
220
239
247
244
253
266
218
208
184
153
130
84
94
95
91
85
66
35
42
-15
-63
-52
-68
-94
-120
-164
-177
-200
-236
-269
-300
-328
-323
-319
-308
-309
-284
-292
-301
-298
-295
-280
-273
-254
-267
-237
-193
-176
-160
-143
-126
-75
-59
-9
-2
19
113
78
123
181
194
202
217
228
238
246
281
296
297
311
309
306
293
356
341
336
339
335
332
325
295
280
260
237
202
184
179
199
177
165
169
155
134
110
94
70
33
13
2
-1
-25
-81
-93
-166
-177
-206
-255
-280
-279
-265
-271
-261
-258
-240
-273
-311
-320
-344
-386
-401
-415
-414
-409
-397
-391
-432
-430
-426
-388
-358
-343
-306
-284
-251
-239
-221
-214
-228
-240
-224
-239
-225
-198
-167
-134
-118
-99
-124
-85
-57
-37
-22
-18
50
71
156
196
194
227
218
256
284
241
272
280
249
322
334
316
308
339
326
311
338
334
318
309
326
296
301
273
238
225
211
214
180
140
118
152
141
104
98
79
74
82
57
60
95
99
83
54
63
35
2
-25
-31
-39
-71
-45
-56
-46
11
-51
-53
-26
-52
-37
-27
-23
-19
-60
-75
-85
-81
-103
-89
-82
-99
-58
-32
-23
-27
-21
-46
-49
-29
-19
-50
-8
12
38
68
90
100
82
97
128
125
107
102
97
134
119
126
109
100
128
94
127
130
119
133
134
141
119
132
82
83
48
35
15
-2
-17
5
-4
-74
-56
-70
-102
-127
-120
-141
-142
-142
-175
-189
-210
-237
-253
-292
-298
-253
-294
-308
-265
-267
-255
-229
-221
-223
-214
-256
-220
-206
-218
-179
-201
-165
-165
-164
-156
-194
-149
-158
-153
-121
-73
-60
-48
-3
-9
34
63
91
100
110
146
192
236
239
285
290
309
371
324
349
346
352
359
337
333
308
326
301
303
236
260
231
202
202
197
131
109
96
62
68
15
19
-65
-66
-50
-99
-65
-51
-55
-60
-24
-23
-42
-15
-17
5
-30
-52
-74
-75
-119
-131
-159
-175
-147
-170
-142
-177
-158
-199
-194
-193
-205
-171
-169
-154
-121
-110
-124
-114
-150
-132
-164
-142
-128
-113
-77
-71
-87
-93
-74
-55
-26
-18
29
48
76
108
129
98
126
105
83
78
84
78
79
62
41
61
44
44
42
45
39
67
85
102
62
106
85
68
81
44
50
30
29
-30
-41
-49
-61
-75
-66
-133
-161
-165
-215
-238
-225
-258
-258
-216
-218
-223
-242
-245
-280
-293
-277
-329
-313
-256
-261
-247
-252
-233
-227
-226
-191
-191
-184
-123
-90
-71
-18
-46
-31
-37
-71
-62
-59
-72
-23
-34
19
51
22
50
29
23
45
69
63
124
161
161
250
230
224
234
247
232
241
283
272
303
342
321
314
320
324
303
262
313
281
298
297
309
309
296
294
243
238
222
251
257
248
282
303
288
276
264
235
178
166
149
126
127
170
150
129
180
117
97
132
68
34
42
34
-10
11
4
-6
-5
-19
6
-13
-18
20
54
22
51
53
54
71
59
46
40
52
104
91
97
129
103
55
70
37
-26
-34
-59
-51
-70
-51
-91
-105
-144
-178
-186
-230
-237
-264
-258
-275
-306
-266
-310
-345
-364
-398
-406
-439
-431
-451
-453
-488
-539
-576
-587
-623
-593
-574
-534
-504
-476
-485
-457
-469
-471
-422
-391
-374
-353
-307
-281
-242
-231
-182
-133
-116
-89
13
6
82
106
111
198
194
226
234
265
239
263
264
245
272
291
314
320
361
357
355
363
337
371
374
357
414
408
443
445
406
395
376
363
379
360
371
376
366
367
341
342
325
299
289
277
298
321
348
327
331
304
300
248
234
230
188
185
172
168
167
136
96
62
62
5
-35
-78
-91
-108
-139
-146
-182
-211
-222
-257
-310
-282
-281
-288
-285
-272
-310
-321
-354
-412
-395
-431
-464
-415
-422
-397
-367
-353
-349
-336
-314
-294
-285
-227
-202
-187
-130
-143
-131
-133
-134
-166
-169
-159
-143
-120
-114
-74
-78
-51
-38
-53
-20
-14
-16
-29
-9
25
32
69
79
65
23
44
28
20
11
22
44
26
26
16
-21
-30
-45
-51
-61
-50
-16
-53
-18
-24
-58
-86
-97
-125
-155
-154
-168
-177
-156
-182
-169
-208
-228
-224
-214
-183
-164
-108
-76
-42
-20
21
56
73
101
106
168
194
160
243
259
261
308
330
326
334
370
398
426
440
499
488
488
540
517
519
519
458
418
384
354
351
328
320
300
285
264
260
233
229
215
163
172
156
131
120
109
73
32
30
0
-3
-4
1
-13
-32
-38
-108
-148
-159
-204
-239
-231
-267
-284
-249
-290
-281
-284
-328
-299
-329
-332
-307
-314
-311
-315
-337
-349
-348
-344
-359
-376
-337
-308
-281
-234
-215
-215
-231
-233
-201
-216
-194
-164
-137
-118
-89
-38
-24
-15
-22
-19
-9
-5
24
80
84
137
117
91
99
94
61
48
24
-56
-6
14
10
74
80
106
160
234
311
382
412
468
507
495
483
455
409
377
336
292
300
249
240
239
216
160
72
56
7
-82
-163
-194
-185
-219
-223
-193
-205
-185
-141
-134
-61
-42
-40
4
8
25
11
-10
-32
-61
-59
-38
-1
28
49
103
73
45
-17
-54
-75
-157
-254
-282
-269
-319
-323
-303
-325
-386
-405
-402
-409
-437
-421
-396
-331
-356
-338
-257
-296
-322
-342
-359
-319
-313
-249
-184
-124
-113
-69
-23
3
20
11
93
103
119
195
218
193
208
164
152
152
101
106
72
89
141
155
203
235
269
335
415
446
514
578
708
816
850
935
989
1035
983
1002
994
918
895
875
773
700
627
514
439
321
253
225
218
196
257
358
368
399
423
350
248
119
-78
-245
-488
-804
-1083
-1391
-1680
-1978
-2222
-2414
-2558
-2635
-2558
-2387
-2167
-1928
-1651
-1328
-1024
-662
-363
-73
199
401
560
799
904
958
1047
1099
1147
1138
1147
1078
962
875
790
737
652
581
484
398
299
146
8
-170
-379
-607
-790
-1039
-1247
-1454
-1609
-1714
-1776
-1722
-1600
-1339
-1062
-694
-198
243
746
1228
1734
2080
2529
2856
3092
3334
3456
3575
3553
3511
3375
3230
3059
2857
2613
2367
2105
1762
1457
1149
801
443
70
-258
-545
-846
-1145
-1474
-1835
-2248
-2601
-2960
-3372
-3820
-4227
-4538
-4898
-5072
-5175
-5180
-5061
-4795
-4394
-3872
-3279
-2764
-2208
-1581
-1048
-547
-37
449
889
1262
1672
2025
2329
2579
2797
2975
3084
3116
3087
3032
2861
2680
2506
2318
2143
1901
1710
1510
1274
1026
761
524
270
40
-179
-281
-446
-659
-845
-1012
-1269
-1489
-1685
-1865
-1971
-1984
-1897
-1733
-1424
-1154
-825
-324
187
643
1064
1543
1922
2308
2739
3027
3238
3453
3601
3639
3675
3641
3562
3409
3246
3030
2712
2404
2073
1693
1258
809
379
-40
-441
-807
-1138
-1427
-1679
-1886
-2165
-2454
-2700
-2961
-3216
-3561
-3916
-4262
-4549
-4834
-5062
-5179
-5255
-5250
-5151
-4831
-4405
-4013
-3578
-3079
-2438
-1824
-1174
-466
241
935
1639
2405
3093
3676
4058
4377
4619
4799
4725
4616
4416
4048
3743
3444
3144
2710
2298
1920
1557
1224
884
540
208
17
-205
-461
-602
-857
-1117
-1332
-1520
-1705
-1857
-2012
-2155
-2355
-2481
-2561
-2687
-2729
-2866
-2828
-2738
-2558
-2266
-1940
-1424
-896
-297
347
1044
1652
2300
2918
3409
3934
4304
4532
4641
4646
4586
4414
4058
3618
3211
2795
2373
1962
1479
978
493
146
-186
-581
-785
-919
-1035
-1032
-1005
-1000
-1104
-1241
-1499
-1787
-2033
-2473
-3063
-3631
-4155
-4671
-5157
-5483
-5639
-5684
-5561
-5205
-4653
-4012
-3391
-2664
-1802
-987
-236
561
1409
2138
2787
3448
4037
4501
4792
4949
5066
5075
4925
4625
4226
3817
3265
2766
2351
1862
1380
839
410
11
-442
-878
-1328
-1751
-2172
-2554
-2932
-3265
-3594
-3854
-4137
-4266
-4299
-4380
-4276
-4119
-3868
-3575
-3259
-2959
-2617
-2224
-1831
-1444
-1041
-583
-231
211
781
1343
1871
2440
3093
3689
4241
4826
5318
5736
5980
6125
6226
6170
5993
5601
5172
4665
4046
3447
2815
2155
1523
990
452
4
-480
-892
-1136
-1329
-1454
-1527
-1470
-1514
-1507
-1489
-1492
-1582
-1849
-2083
-2245
-2606
-3069
-3584
-4020
-4444
-4865
-5125
-5278
-5326
-5288
-4964
-4383
-3804
-3229
-2555
-1837
-1032
-339
347
1047
1589
2116
2602
3098
3480
3726
3878
3911
3915
3730
3446
3038
2552
1956
1390
915
418
-93
-652
-1024
-1350
-1756
-2035
-2299
-2579
-2802
-2985
-3057
-3131
-3191
-3135
-3110
-3069
-2823
-2606
-2369
-2060
-1709
-1287
-865
-490
-176
200
476
799
1172
1461
1793
2038
2367
2742
3026
3293
3665
3962
4212
4561
4785
4960
4976
4877
4872
4705
4424
4097
3731
3246
2732
2220
1634
1003
356
-201
-718
-1149
-1508
-1940
-2064
-2174
-2269
-2210
-2114
-1960
-1851
-1665
-1475
-1426
-1518
-1619
-1714
-1860
-2228
-2666
-3184
-3715
-4321
-4810
-5181
-5497
-5747
-5718
-5463
-5036
-4516
-4047
-3446
-2801
-2046
-1336
-528
398
1121
1875
2678
3326
3784
4134
4342
4373
4310
4183
3956
3602
3155
2573
2172
1786
1294
814
467
160
-75
-212
-393
-477
-605
-662
-686
-819
-826
-875
-1073
-1158
-1121
-1118
-1148
-1177
-1142
-1026
-910
-780
-575
-265
14
408
777
1200
1685
2088
2564
2973
3414
3700
3982
4334
4614
4795
4784
4869
4904
4699
4564
4330
3980
3578
3158
2721
2085
1456
723
85
-535
-1273
-1884
-2326
-2685
-3037
-3269
-3366
-3532
-3588
-3531
-3421
-3225
-3034
-2711
-2369
-2008
-1834
-1711
-1549
-1611
-1726
-2030
-2424
-2909
-3373
-3790
-4162
-4463
-4602
-4714
-4520
-4177
-3810
-3294
-2766
-2232
-1586
-887
-284
353
808
1208
1539
1831
2010
2117
2111
1932
1842
1643
1384
982
535
131
-403
-735
-912
-1154
-1362
-1427
-1385
-1298
-1268
-1190
-1106
-948
-759
-583
-270
-33
156
268
428
642
871
1002
1241
1490
1822
2190
2552
2928
3148
3344
3547
3722
3847
3804
3669
3618
3551
3404
3288
3215
3094
2947
2889
2874
2723
2555
2453
2271
2163
1890
1481
1114
674
241
-343
-838
-1378
-1829
-2304
-2618
-2817
-3020
-3094
-3120
-2845
-2600
-2226
-1739
-1117
-451
297
1033
1828
2495
3020
3431
3597
3595
3443
2950
2199
1364
453
-514
-1496
-2462
-3287
-3999
-4579
-4799
-4869
-4783
-4764
-4613
-4323
-4017
-3682
-3378
-3148
-2908
-2729
-2587
-2431
-2306
-2381
-2403
-2406
-2455
-2544
-2650
-2752
-2922
-2986
-2900
-2774
-2518
-2178
-1886
-1496
-981
-544
-147
358
795
1321
1693
2108
2547
2850
3184
3502
3641
3920
4019
4139
4179
4222
4283
4219
4184
4020
3846
3501
3242
2941
2534
2133
1684
1316
1005
671
466
254
233
159
197
311
415
496
631
834
951
984
893
864
705
470
205
-111
-474
-823
-976
-1075
-964
-861
-619
-98
406
1012
1575
2249
2883
3423
3974
4420
4802
4995
5057
4923
4575
4021
3289
2424
1272
-97
-1407
-2717
-4058
-5173
-6184
-6977
-7526
-7898
-8039
-7903
-7731
-7566
-7193
-6755
-6314
-5828
-5404
-4982
-4535
-4124
-3717
-3336
-2988
-2603
-2285
-1879
-1459
-1154
-859
-479
-28
367
868
1357
1778
2247
2742
3190
3521
3899
4270
4566
4820
5009
5141
5191
5120
5036
4868
4578
4278
3933
3519
3113
2626
2264
1989
1638
1323
1056
730
413
152
-121
-444
-695
-939
-1070
-1188
-1190
-1124
-1027
-875
-629
-328
-41
328
659
1062
1463
1828
2069
2267
2337
2317
2154
1983
1757
1528
1296
1259
1272
1313
1459
1629
1924
2075
2216
2471
2671
2829
2958
3063
3194
3237
3117
2861
2488
1872
1162
421
-568
-1707
-3002
-4120
-5165
-6272
-7271
-7925
-8423
-8711
-8763
-8547
-8189
-7871
-7517
-7012
-6379
-5907
-5452
-4826
-4158
-3553
-2889
-2200
-1514
-1039
-507
83
660
1211
1690
2166
2660
3066
3490
3900
4184
4440
4592
4790
5082
5152
5251
5221
5145
5010
4787
4499
4106
3789
3335
2908
2432
2044
1623
1197
823
434
91
-218
-529
-893
-1093
-1360
-1626
-1885
-2129
-2443
-2724
-2933
-2899
-2876
-2812
-2450
-2023
-1570
-873
-189
546
1237
1891
2498
3027
3366
3586
3740
3700
3482
3133
2857
2451
2143
1766
1580
1506
1463
1531
1762
2024
2203
2350
2609
2837
2958
3106
3275
3510
3489
3475
3285
2891
2266
1520
673
-423
-1778
-3085
-4289
-5381
-6404
-7256
-7733
-8208
-8291
-8138
-7722
-7440
-7053
-6610
-5881
-5258
-4746
-4096
-3532
-2860
-2334
-1726
-1080
-576
-185
292
878
1376
1919
2386
2884
3344
3646
4022
4278
4436
4411
4335
4341
4241
4051
3871
3633
3408
3215
2905
2638
2379
2021
1719
1433
1102
772
394
-51
-490
-739
-1062
-1439
-1820
-2047
-2301
-2611
-2839
-3124
-3385
-3669
-3784
-3821
-3685
-3475
-3153
-2629
-1834
-1033
-184
748
1676
2421
3135
3759
4220
4401
4325
4284
4084
3688
3395
2998
2669
2474
2339
2380
2482
2552
2653
2857
3042
3140
3217
3318
3370
3359
3316
3377
3313
3008
2725
2260
1665
817
-80
-1036
-2276
-3579
-4785
-5814
-6792
-7644
-8240
-8581
-8641
-8580
-8222
-7733
-7263
-6765
-6303
-5597
-5006
-4461
-3873
-3149
-2538
-1893
-1120
-359
309
1036
1830
2680
3460
4086
4769
5273
5724
6056
6249
6385
6244
5990
5794
5548
5165
4727
4358
3896
3463
3059
2658
2353
1904
1466
1019
711
275
-81
-551
-858
-1310
-1699
-2022
-2412
-2882
-3263
-3504
-3764
-3958
-4076
-4161
-4170
-3924
-3663
-3162
-2760
-2073
-1217
-284
624
1540
2565
3423
4095
4707
5163
5337
5271
5006
4562
4071
3397
2780
2240
1767
1360
1051
1007
948
819
742
766
830
749
755
815
836
841
930
1073
987
828
476
65
-588
-1309
-2093
-3072
-4150
-5218
-6067
-6827
-7425
-7987
-8208
-8240
-8198
-7940
-7397
-6786
-6221
-5603
-4882
-4059
-3323
-2643
-1874
-1111
-408
301
1023
1809
2375
2974
3682
4313
4819
5339
5708
5977
6163
6186
6087
5963
5642
5191
4891
4497
4161
3727
3329
3035
2640
2395
2168
1938
1655
1421
1185
935
763
527
230
-92
-406
-701
-995
-1286
-1646
-1938
-2227
-2385
-2650
-2740
-2812
-2776
-2675
-2316
-1982
-1586
-948
-252
513
1048
1868
2560
3056
3493
3682
3822
3585
3021
2514
1855
1183
529
-33
-338
-559
-776
-784
-691
-706
-609
-523
-235
-32
129
302
581
796
1004
1245
1378
1457
1239
997
622
77
-571
-1260
-2106
-2976
-3935
-4688
-5388
-6099
-6708
-7083
-7353
-7320
-7229
-6887
-6421
-5979
-5441
-4789
-4039
-3487
-2825
-2134
-1431
-833
-189
482
1102
1680
2257
2850
3438
3900
4255
4672
5053
5256
5351
5368
5368
5128
4828
4602
4313
3923
3582
3286
2965
2777
2590
2410
2290
2169
2034
1852
1607
1374
1068
750
383
-96
-468
-894
-1406
-1915
-2236
-2633
-2988
-3259
-3323
-3248
-3186
-3005
-2657
-2206
-1623
-967
-167
659
1463
2253
2948
3595
3939
4089
4068
3848
3281
2751
2111
1486
926
513
274
119
65
57
258
513
875
1132
1396
1644
1880
1993
2086
2151
2034
1980
2011
1821
1522
1218
760
140
-577
-1206
-2091
-3149
-4116
-4928
-5761
-6543
-7313
-7718
-8015
-8090
-8040
-7643
-7131
-6694
-6071
-5331
-4478
-3792
-3030
-2236
-1500
-767
-154
477
1101
1535
2044
2580
3216
3746
4228
4700
5155
5412
5560
5745
5723
5470
5281
5060
4685
4341
3922
3504
3133
2751
2419
2157
1846
1574
1246
877
505
74
-246
-674
-1151
-1584
-1961
-2348
-2728
-3109
-3418
-3549
-3691
-3720
-3576
-3272
-3087
-2776
-2229
-1705
-1094
-309
551
1494
2305
3066
3824
4432
4787
4895
4887
4626
4118
3503
2900
2298
1680
1164
803
575
265
293
439
522
662
894
992
1204
1265
1192
1209
1081
961
713
641
469
143
-188
-634
-1102
-1762
-2235
-2840
-3629
-4378
-5112
-5726
-6444
-7109
-7573
-7781
-7847
-7681
-7202
-6531
-5832
-5116
-4229
-3286
-2483
-1601
-804
-55
618
1169
1753
2333
2745
3109
3568
4078
4403
4827
5117
5298
5492
5605
5578
5398
5188
4812
4427
4063
3712
3266
2913
2724
2557
2360
2232
1999
1676
1407
1149
707
259
-86
-540
-969
-1520
-1887
-2152
-2551
-2844
-3008
-3048
-3053
-2934
-2807
-2504
-2315
-2093
-1637
-1138
-686
-188
436
1084
1690
2190
2757
3068
3326
3263
3001
2664
1982
1309
603
-1
-524
-963
-1234
-1354
-1437
-1291
-930
-546
-110
331
784
1265
1475
1688
1712
1567
1426
1169
967
673
298
-103
-471
-897
-1369
-1726
-2123
-2686
-3400
-4019
-4626
-5348
-6004
-6486
-6774
-6849
-6727
-6374
-5808
-5251
-4605
-3944
-2996
-2127
-1319
-558
268
994
1557
2028
2490
2843
3086
3435
3778
4170
4422
4753
5021
5203
5348
5495
5518
5354
5220
4923
4691
4373
3915
3519
3225
2936
2531
2303
1990
1570
1149
744
333
-284
-842
-1390
-2065
-2672
-3258
-3709
-4163
-4452
-4568
-4569
-4452
-4214
-3928
-3479
-3234
-2824
-2271
-1722
-1157
-661
36
707
1306
1836
2387
2878
3088
3174
3175
3004
2640
2111
1685
1344
933
662
432
345
478
760
1106
1549
1994
2247
2656
3010
3086
3026
2823
2497
2152
1639
1178
680
121
-305
-721
-1201
-1613
-1903
-2240
-2740
-3353
-4026
-4515
-5128
-5792
-6263
-6510
-6601
-6501
-6186
-5616
-5021
-4473
-3773
-2946
-2080
-1369
-724
67
628
1157
1546
1957
2362
2584
2897
3168
3546
3790
3911
4168
4314
4389
4386
4382
4328
3958
3713
3388
3010
2532
2134
1714
1344
1036
629
391
0
-372
-736
-1074
-1506
-1946
-2322
-2736
-3087
-3386
-3646
-3775
-3820
-3915
-3647
-3446
-3115
-2696
-2200
-1738
-1178
-625
21
528
1023
1659
2205
2770
3180
3586
3908
4097
3924
3738
3409
2890
2309
1865
1473
1134
879
654
695
770
804
1074
1420
1614
1879
2114
2282
2369
2204
1895
1676
1205
663
177
-252
-803
-1182
-1541
-1884
-2246
-2489
-2727
-3139
-3623
-4185
-4691
-5280
-5809
-6262
-6435
-6592
-6446
-6210
-5673
-5073
-4495
-3790
-2949
-2153
-1381
-655
107
648
1229
1644
2145
2577
2851
3282
3576
4046
4265
4506
4761
4949
5117
5212
5289
5226
4991
4667
4380
4029
3497
3068
2590
2090
1635
1287
868
471
162
-277
-661
-1005
-1379
-1746
-2165
-2526
-2915
-3033
-3214
-3258
-3249
-2983
-2765
-2539
-2199
-1786
-1331
-899
-397
148
652
1020
1544
1895
2205
2352
2465
2553
2499
2306
2056
1709
1374
822
426
264
24
-128
-252
-179
-127
58
263
551
778
840
1015
1076
1036
803
525
242
-109
-486
-777
-903
-1225
-1313
-1372
-1407
-1598
-1728
-1835
-2138
-2667
-3316
-3686
-4426
-4937
-5458
-5613
-5696
-5571
-5274
-4819
-4102
-3498
-2904
-2137
-1272
-690
-93
555
1181
1545
1935
2260
2606
2822
2948
3177
3501
3767
3972
4315
4539
4658
4755
4744
4688
4379
3961
3565
3193
2642
2114
1716
1258
925
572
299
56
-282
-588
-825
-1125
-1461
-1644
-1953
-2310
-2516
-2811
-2797
-2878
-2835
-2772
-2407
-2204
-1895
-1486
-1034
-705
-359
70
496
833
1007
1433
1744
1883
2025
2234
2290
2225
2022
1881
1549
1322
1013
951
893
692
591
715
987
1115
1326
1564
1827
1957
2045
2071
2073
1706
1405
1004
589
156
-181
-426
-572
-681
-739
-739
-821
-897
-1078
-1436
-1966
-2802
-3605
-4288
-5085
-5674
-6114
-6178
-6283
-6034
-5717
-5000
-4491
-3913
-3236
-2445
-1696
-1089
-490
-3
459
746
1172
1561
1845
2060
2338
2731
3157
3447
3690
3917
4078
4203
4259
4205
4002
3607
3214
2898
2465
1932
1410
951
517
144
-68
-351
-540
-766
-925
-1048
-1312
-1576
-1841
-2096
-2386
-2556
-2640
-2587
-2626
-2442
-2179
-1864
-1544
-1131
-686
-208
272
696
1196
1607
2039
2248
2623
2859
2936
3048
3107
3036
2975
2784
2579
2278
1890
1610
1369
1219
906
628
537
491
503
601
575
622
601
647
770
735
505
291
51
-171
-498
-719
-1091
-1325
-1450
-1465
-1640
-1675
-1750
-1798
-2146
-2601
-3196
-3783
-4465
-5088
-5572
-5772
-5722
-5595
-5102
-4381
-3563
-2777
-1932
-1273
-388
157
710
1141
1603
1738
1942
2168
2314
2409
2463
2736
3056
3457
3664
4088
4376
4556
4729
4705
4443
4069
3546
3015
2514
1990
1364
896
472
87
-255
-456
-705
-843
-906
-984
-1092
-1159
-1315
-1497
-1684
-1867
-1929
-2010
-2022
-2000
-1747
-1503
-1207
-891
-576
-299
-18
301
550
734
852
906
1033
1092
1097
1038
1033
966
820
773
673
409
76
-123
-257
-330
-348
-391
-542
-548
-426
-283
-135
98
250
396
614
716
592
363
103
-96
-282
-557
-654
-725
-703
-669
-651
-734
-902
-987
-1167
-1581
-2174
-2842
-3397
-4098
-4551
-4957
-5113
-5072
-4829
-4318
-3596
-2807
-2091
-1350
-529
158
733
1210
1542
1846
2018
2245
2448
2755
2897
3184
3575
4017
4385
4708
5007
5319
5421
5431
5448
5127
4657
4008
3314
2606
1872
1099
364
-253
-701
-1084
-1239
-1434
-1543
-1744
-1765
-1826
-1811
-1951
-2204
-2319
-2487
-2548
-2616
-2673
-2760
-2575
-2432
-2192
-1863
-1578
-1414
-1060
-660
-249
-49
54
282
445
633
737
861
1068
1138
1210
1363
1424
1399
1267
1178
1150
1148
1112
863
687
519
439
499
409
443
389
370
483
511
490
361
314
189
25
-134
-313
-335
-426
-499
-425
-655
-813
-993
-1087
-1461
-2056
-2709
-3324
-3845
-4323
-4673
-4866
-4843
-4670
-4229
-3539
-2769
-2130
-1427
-894
-247
187
394
636
812
844
1016
1123
1336
1572
1787
2135
2673
3145
3625
4076
4296
4426
4479
4401
3955
3501
2878
2204
1622
1020
387
-270
-642
-867
-1078
-1085
-977
-856
-784
-620
-528
-453
-565
-804
-965
-1079
-1178
-1362
-1418
-1395
-1274
-1088
-844
-521
-246
59
351
726
986
1162
1295
1382
1528
1588
1537
1539
1747
1867
1951
2083
2100
2119
1987
1857
1713
1440
1203
925
630
405
110
-177
-240
-387
-424
-423
-255
-100
33
38
-16
-43
-275
-506
-728
-895
-1180
-1362
-1495
-1615
-1842
-2039
-2126
-2272
-2571
-3098
-3622
-3975
-4467
-4815
-5028
-5051
-4833
-4458
-3901
-3224
-2527
-1949
-1506
-1035
-530
-272
-44
180
450
622
867
1240
1526
1816
2124
2687
3104
3443
3841
4109
4377
4457
4413
4210
3764
3192
2574
1924
1274
683
8
-352
-566
-709
-792
-706
-604
-514
-345
-233
-104
-115
-240
-449
-462
-665
-924
-984
-1078
-1030
-866
-780
-547
-273
-65
137
384
612
902
995
1090
1199
1367
1302
1398
1486
1522
1552
1458
1487
1424
1387
1127
949
825
612
365
169
-66
-285
-543
-644
-489
-376
-112
185
512
825
955
910
866
710
450
188
-50
-174
-363
-545
-532
-609
-785
-879
-923
-1081
-1570
-2096
-2569
-2980
-3556
-3962
-4183
-4197
-3965
-3609
-3080
-2457
-1985
-1483
-1080
-656
-379
-230
-41
38
117
215
280
499
759
1037
1470
1861
2365
2772
3050
3276
3393
3405
3248
2913
2507
1879
1194
486
-205
-750
-1293
-1514
-1687
-1744
-1565
-1395
-1109
-944
-793
-585
-490
-440
-600
-672
-797
-928
-1038
-1149
-1131
-1156
-1069
-817
-629
-387
-200
-118
198
364
483
513
585
679
790
763
884
1054
1060
1174
1228
1264
1331
1255
1032
1083
979
832
671
698
713
563
496
517
623
631
658
769
999
1132
1265
1415
1539
1593
1485
1401
1400
1243
997
798
682
463
152
-142
-232
-297
-666
-1064
-1422
-1809
-2354
-2751
-3167
-3385
-3537
-3475
-3291
-2912
-2650
-2466
-2216
-1863
-1607
-1475
-1277
-1093
-958
-880
-663
-376
-110
59
404
839
1405
1824
2094
2341
2425
2449
2350
2110
1671
1111
554
124
-157
-483
-757
-786
-817
-688
-449
-196
70
287
465
675
763
782
592
391
271
50
-166
-365
-441
-517
-581
-481
-339
-270
-123
-72
-70
-16
123
-33
-73
-2
-1
28
70
107
140
203
164
316
439
431
346
327
313
275
199
257
340
263
329
496
800
991
1205
1479
1775
2040
2209
2329
2406
2397
2223
2139
1956
1801
1533
1393
1236
1097
823
612
622
469
9
-604
-1289
-1913
-2726
-3493
-3976
-4346
-4606
-4672
-4524
-4183
-3792
-3664
-3355
-3059
-2730
-2564
-2319
-2109
-1878
-1726
-1462
-999
-635
-174
404
990
1598
2158
2615
2969
3292
3325
3325
3180
2888
2544
1989
1582
1256
936
677
580
595
610
709
890
1059
1119
1121
1171
1128
967
742
387
52
-400
-702
-1037
-1324
-1616
-1873
-2025
-2195
-2292
-2437
-2491
-2515
-2514
-2519
-2410
-2333
-2109
-1918
-1684
-1439
-1182
-979
-678
-437
-191
35
220
354
408
586
654
726
845
1072
1286
1529
1747
2050
2328
2576
2718
2946
3087
3140
3311
3409
3461
3563
3547
3594
3586
3365
3179
3032
2727
2472
2119
1833
1422
1048
616
-56
-820
-1685
-2405
-3094
-3697
-4169
-4457
-4576
-4431
-4273
-3947
-3716
-3504
-3328
-3071
-2781
-2535
-2387
-2243
-2076
-1678
-1336
-869
-363
109
700
1265
1849
2299
2683
2790
2773
2654
2569
2300
1923
1589
1147
861
658
638
523
461
562
700
937
1090
1113
1052
982
873
600
285
-126
-759
-1372
-1861
-2330
-2762
-3243
-3593
-3714
-3718
-3769
-3775
-3762
-3630
-3547
-3400
-3113
-2911
-2705
-2469
-2014
-1694
-1322
-1083
-771
-400
-216
125
437
621
835
1028
1313
1591
1890
2141
2458
2812
3191
3449
3671
3958
4115
4342
4488
4620
4649
4731
4746
4698
4710
4568
4404
4103
3780
3479
3094
2619
2182
1688
1164
539
-1
-526
-1239
-2079
-2932
-3540
-4118
-4673
-5118
-5339
-5508
-5560
-5486
-5211
-4981
-4789
-4585
-4225
-3824
-3490
-3230
-2868
-2454
-2078
-1571
-1050
-450
99
648
1323
1984
2472
2894
3083
3399
3525
3541
3534
3396
3201
2950
2870
2742
2614
2501
2473
2520
2561
2525
2568
2327
2078
1729
1323
874
343
-184
-888
-1438
-1963
-2421
-2891
-3369
-3719
-4026
-4163
-4216
-4321
-4258
-4182
-3972
-3725
-3410
-3073
-2878
-2516
-2203
-1850
-1628
-1309
-1017
-773
-397
-67
345
686
1060
1466
1944
2392
2723
3041
3424
3822
4158
4506
4850
4969
5045
5032
5006
4944
4810
4692
4511
4467
4390
4168
3864
3475
2895
2333
1535
807
83
-595
-1269
-1821
-2360
-2734
-3061
-3546
-4099
-4461
-4898
-5475
-5856
-6268
-6519
-6688
-6710
-6486
-6080
-5778
-5393
-4957
-4338
-3798
-3289
-2777
-2165
-1528
-922
-192
550
1182
1744
2456
3146
3757
4115
4601
4970
5130
5213
5292
5248
5108
4930
4722
4683
4507
4262
3980
3645
3288
2810
2368
1858
1294
667
6
-518
-1034
-1647
-2363
-2981
-3616
-4194
-4778
-5271
-5627
-5959
-6011
-6099
-5968
-5723
-5502
-5299
-4917
-4429
-4020
-3594
-3099
-2570
-2009
-1450
-930
-339
244
812
1472
2153
2858
3431
4047
4691
5310
5742
6077
6417
6552
6780
6824
6910
6815
6720
6634
6400
6264
6004
5692
5334
4995
4629
4141
3588
2983
2275
1570
854
161
-495
-1196
-1730
-2306
-2939
-3506
-4019
-4527
-5088
-5653
-6238
-6566
-6947
-7269
-7453
-7457
-7427
-7258
-6911
-6493
-6016
-5574
-5068
-4496
-3846
-3312
-2827
-2250
-1647
-1002
-467
155
953
1698
2389
3206
4011
4549
5120
5481
5760
5899
5866
5769
5525
5208
4859
4470
4114
3643
3075
2559
2105
1605
1057
549
-60
-572
-1177
-1792
-2464
-3078
-3737
-4443
-5039
-5569
-5993
-6423
-6631
-6705
-6675
-6600
-6340
-5925
-5476
-5022
-4502
-3895
-3175
-2524
-1892
-1141
-406
354
961
1672
2540
3194
3835
4573
5304
5988
6522
7056
7519
7896
8059
8168
8179
8054
7829
7548
7331
7006
6607
6179
5783
5298
4762
4187
3540
2940
2242
1552
901
236
-461
-1127
-1774
-2413
-3032
-3680
-4123
-4628
-5226
-5688
-6102
-6448
-6832
-7277
-7578
-7736
-7824
-7824
-7805
-7545
-7164
-6751
-6162
-5373
-4763
-4122
-3436
-2706
-2016
-1353
-682
125
877
1596
2420
3188
3982
4637
5293
5895
6398
6786
7014
7078
7074
6824
6511
6072
5509
4802
4079
3416
2581
1753
927
157
-536
-1282
-1976
-2615
-3278
-3963
-4666
-5375
-5922
-6485
-7060
-7390
-7739
-7953
-8041
-7990
-7904
-7665
-7382
-6932
-6355
-5719
-5038
-4364
-3503
-2605
-1677
-649
347
1350
2336
3286
4240
5121
5996
6606
7249
7822
8400
8788
9069
9223
9308
9272
8989
8703
8364
7902
7320
6787
6297
5703
5007
4248
3559
2925
2175
1399
692
-32
-804
-1571
-2233
-2852
-3573
-4208
-4717
-5132
-5523
-5767
-6037
-6198
-6326
-6501
-6642
-6657
-6554
-6626
-6638
-6512
-6363
-6264
-6070
-5877
-5390
-4967
-4459
-3796
-2992
-2219
-1472
-638
187
1067
1842
2612
3289
4007
4571
5123
5696
6098
6340
6567
6668
6699
6627
6408
6080
5687
5160
4580
3997
3292
2572
1834
1095
280
-547
-1432
-2210
-3024
-3797
-4488
-5054
-5620
-6235
-6650
-7025
-7294
-7516
-7752
-7747
-7777
-7760
-7610
-7268
-6887
-6462
-5937
-5263
-4352
-3406
-2353
-1301
-95
1011
2078
3151
4216
5157
6029
6741
7408
8022
8469
8789
9011
9196
9181
9180
8982
8780
8466
7998
7493
6926
6262
5539
4798
3993
3179
2344
1484
652
-98
-847
-1612
-2405
-3012
-3626
-4215
-4767
-5196
-5600
-5943
-6081
-6266
-6334
-6323
-6275
-6090
-5873
-5608
-5370
-5013
-4603
-4326
-4059
-3757
-3397
-3183
-3023
-2826
-2453
-2116
-1766
-1327
-807
-230
304
954
1723
2426
3040
3513
3947
4297
4516
4641
4529
4445
4154
3887
3696
3424
3067
2833
2628
2489
2273
2102
1866
1543
1088
550
-10
-701
-1425
-2383
-3163
-3993
-4711
-5403
-6032
-6437
-6786
-7010
-7112
-7013
-7053
-6906
-6670
-6347
-5990
-5665
-5210
-4681
-4090
-3525
-2801
-1995
-1118
-196
817
1913
2985
3951
4898
5794
6582
7218
7686
8201
8514
8772
8934
8959
8956
8804
8531
8199
7779
7340
6833
6262
5688
5052
4344
3586
2835
1920
1047
218
-671
-1421
-2268
-3069
-3712
-4322
-4739
-5110
-5455
-5772
-5992
-6118
-6171
-6286
-6275
-6188
-6133
-6013
-5776
-5461
-5070
-4715
-4098
-3508
-2809
-2154
-1472
-735
-142
481
1008
1375
1705
1940
2054
2197
2197
2195
2201
2240
2243
2260
2336
2330
2335
2324
2258
2121
1868
1585
1341
1021
627
259
-129
-435
-745
-1043
-1297
-1557
-1804
-2094
-2340
-2545
-2772
-3095
-3416
-3769
-4102
-4455
-4767
-4998
-5306
-5504
-5574
-5628
-5634
-5493
-5274
-4887
-4388
-3807
-3150
-2434
-1712
-959
-117
689
1439
2198
2886
3429
4061
4542
4943
5330
5685
6052
6335
6616
6887
7099
7278
7358
7389
7455
7413
7225
6973
6642
6180
5674
5117
4490
3837
3102
2402
1791
1090
372
-313
-919
-1482
-2087
-2639
-3116
-3564
-3953
-4449
-4810
-5084
-5445
-5663
-5783
-5822
-5783
-5725
-5520
-5253
-4888
-4416
-3870
-3296
-2707
-2099
-1386
-619
39
661
1260
1856
2429
2900
3333
3729
4004
4250
4484
4635
4553
4444
4192
3789
3437
2969
2480
2007
1606
1166
758
325
-116
-524
-862
-1266
-1708
-2018
-2478
-2821
-3196
-3627
-4033
-4523
-4898
-5196
-5449
-5594
-5700
-5749
-5649
-5558
-5497
-5356
-5177
-5023
-4897
-4707
-4447
-4184
-3867
-3551
-3138
-2656
-2200
-1684
-1135
-598
45
655
1290
1945
2549
3169
3658
4192
4676
5022
5401
5683
5955
6157
6337
6477
6550
6601
6594
6632
6573
6427
6246
6025
5723
5412
4940
4379
3825
3206
2483
1733
1071
320
-427
-1119
-1812
-2403
-3025
-3574
-3948
-4306
-4579
-4802
-5012
-5119
-5107
-5046
-4923
-4679
-4414
-4130
-3709
-3208
-2732
-2223
-1717
-1156
-722
-173
305
792
1217
1556
2023
2319
2670
2919
3117
3291
3412
3438
3414
3338
3216
3007
2764
2565
2197
1913
1577
1226
813
448
47
-434
-791
-1234
-1607
-1948
-2279
-2565
-2859
-3137
-3336
-3479
-3682
-3802
-3835
-3879
-3907
-3947
-3940
-3913
-3951
-3976
-3903
-3780
-3587
-3406
-3188
-2943
-2633
-2395
-2121
-1747
-1424
-1074
-690
-267
247
713
1156
1641
2156
2606
3047
3531
4026
4408
4737
5037
5276
5529
5637
5762
5806
5732
5676
5523
5387
5251
4936
4590
4219
3713
3151
2536
1872
1177
425
-268
-1025
-1752
-2458
-3076
-3636
-4183
-4554
-4846
-5019
-5142
-5136
-5068
-4914
-4715
-4564
-4303
-4076
-3833
-3525
-3211
-2835
-2423
-1979
-1483
-955
-390
220
759
1299
1828
2299
2742
3147
3465
3774
3995
4173
4288
4298
4245
4080
3878
3607
3347
3073
2729
2413
2061
1673
1294
946
578
221
-134
-520
-936
-1309
-1690
-2096
-2388
-2655
-2919
-3038
-3138
-3307
-3265
-3280
-3376
-3283
-3223
-3201
-3056
-2915
-2877
-2773
-2738
-2627
-2529
-2428
-2258
-2116
-1875
-1640
-1345
-1057
-856
-590
-321
26
362
745
1108
1434
1807
2129
2402
2626
2916
3153
3440
3643
3790
4023
4098
4127
4157
4107
4063
3924
3668
3345
2991
2586
2133
1743
1212
787
350
-188
-502
-852
-1207
-1531
-1876
-2232
-2558
-2809
-3087
-3290
-3506
-3624
-3722
-3807
-3785
-3741
-3630
-3434
-3107
-2854
-2504
-2069
-1682
-1250
-836
-393
9
431
855
1270
1692
2086
2478
2847
3193
3498
3708
3883
3990
3986
4021
3891
3729
3489
3229
2873
2523
2201
1757
1432
1123
770
453
146
-135
-388
-670
-911
-1184
-1446
-1721
-2008
-2255
-2557
-2790
-3065
-3176
-3326
-3448
-3456
-3467
-3413
-3324
-3264
-3240
-3015
-2823
-2605
-2391
-2152
-1904
-1751
-1523
-1271
-1046
-810
-575
-354
-77
223
433
636
902
1118
1385
1657
1908
2222
2461
2659
2894
3086
3215
3306
3387
3368
3263
3028
2828
2562
2213
1908
1471
1132
856
511
141
-138
-465
-817
-1072
-1318
-1574
-1852
-2088
-2339
-2561
-2779
-3008
-3158
-3277
-3310
-3302
-3193
-3027
-2786
-2500
-2195
-1777
-1358
-900
-426
67
574
1060
1439
1838
2154
2423
2719
2997
3205
3422
3502
3615
3718
3681
3723
3653
3565
3453
3325
3166
2952
2761
2389
2104
1736
1326
1035
614
232
-110
-480
-815
-1171
-1456
-1728
-2001
-2142
-2293
-2404
-2467
-2521
-2514
-2518
-2519
-2477
-2399
-2334
-2278
-2176
-2133
-2053
-2005
-1873
-1660
-1558
-1369
-1149
-905
-676
-456
-220
-114
74
136
228
296
328
361
349
387
409
474
523
629
703
796
876
898
859
728
598
405
158
-82
-299
-510
-728
-941
-1165
-1276
-1402
-1419
-1414
-1418
-1348
-1393
-1362
-1414
-1465
-1519
-1583
-1585
-1628
-1665
-1641
-1522
-1418
-1241
-1076
-809
-530
-203
234
574
970
1347
1667
2034
2361
2674
2934
3132
3345
3514
3655
3759
3825
3821
3771
3790
3696
3619
3512
3318
3157
2987
2748
2486
2235
1947
1708
1463
1192
912
563
236
-156
-474
-746
-1108
-1369
-1596
-1806
-1947
-2079
-2159
-2203
-2221
-2177
-2164
-2177
-2126
-2145
-2155
-2125
-2136
-2022
-1954
-1908
-1797
-1700
-1620
-1446
-1297
-1162
-963
-813
-624
-455
-377
-237
-159
-41
-1
25
71
75
144
215
350
385
427
404
412
352
275
104
-55
-246
-384
-631
-887
-996
-1188
-1287
-1447
-1543
-1635
-1657
-1609
-1575
-1510
-1475
-1455
-1421
-1400
-1344
-1334
-1328
-1296
-1220
-1061
-949
-830
-602
-395
-158
134
494
843
1131
1462
1714
2073
2362
2581
2759
2948
3157
3281
3455
3520
3652
3642
3659
3641
3597
3614
3488
3452
3274
3136
2940
2735
2456
2194
1863
1553
1210
832
506
73
-291
-688
-1038
-1384
-1671
-1928
-2259
-2550
-2768
-3080
-3261
-3391
-3523
-3549
-3540
-3461
-3381
-3218
-3075
-2855
-2655
-2501
-2278
-2039
-1786
-1572
-1342
-1047
-804
-529
-195
85
357
668
976
1261
1521
1803
2015
2267
2422
2546
2686
2690
2687
2569
2449
2256
1987
1674
1356
1001
588
231
-172
-500
-810
-1153
-1410
-1707
-1955
-2177
-2381
-2576
-2736
-2831
-2931
-2966
-2977
-2982
-2987
-2875
-2774
-2608
-2400
-2237
-1931
-1651
-1297
-920
-533
-146
260
672
1058
1430
1720
2014
2266
2551
2845
3099
3314
3488
3634
3740
3847
3861
3869
3849
3853
3802
3709
3639
3508
3322
3148
2908
2693
2421
2158
1832
1412
1084
622
175
-215
-602
-912
-1260
-1610
-1862
-2155
-2369
-2619
-2845
-3000
-3181
-3366
-3548
-3636
-3754
-3807
-3814
-3826
-3712
-3586
-3423
-3152
-2938
-2633
-2357
-2028
-1727
-1495
-1188
-841
-503
-214
47
329
609
859
1078
1338
1563
1707
1888
1992
2116
2185
2215
2172
2098
1947
1762
1503
1215
912
568
233
-131
-428
-745
-1031
-1259
-1529
-1756
-1971
-2103
-2211
-2305
-2343
-2381
-2376
-2427
-2389
-2312
-2145
-1967
-1791
-1481
-1212
-870
-554
-210
105
412
773
1079
1407
1763
2126
2410
2732
2965
3178
3438
3649
3853
3997
4123
4195
4205
4184
4092
3940
3744
3628
3404
3171
3005
2763
2536
2240
1991
1693
1436
1160
875
576
271
-17
-295
-589
-916
-1162
-1443
-1676
-1906
-2121
-2318
-2471
-2619
-2690
-2792
-2854
-2924
-3010
-3000
-3022
-2978
-2946
-2846
-2792
-2652
-2517
-2362
-2236
-2057
-1901
-1778
-1533
-1421
-1226
-965
-738
-523
-276
-41
165
311
457
597
646
739
804
825
870
870
819
729
605
466
287
60
-131
-380
-601
-823
-1006
-1182
-1340
-1473
-1534
-1556
-1605
-1561
-1553
-1532
-1495
-1409
-1379
-1332
-1172
-1076
-889
-666
-424
-175
176
534
760
1054
1332
1544
1823
2020
2158
2263
2331
2482
2494
2508
2512
2507
2458
2481
2504
2441
2410
2340
2338
2238
2137
2001
1822
1680
1459
1236
1000
711
481
255
83
-63
-171
-240
-299
-361
-403
-430
-497
-547
-539
-549
-570
-592
-610
-638
-607
-617
-693
-667
-639
-590
-588
-571
-548
-505
-452
-465
-362
-382
-393
-410
-487
-468
-573
-622
-648
-659
-628
-604
-559
-515
-469
-462
-446
-433
-412
-395
-379
-408
-452
-541
-578
-712
-804
-911
-1027
-1056
-1102
-1112
-1159
-1095
-1161
-1118
-1096
-1123
-1073
-1039
-991
-931
-817
-705
-493
-290
-88
155
367
524
707
913
1073
1227
1361
1478
1582
1666
1743
1747
1778
1805
1780
1798
1788
1794
1752
1664
1596
1449
1306
1145
958
815
633
441
275
92
-57
-185
-351
-504
-676
-830
-921
-1019
-1117
-1176
-1210
-1170
-1163
-1194
-1183
-1148
-1151
-1078
-1001
-852
-744
-610
-393
-261
-83
94
219
381
498
616
717
827
883
951
1040
1012
1023
997
840
706
620
472
363
249
133
23
-56
-237
-333
-428
-584
-680
-820
-871
-904
-1014
-1082
-1166
-1241
-1316
-1355
-1406
-1444
-1476
-1542
-1563
-1560
-1538
-1517
-1481
-1381
-1320
-1229
-1137
-1042
-908
-794
-692
-558
-397
-232
-65
101
246
402
585
704
898
1063
1226
1343
1428
1532
1603
1710
1843
1923
2017
2176
2259
2329
2377
2388
2361
2307
2251
2120
1995
1875
1658
1492
1242
1031
796
595
385
129
-45
-265
-430
-581
-714
-830
-941
-1026
-1061
-1171
-1219
-1271
-1341
-1348
-1423
-1384
-1392
-1373
-1320
-1276
-1197
-1121
-1047
-950
-861
-804
-681
-571
-471
-376
-275
-135
35
194
331
485
556
645
720
773
797
808
786
735
712
652
628
560
494
381
237
171
94
-44
-147
-251
-389
-548
-717
-910
-1145
-1331
-1551
-1722
-1873
-2015
-2069
-2101
-2087
-2080
-2018
-1923
-1856
-1747
-1631
-1461
-1356
-1208
-1100
-980
-760
-564
-397
-118
170
428
728
1013
1321
1566
1873
2084
2352
2535
2664
2809
2877
2944
3009
3062
3099
3088
3045
2973
2845
2652
2460
2240
2023
1738
1482
1185
905
649
314
75
-227
-476
-746
-972
-1172
-1309
-1473
-1629
-1754
-1936
-2009
-2103
-2157
-2187
-2179
-2175
-2131
-2030
-1912
-1750
-1566
-1389
-1164
-975
-760
-600
-426
-323
-219
-109
18
179
294
461
645
840
1063
1255
1457
1661
1843
1985
2077
2209
2262
2211
2124
1970
1778
1543
1273
1027
734
491
184
-52
-323
-610
-898
-1200
-1455
-1724
-1970
-2243
-2441
-2585
-2764
-2886
-2997
-3063
-3114
-3150
-3103
-3056
-2879
-2702
-2479
-2201
-1917
-1597
-1239
-945
-542
-208
40
356
655
967
1267
1559
1835
2137
2357
2598
2760
2882
2898
2912
2863
2769
2776
2708
2617
2510
2366
2211
2033
1822
1595
1352
1072
762
496
249
0
-161
-385
-556
-681
-853
-950
-1074
-1214
-1310
-1292
-1319
-1290
-1306
-1282
-1283
-1315
-1299
-1309
-1259
-1245
-1163
-1047
-948
-847
-703
-560
-409
-191
-42
167
352
501
644
785
880
930
1022
1011
1076
1160
1223
1277
1354
1403
1436
1467
1447
1436
1339
1256
1097
909
719
435
125
-174
-530
-889
-1183
-1413
-1661
-1889
-2067
-2266
-2448
-2528
-2631
-2678
-2660
-2683
-2668
-2594
-2535
-2505
-2462
-2365
-2244
-2070
-1893
-1713
-1468
-1218
-908
-642
-369
-40
353
726
1148
1467
1735
2063
2274
2551
2833
2957
3088
3143
3134
3094
3023
2916
2756
2605
2467
2310
2084
1936
1754
1497
1256
1002
731
471
187
-70
-304
-530
-770
-1009
-1166
-1323
-1494
-1559
-1623
-1608
-1612
-1601
-1531
-1496
-1466
-1431
-1389
-1349
-1270
-1155
-1036
-900
-711
-545
-382
-214
-52
139
276
447
575
674
728
775
838
915
973
1029
1104
1175
1314
1362
1434
1495
1489
1468
1428
1296
1152
983
810
634
459
277
110
-63
-255
-468
-715
-882
-1118
-1306
-1421
-1544
-1641
-1679
-1737
-1797
-1831
-1822
-1889
-1928
-1918
-1957
-1853
-1783
-1664
-1529
-1419
-1178
-1012
-799
-579
-443
-232
-20
244
488
730
1006
1245
1400
1645
1817
1953
2111
2210
2284
2340
2302
2288
2188
2107
1909
1605
1386
1094
801
546
338
86
-137
-388
-629
-872
-1098
-1308
-1480
-1590
-1713
-1744
-1785
-1790
-1783
-1751
-1721
-1666
-1571
-1420
-1253
-1019
-809
-652
-376
-229
-33
167
323
552
697
917
1100
1268
1421
1579
1679
1783
1873
1909
1999
1999
1953
1994
1960
1885
1816
1696
1629
1497
1339
1241
1094
897
737
473
279
91
-131
-295
-549
-727
-937
-1164
-1403
-1652
-1816
-2020
-2184
-2261
-2379
-2405
-2424
-2434
-2413
-2416
-2402
-2400
-2299
-2235
-2139
-2052
-1945
-1846
-1716
-1520
-1330
-1126
-856
-577
-280
10
309
560
824
1049
1242
1459
1648
1853
1971
2041
2051
2026
2015
1990
1930
1918
1856
1787
1694
1584
1497
1316
1192
1020
778
592
368
111
-140
-405
-644
-827
-1034
-1217
-1341
-1474
-1576
-1648
-1693
-1741
-1706
-1680
-1577
-1406
-1280
-1086
-974
-775
-558
-425
-243
-37
117
328
528
688
854
1071
1273
1431
1613
1769
1928
2023
2087
2193
2301
2344
2367
2394
2456
2438
2398
2379
2327
2203
2046
1841
1609
1408
1197
944
677
438
199
-55
-292
-545
-798
-1043
-1293
-1504
-1707
-1936
-2151
-2346
-2564
-2742
-2883
-3000
-3097
-3115
-3080
-3085
-3015
-2912
-2794
-2652
-2478
-2282
-2120
-1865
-1661
-1412
-1113
-849
-539
-299
-14
258
453
616
836
1042
1190
1358
1487
1587
1717
1766
1775
1745
1725
1688
1650
1657
1566
1462
1371
1226
1089
855
614
343
121
-95
-339
-493
-658
-799
-957
-1136
-1327
-1525
-1665
-1790
-1891
-1879
-1920
-1864
-1757
-1696
-1567
-1525
-1426
-1296
-1161
-925
-682
-419
-207
94
310
553
846
1057
1273
1491
1731
1892
2102
2278
2394
2517
2647
2678
2762
2818
2775
2769
2716
2655
2575
2499
2410
2196
1986
1768
1537
1323
1038
775
497
292
86
-71
-300
-484
-683
-930
-1131
-1351
-1510
-1655
-1774
-1872
-1986
-2057
-2052
-2175
-2218
-2307
-2257
-2190
-2117
-1957
-1813
-1585
-1405
-1236
-1056
-842
-613
-396
-152
93
273
497
643
740
856
951
1043
1137
1163
1141
1188
1169
1162
1111
1077
1035
888
856
782
617
454
327
90
-55
-237
-442
-598
-739
-904
-1057
-1195
-1369
-1492
-1600
-1676
-1725
-1776
-1831
-1820
-1860
-1851
-1809
-1778
-1686
-1593
-1494
-1363
-1264
-1162
-1034
-952
-786
-656
-488
-247
45
303
529
823
1064
1298
1513
1712
1886
2062
2165
2236
2283
2300
2290
2244
2235
2219
2162
2152
2127
2023
1949
1778
1618
1458
1257
1073
824
588
307
112
-116
-376
-583
-827
-1053
-1222
-1422
-1606
-1787
-1903
-1982
-2048
-2126
-2154
-2146
-2065
-1932
-1846
-1701
-1546
-1348
-1108
-847
-621
-339
-99
148
339
453
656
754
905
1056
1146
1232
1336
1420
1441
1527
1594
1545
1551
1504
1411
1406
1260
1154
1072
955
836
698
592
426
282
176
23
-105
-243
-383
-526
-629
-751
-843
-871
-929
-975
-972
-985
-1007
-1072
-1078
-1053
-1099
-1035
-1053
-990
-969
-926
-896
-889
-824
-735
-595
-391
-188
8
221
388
543
667
812
880
964
1084
1147
1239
1349
1387
1433
1408
1389
1406
1385
1366
1317
1182
1057
948
789
689
508
337
176
24
-166
-390
-568
-776
-977
-1107
-1198
-1334
-1413
-1492
-1555
-1636
-1716
-1801
-1854
-1823
-1811
-1721
-1619
-1509
-1316
-1148
-982
-763
-523
-294
-91
127
263
424
587
690
796
886
966
1135
1223
1299
1412
1443
1469
1458
1441
1370
1278
1151
1052
948
800
656
462
268
-4
-219
-425
-661
-821
-1010
-1158
-1324
-1424
-1579
-1643
-1667
-1728
-1708
-1727
-1706
-1640
-1594
-1532
-1497
-1432
-1413
-1376
-1265
-1194
-1079
-929
-784
-587
-379
-246
-53
155
326
553
770
958
1151
1337
1472
1630
1740
1836
1924
2001
2078
2075
2089
2113
2061
2048
1975
1901
1882
1793
1730
1663
1590
1466
1359
1249
1067
865
660
420
216
-35
-276
-454
-634
-730
-830
-904
-1001
-1125
-1203
-1291
-1318
-1295
-1281
-1227
-1116
-1014
-852
-698
-573
-405
-296
-168
11
157
278
409
484
551
642
718
819
872
940
966
962
962
984
908
827
775
632
503
379
217
78
-44
-174
-338
-507
-625
-803
-961
-1082
-1271
-1457
-1528
-1688
-1781
-1828
-1932
-1964
-2050
-2101
-2104
-2149
-2128
-2121
-2071
-1976
-1903
-1797
-1724
-1606
-1557
-1457
-1348
-1185
-989
-791
-555
-314
-61
201
408
611
803
940
1142
1268
1408
1504
1620
1742
1767
1898
1981
2018
2113
2124
2143
2205
2196
2150
2087
2030
1908
1801
1673
1499
1328
1150
934
730
511
283
63
-197
-413
-640
-837
-996
-1175
-1272
-1339
-1408
-1474
-1467
-1521
-1494
-1396
-1373
-1286
-1193
-1026
-863
-755
-575
-404
-223
-24
120
336
440
612
770
853
1041
1201
1379
1487
1663
1754
1813
1862
1867
1872
1851
1802
1646
1540
1396
1201
1042
826
624
459
280
109
-86
-226
-418
-561
-685
-841
-942
-1053
-1175
-1267
-1370
-1485
-1594
-1696
-1819
-1944
-1985
-2104
-2096
-2111
-2146
-2072
-2008
-1956
-1849
-1708
-1580
-1411
-1203
-1049
-836
-635
-473
-303
-108
88
283
489
647
861
1033
1182
1294
1420
1504
1632
1755
1801
1897
1940
1952
1946
1932
1901
1799
1739
1659
1505
1391
1175
954
716
431
239
60
-103
-308
-442
-586
-717
-797
-948
-1034
-1191
-1229
-1291
-1326
-1256
-1302
-1263
-1204
-1185
-1142
-1055
-909
-771
-577
-391
-251
-88
85
195
307
432
520
629
770
916
999
1101
1152
1171
1189
1142
1060
964
859
770
648
485
314
78
-59
-249
-431
-542
-698
-785
-881
-970
-1069
-1145
-1199
-1297
-1372
-1501
-1625
-1728
-1776
-1846
-1892
-1863
-1869
-1798
-1787
-1713
-1697
-1647
-1504
-1461
-1278
-1103
-949
-730
-540
-388
-227
-53
133
331
532
712
924
1108
1270
1450
1551
1694
1814
1951
2082
2183
2329
2445
2543
2601
2648
2626
2630
2609
2553
2471
2380
2207
2017
1802
1592
1369
1087
876
630
396
188
-60
-280
-504
-751
-936
-1142
-1283
-1399
-1535
-1618
-1663
-1687
-1722
-1776
-1812
-1802
-1708
-1689
-1593
-1428
-1306
-1123
-978
-798
-619
-437
-292
-87
87
253
485
605
754
890
881
946
950
961
1005
969
930
889
850
779
670
533
451
349
247
196
136
17
-79
-177
-360
-433
-590
-727
-840
-967
-1095
-1243
-1384
-1525
-1622
-1688
-1791
-1831
-1835
-1812
-1736
-1682
-1578
-1524
-1399
-1311
-1213
-1089
-983
-834
-673
-557
-445
-315
-205
-93
11
119
286
458
563
771
993
1134
1301
1450
1593
1704
1798
1880
1983
2008
2038
2013
1947
1909
1828
1742
1617
1514
1367
1260
1149
1032
897
743
556
446
336
226
98
9
-112
-243
-315
-447
-499
-578
-629
-657
-697
-659
-655
-678
-635
-594
-527
-463
-390
-309
-144
-37
73
238
333
485
615
722
834
937
1010
1082
1074
1081
1012
979
948
865
807
714
701
583
502
413
307
220
138
72
-67
-178
-337
-473
-636
-840
-997
-1155
-1327
-1445
-1562
-1696
-1742
-1832
-1903
-1975
-2000
-2013
-2021
-1945
-1899
-1827
-1753
-1703
-1633
-1546
-1479
-1400
-1244
-1163
-1039
-885
-752
-589
-431
-273
-111
50
239
408
554
678
801
886
978
1089
1143
1235
1301
1315
1345
1295
1260
1246
1179
1059
979
921
763
648
527
394
259
186
80
-3
-75
-147
-212
-311
-365
-383
-409
-427
-364
-339
-298
-256
-236
-215
-235
-162
-153
-158
-41
33
55
238
292
392
540
649
765
839
927
989
1081
1119
1135
1140
1167
1156
1165
1125
1056
1024
984
946
904
850
806
717
644
515
431
334
217
121
-19
-170
-314
-448
-591
-737
-878
-975
-1071
-1148
-1210
-1240
-1328
-1410
-1418
-1497
-1524
-1533
-1518
-1516
-1515
-1490
-1477
-1426
-1366
-1258
-1222
-1061
-972
-824
-661
-559
-439
-325
-177
-63
72
165
281
337
458
526
559
652
679
727
744
789
807
771
742
683
612
548
451
329
290
204
178
137
76
3
-51
-153
-208
-261
-285
-250
-306
-235
-201
-162
-101
-134
-57
-17
30
136
168
243
269
304
347
353
384
433
522
626
718
860
947
1044
1118
1207
1249
1260
1331
1276
1277
1208
1140
1096
1007
950
894
887
832
775
739
666
602
483
384
321
211
106
-27
-189
-313
-422
-570
-699
-780
-915
-1019
-1125
-1214
-1302
-1362
-1413
-1495
-1529
-1593
-1547
-1498
-1430
-1305
-1219
-1107
-1017
-928
-856
-747
-669
-566
-438
-337
-172
-33
147
269
389
462
549
640
680
758
751
759
769
756
695
683
605
578
508
438
369
275
228
133
16
-124
-206
-368
-499
-626
-743
-847
-924
-969
-1075
-1096
-1118
-1118
-1106
-1087
-1039
-977
-888
-802
-739
-625
-555
-463
-349
-254
-120
2
127
216
350
423
544
638
674
804
888
967
1060
1145
1228
1273
1317
1371
1380
1389
1417
1392
1341
1331
1242
1207
1136
1031
988
895
889
819
744
705
600
551
462
354
243
145
31
-96
-219
-363
-466
-586
-756
-869
-967
-1087
-1162
-1224
-1273
-1261
-1278
-1267
-1226
-1253
-1249
-1201
-1194
-1171
-1085
-1044
-979
-888
-759
-650
-507
-413
-313
-201
-81
31
133
289
339
436
531
560
600
625
645
634
587
615
576
510
470
391
278
174
44
-57
-122
-207
-237
-292
-334
-389
-476
-551
-581
-606
-626
-641
-626
-632
-588
-478
-452
-368
-285
-250
-164
-77
27
97
193
304
352
498
605
686
775
850
887
946
1019
1060
1130
1195
1243
1283
1310
1304
1295
1285
1224
1148
1030
914
810
729
656
556
544
477
451
427
382
291
184
112
1
-130
-241
-369
-498
-626
-760
-893
-1021
-1106
-1199
-1220
-1242
-1249
-1253
-1230
-1218
-1216
-1165
-1134
-1130
-1075
-1016
-1011
-958
-925
-882
-802
-741
-614
-506
-353
-190
-62
61
195
293
387
513
612
683
717
741
772
785
794
753
694
655
568
492
410
302
179
84
-33
-129
-196
-248
-351
-437
-507
-577
-607
-704
-741
-763
-795
-830
-821
-793
-802
-735
-729
-686
-631
-608
-536
-463
-382
-261
-130
-36
104
234
357
415
517
571
616
640
677
770
812
914
972
979
1068
1140
1129
1146
1213
1244
1271
1281
1273
1235
1197
1163
1085
1014
952
876
804
718
657
598
509
449
358
288
198
98
15
-145
-239
-382
-489
-500
-624
-676
-689
-760
-769
-785
-802
-799
-759
-726
-728
-689
-687
-673
-669
-654
-643
-608
-606
-543
-498
-457
-354
-280
-179
-138
-41
-27
28
75
73
122
95
57
22
-72
-127
-237
-355
-431
-535
-667
-704
-798
-885
-972
-1012
-1036
-1039
-1004
-978
-966
-957
-899
-892
-861
-805
-765
-754
-703
-679
-625
-602
-563
-495
-384
-272
-134
-20
101
236
343
469
611
693
803
888
969
1005
1051
1082
1050
1107
1067
1102
1132
1155
1170
1151
1170
1163
1133
1124
1171
1127
1127
1153
1078
1094
1052
1020
998
875
881
813
752
680
569
506
387
323
228
135
75
45
-46
-108
-178
-207
-276
-306
-327
-391
-391
-477
-506
-503
-580
-617
-610
-659
-633
-611
-583
-547
-527
-461
-453
-398
-370
-321
-255
-142
-72
-17
89
100
129
143
160
144
135
114
102
84
18
-33
-122
-212
-283
-335
-375
-426
-458
-526
-611
-681
-790
-848
-879
-933
-912
-927
-952
-898
-927
-928
-908
-891
-851
-791
-732
-700
-602
-538
-421
-345
-263
-122
-6
149
240
311
347
391
439
510
558
590
610
648
694
714
729
710
716
694
712
711
734
750
772
820
810
838
868
836
812
801
724
673
629
594
543
533
482
445
423
347
355
261
194
153
116
68
39
-24
-89
-161
-247
-303
-390
-397
-448
-460
-502
-541
-538
-552
-552
-568
-531
-465
-422
-359
-286
-267
-239
-201
-175
-173
-151
-105
-118
-83
-42
-66
-82
-113
-130
-187
-257
-324
-373
-454
-504
-555
-636
-686
-724
-694
-706
-663
-618
-646
-611
-627
-621
-589
-567
-563
-589
-537
-491
-480
-441
-417
-381
-329
-248
-198
-120
-39
28
117
205
288
338
395
509
551
670
742
796
902
963
994
1046
1045
1040
1061
1053
1059
1062
1084
1068
1086
1084
1081
1052
1014
993
981
984
918
845
739
666
544
443
359
258
250
193
143
73
-1
-69
-153
-202
-239
-313
-321
-369
-433
-449
-528
-569
-619
-670
-682
-705
-699
-703
-662
-661
-663
-593
-587
-544
-504
-451
-398
-344
-283
-251
-236
-210
-157
-191
-149
-156
-185
-207
-223
-266
-330
-345
-387
-447
-493
-520
-559
-600
-605
-675
-679
-702
-738
-725
-746
-720
-715
-703
-682
-719
-696
-667
-659
-624
-639
-583
-587
-567
-514
-436
-368
-297
-205
-93
11
110
210
272
338
407
427
466
507
555
592
609
691
720
782
800
829
881
897
974
987
1034
1051
1034
1051
1003
969
945
917
873
818
794
799
757
769
745
685
623
580
531
471
433
406
376
336
328
299
284
254
221
191
164
130
115
63
20
-32
-51
-71
-84
-70
-94
-67
-72
-76
-106
-87
-106
-99
-131
-100
-77
-84
-64
-118
-116
-180
-183
-195
-237
-219
-270
-301
-319
-382
-427
-461
-531
-619
-637
-672
-697
-745
-764
-783
-815
-810
-816
-799
-784
-781
-766
-759
-762
-741
-705
-691
-650
-575
-554
-485
-365
-328
-291
-179
-145
-71
35
81
176
254
279
305
382
399
420
450
476
489
470
513
515
510
544
496
458
480
484
456
480
436
396
386
358
312
254
210
136
72
1
-59
-134
-202
-253
-298
-307
-295
-292
-280
-240
-218
-216
-224
-192
-215
-207
-209
-245
-237
-239
-172
-134
-110
-47
-71
-4
3
35
103
138
191
267
323
305
357
393
382
374
360
367
356
338
366
311
265
226
192
170
176
174
182
177
182
175
151
143
124
94
43
22
-17
-36
-57
-110
-143
-195
-242
-262
-294
-307
-325
-353
-390
-387
-377
-403
-392
-378
-349
-287
-255
-233
-195
-149
-102
-81
-43
4
68
81
119
168
173
223
226
240
251
267
238
235
223
191
186
155
142
104
94
82
69
70
60
57
33
19
4
-25
-26
-61
-101
-105
-161
-191
-212
-233
-213
-175
-173
-142
-129
-153
-149
-147
-173
-167
-187
-187
-172
-163
-145
-135
-142
-127
-78
-99
-69
-56
-24
17
21
9
-1
16
38
25
8
32
24
55
56
34
36
32
-27
-23
-23
-28
-15
-9
-6
33
27
21
53
55
74
98
113
126
159
143
145
118
94
65
37
10
-12
-43
-30
-75
-86
-80
-116
-85
-99
-80
-66
-36
-62
-25
-6
-15
43
32
1
18
-9
-5
16
52
56
112
139
207
237
259
331
297
338
310
299
280
285
263
219
230
207
186
194
181
136
154
135
104
73
56
12
18
-17
-74
-88
-132
-154
-171
-161
-184
-174
-170
-178
-150
-133
-111
-118
-126
-95
-94
-80
-40
-12
-10
35
42
49
70
90
131
158
223
233
296
300
315
326
284
265
210
168
132
69
30
-30
-78
-65
-136
-140
-128
-140
-136
-131
-135
-143
-94
-118
-144
-135
-150
-206
-219
-232
-226
-225
-210
-190
-173
-154
-131
-141
-110
-92
-100
-82
-77
-35
10
6
9
36
15
52
16
27
30
4
18
15
49
33
100
67
72
86
105
142
170
197
170
157
147
153
108
62
41
-14
-68
-61
-126
-157
-193
-216
-252
-285
-302
-332
-367
-379
-398
-421
-445
-450
-408
-401
-360
-342
-330
-311
-307
-251
-237
-195
-153
-76
-47
-12
36
32
62
71
136
145
175
199
183
222
199
171
193
173
194
214
216
250
220
227
234
187
184
212
199
216
264
276
302
349
329
322
312
278
260
249
228
227
229
221
219
212
181
169
122
105
82
39
86
48
72
59
11
50
38
3
11
28
6
24
15
14
23
22
-19
-52
-70
-145
-144
-167
-184
-179
-187
-169
-182
-143
-144
-152
-137
-136
-208
-239
-278
-332
-387
-434
-482
-509
-496
-530
-506
-519
-535
-507
-506
-527
-526
-518
-510
-492
-472
-399
-388
-362
-321
-309
-264
-208
-146
-105
-54
35
46
109
171
212
319
371
414
495
542
535
580
612
632
630
651
647
696
686
653
646
592
578
559
560
534
513
478
453
425
403
360
328
314
300
267
236
205
143
148
117
138
97
124
127
97
78
52
17
-14
-18
-47
-72
-125
-159
-200
-174
-206
-213
-197
-180
-155
-151
-163
-194
-213
-218
-246
-252
-266
-293
-280
-286
-303
-271
-254
-220
-231
-175
-124
-86
-15
4
55
38
67
71
76
86
97
69
71
58
-18
-37
-63
-123
-156
-191
-249
-271
-301
-298
-337
-405
-397
-436
-487
-476
-503
-486
-456
-401
-374
-294
-263
-260
-207
-174
-153
-142
-59
4
68
115
154
162
130
136
113
47
75
46
28
2
-12
-56
-110
-121
-170
-211
-207
-229
-243
-207
-236
-248
-231
-198
-176
-144
-63
-48
39
72
135
175
183
245
269
308
324
358
367
375
380
428
415
409
440
435
423
415
389
365
343
311
301
278
280
276
256
263
252
280
281
294
295
268
313
304
313
335
334
303
281
293
267
231
226
155
119
107
57
38
37
-24
-89
-93
-145
-155
-218
-242
-278
-338
-370
-423
-410
-442
-451
-483
-508
-524
-536
-508
-467
-425
-372
-365
-312
-304
-285
-256
-280
-253
-239
-213
-131
-78
-43
43
31
58
93
105
162
176
168
179
146
145
123
103
146
152
206
252
268
307
304
295
280
270
299
259
251
251
257
238
248
209
198
222
223
223
236
221
206
197
184
164
142
154
75
14
-19
-42
-69
-115
-131
-167
-206
-194
-216
-222
-243
-242
-271
-264
-300
-336
-329
-357
-358
-400
-372
-377
-346
-327
-345
-311
-286
-292
-289
-312
-273
-261
-242
-203
-203
-197
-211
-231
-182
-157
-124
-85
-107
-73
-58
-58
-26
-20
-19
-25
-38
-44
-24
-28
-35
0
8
50
54
94
121
136
144
180
211
221
289
287
289
287
268
225
245
211
196
206
156
169
144
120
94
54
0
6
-29
-18
-17
3
-1
-29
-21
-32
-31
-35
-56
-55
-62
-23
-24
-10
2
0
50
28
122
116
148
191
213
214
257
265
234
270
254
288
267
315
323
317
319
293
268
270
221
223
203
205
232
206
203
187
177
161
145
113
131
116
101
100
36
25
-15
-26
-68
-103
-125
-159
-176
-186
-182
-178
-199
-189
-207
-199
-229
-268
-357
-403
-421
-454
-440
-485
-476
-476
-503
-487
-465
-430
-371
-347
-309
-283
-278
-276
-288
-279
-270
-296
-263
-249
-200
-188
-209
-198
-215
-213
-204
-206
-233
-233
-252
-274
-320
-337
-334
-330
-305
-319
-282
-231
-210
-147
-98
-99
-64
-47
-15
19
43
117
129
169
244
296
339
369
384
386
407
444
540
530
561
650
669
664
682
690
651
637
620
601
591
587
508
498
489
425
412
419
421
447
444
454
471
448
447
440
381
351
330
309
308
281
264
253
248
179
174
157
108
112
49
22
-40
-78
-140
-188
-195
-234
-265
-289
-322
-358
-376
-416
-417
-462
-487
-491
-526
-502
-542
-527
-495
-510
-451
-421
-359
-316
-290
-276
-253
-255
-275
-304
-352
-374
-359
-364
-364
-349
-355
-348
-347
-352
-363
-335
-343
-330
-356
-294
-301
-309
-267
-272
-209
-162
-112
-62
-10
43
68
105
175
196
259
281
314
321
370
365
370
399
402
465
432
464
440
446
464
423
435
402
365
345
304
262
209
161
178
176
159
156
151
125
101
58
67
45
-9
25
-5
-13
15
-15
20
-11
-52
-8
-37
-45
-24
-45
-63
-89
-79
-137
-137
-119
-179
-161
-191
-197
-188
-193
-170
-175
-205
-203
-226
-238
-252
-317
-351
-360
-374
-357
-313
-292
-244
-196
-153
-95
-96
-92
-78
-106
-80
-67
-52
-38
-52
-45
-104
-97
-79
-110
-78
-39
-9
9
5
18
-61
-19
-29
-23
49
49
105
115
199
209
237
235
234
256
278
288
295
365
347
381
382
394
403
404
381
365
353
304
250
254
202
157
149
103
102
79
88
68
26
12
-52
-75
-108
-140
-112
-185
-190
-209
-206
-216
-235
-203
-205
-152
-125
-85
-71
-43
-67
-93
-94
-90
-100
-83
-58
-43
10
7
70
104
102
149
130
128
125
120
109
57
18
-42
-67
-85
-107
-90
-140
-132
-163
-194
-186
-200
-224
-248
-279
-282
-288
-269
-254
-262
-266
-274
-256
-280
-240
-262
-225
-203
-220
-194
-218
-194
-198
-194
-171
-166
-165
-147
-115
-110
-70
-52
-38
-37
-64
-39
-83
-70
-57
-56
-73
-10
-9
-11
25
-6
7
-21
7
16
62
132
148
179
181
183
196
205
225
239
282
312
334
349
349
352
358
359
380
410
436
472
494
494
499
467
488
465
481
483
468
484
428
430
415
365
386
373
357
349
296
315
300
247
238
264
279
275
335
301
318
311
241
208
178
166
107
67
20
-32
-91
-140
-196
-238
-297
-348
-359
-396
-442
-440
-487
-498
-511
-507
-491
-517
-521
-546
-563
-574
-554
-560
-556
-548
-531
-516
-495
-486
-463
-393
-385
-351
-310
-308
-258
-232
-237
-197
-167
-154
-120
-106
-122
-83
-120
-103
-77
-128
-81
-73
-92
-75
-54
-50
-20
41
11
27
56
39
60
53
53
41
43
55
45
58
15
17
0
-40
-60
-60
-80
-77
-37
-65
-14
-15
-20
2
38
27
39
71
56
92
75
143
131
134
174
168
215
246
235
263
286
254
280
291
298
322
322
337
338
360
366
347
345
353
362
341
319
297
264
226
225
187
183
150
143
150
107
157
147
121
123
82
77
44
9
-15
-66
-88
-62
-97
-54
-51
-68
-14
-40
-39
-64
-95
-86
-142
-111
-97
-134
-101
-98
-90
-75
-18
-44
-16
-6
-33
-65
-76
-117
-151
-153
-191
-187
-189
-215
-284
-262
-341
-381
-381
-415
-418
-411
-432
-410
-412
-409
-389
-349
-335
-321
-329
-351
-332
-363
-351
-372
-362
-327
-305
-268
-221
-164
-125
-114
-49
-37
-18
31
60
109
133
203
195
227
220
214
185
190
205
199
223
241
291
303
321
324
337
346
358
373
407
412
405
387
374
341
367
336
295
305
257
258
227
205
180
162
141
115
51
56
22
12
-15
-27
-26
-41
-9
-35
-1
-12
-7
-4
-16
-16
-18
-37
-50
-78
-52
-62
-47
-37
-75
-25
-72
-47
-23
-49
-32
-61
-94
-105
-110
-102
-112
-82
-110
-90
-53
-58
-27
-37
0
-8
-43
-20
-16
-18
12
17
20
22
-9
4
-22
-39
-10
1
-13
3
45
23
50
85
72
65
70
61
78
99
87
110
124
106
114
125
112
103
109
78
32
11
-2
-21
-11
-27
-34
-26
-33
-28
-22
-22
-6
-21
-39
-25
-39
-69
-92
-100
-101
-99
-101
-109
-115
-73
-43
-88
-44
-63
-85
-90
-100
-118
-135
-131
-156
-92
-93
-97
-89
-125
-127
-115
-120
-105
-125
-76
-67
-110
-100
-122
-139
-108
-115
-122
-81
-93
-22
-7
34
45
4
24
20
67
84
99
120
101
98
121
118
120
131
160
203
186
200
201
195
160
97
52
54
19
-19
-6
-81
-58
-105
-129
-100
-140
-120
-101
-64
-71
-71
-62
-62
-62
-59
-5
17
73
100
102
85
110
101
67
66
34
16
15
-5
-39
-37
-31
-35
-31
-51
5
-40
-15
-14
4
38
8
63
62
66
67
100
94
95
117
95
140
155
165
175
172
149
135
95
86
68
42
51
2
7
-13
-35
-69
-111
-120
-161
-185
-214
-225
-235
-229
-251
-245
-257
-287
-276
-240
-235
-175
-130
-98
-62
-67
-36
-56
-70
-55
-76
-51
-83
-85
-97
-70
-84
-94
-48
-43
-21
-15
-7
-5
39
24
49
52
33
73
32
17
20
11
15
29
24
40
87
87
115
113
120
111
90
99
82
103
105
101
127
156
160
136
124
128
147
131
166
151
142
169
168
178
168
156
149
117
117
77
83
68
43
14
-11
-27
-37
-43
-64
-62
-84
-76
-73
-84
-92
-80
-91
-80
-80
-87
-73
-87
-41
-35
-21
46
87
119
139
187
183
243
262
266
293
301
302
280
299
298
266
265
218
194
164
171
119
119
107
85
87
68
88
30
39
0
-30
-51
-72
-115
-165
-192
-211
-259
-235
-225
-246
-237
-228
-217
-241
-204
-211
-238
-226
-262
-279
-277
-298
-328
-349
-378
-423
-436
-421
-393
-411
-425
-388
-387
