SAMPLES:	7936
BITSPERSAMPLE:	16
CHANNELS:	1
SAMPLERATE:	16000
NORMALIZED:	FALSE
-212
-173
-192
-141
-108
-65
-33
3
32
55
83
122
155
193
243
303
345
402
430
440
468
480
504
526
559
583
570
569
578
557
581
585
577
598
619
626
600
599
563
538
513
440
409
375
319
281
249
206
171
150
92
63
33
-9
-51
-73
-136
-208
-215
-269
-281
-282
-301
-290
-261
-259
-261
-244
-248
-269
-283
-268
-253
-268
-262
-274
-270
-239
-243
-223
-192
-198
-186
-173
-161
-159
-156
-144
-126
-104
-78
-61
-64
-16
-40
16
17
43
73
52
78
48
46
34
28
19
-11
-22
0
-7
15
-6
-19
-38
-54
-86
-121
-136
-178
-188
-217
-243
-275
-310
-321
-319
-353
-357
-371
-346
-332
-338
-327
-296
-257
-248
-227
-198
-179
-133
-126
-88
-84
-72
-5
7
46
100
147
185
213
226
250
289
305
347
348
350
402
391
390
405
396
359
374
363
364
373
359
365
342
341
315
284
245
207
185
139
142
114
99
106
66
61
47
22
-5
8
2
-23
-15
-36
-9
-12
1
37
35
72
107
122
142
183
175
191
173
192
188
179
217
193
231
257
230
237
232
212
178
150
105
78
18
-5
-29
-75
-86
-92
-116
-124
-134
-168
-193
-228
-236
-304
-320
-321
-338
-367
-348
-347
-368
-350
-369
-345
-355
-335
-343
-361
-358
-338
-363
-374
-368
-365
-362
-355
-324
-328
-305
-314
-300
-302
-293
-284
-259
-237
-238
-197
-193
-189
-154
-146
-127
-103
-76
-48
-32
5
10
37
47
76
74
112
133
117
173
172
179
205
181
196
208
201
169
176
153
142
85
61
30
-7
-26
-63
-43
-84
-77
-95
-85
-102
-101
-111
-92
-80
-68
-24
7
52
57
80
111
151
128
193
207
220
262
276
311
335
369
378
393
432
440
479
512
531
556
558
548
517
504
478
466
412
404
367
358
372
344
358
358
368
348
319
298
297
257
207
189
133
113
60
48
19
-6
-6
-44
-37
-61
-71
-83
-82
-134
-146
-207
-251
-273
-334
-365
-391
-413
-445
-441
-489
-475
-488
-503
-495
-525
-470
-480
-453
-423
-457
-449
-435
-454
-454
-444
-453
-471
-465
-458
-446
-420
-404
-364
-348
-334
-318
-333
-313
-324
-331
-316
-334
-325
-301
-279
-251
-222
-189
-162
-99
-92
-82
-54
-37
1
-36
3
-9
18
51
51
94
118
131
152
190
211
264
278
284
303
322
328
321
314
319
307
316
327
334
329
327
304
308
301
347
378
391
406
422
399
406
398
397
406
387
397
385
377
363
341
325
323
302
286
249
207
186
179
114
83
85
76
40
30
0
-36
-32
-77
-88
-95
-107
-111
-128
-118
-148
-183
-222
-252
-279
-311
-307
-333
-349
-339
-353
-323
-271
-261
-226
-180
-162
-111
-116
-129
-114
-115
-131
-93
-69
-41
-9
21
18
37
78
90
76
85
90
80
89
86
92
91
-49
-683
-1074
-722
-345
-144
162
388
431
659
986
1196
1125
693
228
-42
202
310
52
-162
-499
-721
-581
-338
-222
-159
-259
-310
7
187
162
83
70
-72
74
170
40
-34
-85
-201
-346
-242
-258
-391
-388
-404
-524
-500
-467
-569
-287
-61
95
269
292
204
171
103
19
47
13
-26
-21
12
-82
-225
-443
-555
-509
-476
-377
-254
-178
-148
-189
-93
85
232
451
666
711
749
691
497
329
192
36
51
155
93
105
67
-43
-149
-97
11
161
341
453
501
515
436
389
293
138
16
-75
-46
-80
-75
-176
-346
-339
-258
-111
36
169
216
246
361
380
277
291
226
148
201
161
89
60
-2
-104
-7
86
148
190
162
168
169
121
145
225
247
259
227
254
253
279
251
226
-7
-425
-410
-495
-915
-944
-974
-1274
-1191
-878
-757
-680
-519
-562
-536
-200
7
-182
-267
-144
-306
-170
91
155
282
520
424
399
486
141
-111
-56
-64
-173
110
195
-24
-17
-16
-253
-240
-69
-261
-186
131
-17
-128
21
-249
-372
-239
-325
-440
-225
-205
-256
9
110
242
494
594
541
774
919
740
715
738
622
469
430
482
367
387
355
171
285
454
435
711
985
862
706
860
943
1009
1015
926
898
875
683
569
651
358
-121
-264
70
301
77
-647
-2735
-5167
-5438
-4117
-3639
-3386
-2092
-813
-271
1038
3044
3598
2367
1030
728
1088
1411
1395
525
-1151
-2655
-3071
-2871
-2904
-2431
-2116
-2436
-2007
-473
372
191
312
781
983
1170
1719
2203
2010
1251
605
436
389
233
330
214
-295
-776
-985
-1321
-954
242
1082
1635
2429
2879
2774
2737
2672
2435
2278
2336
2370
2467
2126
1335
271
-760
-1554
-1831
-1687
-1492
-1189
-1041
-1237
-1298
-1338
-2185
-2288
-1392
-695
820
2426
2875
2772
2761
2741
2659
2500
1394
-183
-1557
-2565
-3374
-3641
-3494
-3579
-3317
-2236
-1159
-169
553
678
566
723
778
775
859
322
-658
-1100
-1532
-2121
-1892
-1316
-1263
-750
159
466
553
1077
1465
1656
1943
2217
2595
3070
3059
2788
2470
1586
754
394
-205
-523
-464
-732
-978
-717
-328
-216
69
461
497
547
801
702
-566
-2529
-5443
-8319
-8540
-6837
-5839
-5081
-2901
-513
948
2855
4830
4916
2826
1025
748
1609
2202
1876
616
-1380
-2984
-3235
-2983
-2600
-1766
-1005
-987
-382
1242
1828
749
295
608
641
1073
2084
2633
2461
1960
1511
1366
1629
1611
1712
1845
1392
734
441
163
129
901
1591
1923
2684
3097
3007
2977
3096
2884
2707
2836
2828
2970
2682
976
-1062
-1512
-2153
-2999
-1683
-554
-825
195
1177
1010
1408
1964
1655
1649
2147
1779
831
378
-933
-2725
-3113
-3134
-3149
-2588
-1915
-2191
-1956
-1325
-1955
-1816
-910
-308
67
680
360
-574
-900
-1919
-2838
-2668
-2529
-2532
-1609
-1020
-1147
-624
-303
-376
211
893
959
1330
1672
1373
899
280
-274
-660
-467
-68
442
401
212
6
-123
-38
151
-104
-1000
-3395
-6995
-8652
-7084
-5569
-5290
-3607
-461
1993
4190
6945
8391
6846
3730
1871
1631
1868
1758
801
-1002
-2871
-4042
-3879
-3661
-3516
-2726
-2411
-2543
-368
2664
2968
2281
2693
2321
1571
1769
2028
2042
1936
1315
942
1088
1082
586
115
-671
-1657
-1815
-1361
-654
810
2656
3404
3192
3481
3371
2791
2902
3236
3282
3218
3087
3043
2476
1235
-426
-3122
-5579
-5835
-4654
-3465
-1843
-699
-1265
-1332
140
1973
3667
5100
5496
4951
4858
4450
3007
1412
-240
-2012
-2301
-2003
-1947
-1619
-1949
-3126
-3556
-2669
-1585
-230
1243
1880
2164
2477
2219
1701
1625
1128
838
1356
1199
403
-49
-889
-2054
-2327
-2543
-3157
-3134
-2816
-2954
-2701
-1837
-1711
-1692
-1212
-371
643
1721
1968
1481
1088
395
-771
-1174
-1255
-1909
-2664
-3309
-5067
-8683
-11308
-10062
-7433
-6011
-4119
-909
1679
3157
5212
7450
7343
4797
2794
1800
1421
1547
989
-1119
-3334
-4662
-4971
-4813
-4197
-2974
-2379
-2335
-833
1725
3099
3299
4262
5114
4775
4479
4777
5113
4966
4106
2922
2390
2307
1696
1027
161
-857
-1569
-1745
-1392
153
2685
4177
4605
5182
5602
5062
4527
4347
3927
3452
2953
2861
2368
295
-2204
-3234
-4617
-6045
-4410
-1868
-877
416
1583
1156
834
1494
1580
2092
3478
3724
3269
3016
1943
-360
-2381
-3981
-4630
-3897
-3260
-2994
-2244
-2305
-3425
-3355
-2506
-2087
-1364
-93
478
712
1095
655
242
52
-491
-1110
-764
-13
249
-60
-778
-1809
-2586
-2943
-3314
-2774
-1525
-1068
-428
1325
2122
2012
2496
3117
3058
2771
2639
1660
533
-330
-1577
-2697
-3555
-4635
-6201
-8562
-10545
-9218
-6007
-4393
-2818
406
2974
4057
6108
8479
8289
5850
3641
1680
358
-467
-1493
-3110
-4761
-5667
-5363
-4624
-4185
-3219
-2417
-2547
-1497
1686
4101
4322
4455
5030
4498
2980
2272
2061
1718
1444
1255
1209
1196
678
-66
-496
-770
-506
293
1032
2318
4216
5496
5829
5799
5374
4345
3303
2664
2266
2146
1955
1661
481
-1418
-1954
-1715
-3272
-3530
-1269
-368
-207
1873
2716
1051
56
145
-346
101
1266
1693
1561
1490
382
-1203
-1896
-2315
-2580
-2033
-1585
-1174
-374
-621
-1729
-1748
-1673
-2423
-2410
-1822
-2066
-1757
-738
-748
-1115
-777
-767
-545
614
943
913
1777
1583
242
-595
-1560
-2707
-2944
-2359
-2005
-1366
-567
53
330
1036
1380
738
308
-105
-882
-1408
-1823
-2408
-2660
-2509
-3372
-6415
-9452
-9164
-6641
-4808
-2604
804
3830
5270
6586
8494
8711
6093
3421
2213
1544
1162
985
-486
-3098
-4868
-5088
-4838
-4027
-2493
-1438
-1390
-687
1130
3116
3578
3031
3664
4478
3861
2823
2811
2390
1034
241
373
472
225
396
663
197
-426
-310
180
715
2215
4116
5461
5908
6160
5822
4760
3631
2843
2378
1732
1346
202
-1295
-1537
-2442
-3906
-2844
-1869
-2352
-935
1403
1615
1343
1414
286
-807
-339
166
237
702
781
205
-562
-1345
-1815
-1735
-2116
-3136
-3097
-2341
-2382
-2233
-2235
-2623
-2121
-1408
-1667
-1858
-1340
-1411
-1258
-609
-509
-868
-860
-815
-1040
-1044
-948
-926
-487
-32
-486
-943
-1248
-1690
-1263
-120
753
1899
2593
2727
2489
2145
1129
-217
-1580
-2348
-2499
-2543
-2365
-1921
-2757
-6320
-9543
-8913
-5875
-3993
-1818
1744
4731
5600
6378
7593
6703
3581
1067
211
443
973
861
-858
-3583
-5019
-4639
-3682
-1937
392
1598
1036
565
1579
2930
2489
1579
2659
3948
3469
2838
2636
1730
244
-509
-206
502
880
984
688
-138
-865
-1333
-871
569
2572
4295
5390
6289
6416
5683
4580
4100
3346
2463
2001
1575
119
-2002
-2700
-3126
-4259
-3099
-921
-337
965
3254
3725
3134
2918
1999
1312
1376
1608
1611
1191
-184
-1746
-2749
-3303
-3534
-2536
-1298
-1189
-1712
-1574
-1763
-1962
-1235
-942
-1005
-933
-1319
-2011
-2108
-2617
-3359
-2888
-2035
-1682
-799
129
-753
-2052
-1968
-1847
-2210
-1336
-603
-1867
-3175
-3268
-3555
-3170
-1488
921
2292
2775
3390
2898
1671
673
-336
-1575
-2289
-2239
-1725
-1532
-2453
-5371
-9427
-11020
-8355
-5167
-2659
731
4031
5031
5318
6936
7612
5813
3078
1622
1510
1732
1972
896
-2292
-4988
-5528
-4594
-2994
-575
972
752
-359
5
1820
2778
2306
3017
4654
4455
3406
3019
2496
1103
73
335
717
658
501
423
-114
-933
-1374
-986
-10
1639
3916
5659
5916
5617
5287
4644
4459
4557
4450
3722
2415
49
-1669
-1436
-2009
-3733
-2777
-588
-407
746
3542
3768
2625
2515
2328
2012
2683
2941
1979
764
-246
-2003
-3314
-3710
-3668
-3417
-2491
-1830
-1438
-1128
-2047
-2318
-1165
-741
-727
-79
-671
-2135
-2481
-3123
-4144
-3500
-2710
-2858
-1521
-34
-546
-1184
-833
-1193
-1562
-1026
-781
-1683
-2549
-3059
-3601
-2965
-1350
147
1621
2433
2630
2550
1929
810
-201
-1171
-1795
-2080
-2220
-2163
-2808
-5605
-9401
-10313
-7887
-5222
-3023
555
4082
5404
6251
8091
8598
6219
3197
1517
801
763
957
42
-2863
-5155
-6008
-5653
-4437
-2435
-529
184
-377
224
2427
3413
2449
2680
4310
4388
3032
2510
2608
1820
364
83
512
275
-136
64
-171
-735
-740
-239
820
2225
4066
5905
6422
5886
5278
5148
5172
4880
4782
4503
2430
-597
-1618
-1065
-2674
-3778
-1825
-836
-1150
950
3141
2800
2084
2015
1521
1716
3216
3471
2426
1505
374
-1143
-1943
-2441
-2938
-2773
-2293
-2488
-1918
-1180
-1799
-2469
-2232
-2403
-2222
-1999
-2497
-3175
-3390
-4244
-4666
-3682
-3132
-2441
-601
538
211
-29
-532
-1718
-1864
-1671
-2344
-3026
-2967
-3570
-3747
-2641
-1509
-1235
-220
1393
2008
2163
2002
1113
651
432
-76
-226
-790
-2245
-5323
-8482
-8790
-6348
-4561
-3122
253
4084
5951
7532
9582
9645
6975
4203
2774
2512
2405
1864
532
-1549
-3742
-4987
-5145
-4591
-2925
-1032
-136
493
1838
2520
2622
2670
2896
3319
3530
3112
2576
2035
859
-763
-1473
-1313
-1210
-1370
-1304
-1228
-1636
-2541
-2638
-1323
792
2927
4549
5421
5478
4700
3524
3167
3668
4140
3983
3317
812
-1990
-2264
-3279
-5384
-3864
-1286
-1340
-51
3131
3630
2486
2035
1231
491
2313
4149
4241
4050
2550
-300
-2478
-3350
-4058
-3737
-3022
-2776
-1870
-1041
-1984
-3272
-3160
-3183
-3102
-1258
98
-50
382
184
-1364
-1753
-1805
-2606
-1569
506
837
329
-433
-1941
-3260
-2896
-2217
-2128
-1274
-538
-951
-1155
-74
471
363
743
1093
1332
1582
1182
144
-1059
-2121
-3148
-3707
-4820
-7429
-8988
-7599
-5615
-4631
-2171
1299
4053
6220
8491
9833
9126
6236
3383
1692
1060
568
-59
-1370
-3094
-4369
-4285
-3829
-3511
-2321
-792
-178
937
3209
4079
3417
2815
2599
2471
2005
1865
2049
1533
208
-561
-111
14
-851
-972
-919
-1385
-1298
-1034
-1105
-559
1137
2618
3722
4650
4879
4628
4163
3465
3923
5021
4880
3629
1925
187
-972
-2045
-2718
-1981
-1203
-861
832
2815
2896
2604
2445
1075
781
2767
4256
4308
4386
3526
1149
-1007
-2284
-3144
-2889
-2443
-2883
-2564
-2069
-2954
-3452
-2657
-2569
-2821
-1999
-1425
-1388
-1266
-1562
-2045
-2357
-3172
-4324
-3866
-2346
-1388
-1131
-1655
-2611
-2528
-1950
-2061
-1788
-1093
-1100
-1866
-1866
-742
-171
-51
-83
10
603
551
207
329
170
-1092
-2073
-2566
-4458
-7835
-9134
-7382
-5569
-3982
-964
2819
5329
6989
8767
9524
8238
5575
3516
2499
2121
1903
1320
-717
-3110
-4138
-4260
-4314
-3088
-1091
-416
-190
1155
2822
3327
3461
3425
2835
2826
3029
2272
1875
1850
477
-766
-273
-223
-970
-764
-586
-1329
-1579
-1249
-1270
-854
488
1576
2617
3672
4051
3765
3735
3667
3623
4446
4931
3173
1069
427
-695
-2394
-2128
-1339
-1981
-1827
115
1707
1856
2083
1939
801
1041
3091
4212
3899
3723
3011
1207
-533
-1593
-1963
-2006
-2582
-3026
-2590
-2668
-3165
-2710
-1892
-1702
-1317
-1190
-1530
-1607
-1651
-2179
-2067
-1445
-1778
-2359
-2144
-1937
-1702
-1662
-2343
-2596
-1373
-647
-1189
-957
-343
-1106
-2266
-2310
-1666
-1146
-405
131
-46
-265
-452
-942
-1162
-852
-781
-1335
-1805
-4025
-7964
-9269
-7089
-5762
-4849
-1362
2630
4799
6396
8460
8923
6636
3294
1515
1515
2336
2968
2767
659
-2521
-4083
-4416
-4898
-3942
-1576
-448
-609
867
3003
3118
2380
2662
2888
3008
3553
4054
4168
3399
1532
321
287
-176
-1176
-837
-237
-592
-290
250
77
593
1909
3147
4136
4970
5500
4939
3915
3651
4011
3743
3530
3199
1263
-666
-1402
-2124
-1994
-829
-575
-258
1419
3049
2902
2728
2378
940
152
1352
2400
2467
2254
1497
299
-1211
-2638
-3024
-2939
-3550
-3634
-2732
-2551
-2858
-2284
-1899
-2426
-2250
-1630
-2067
-2588
-2616
-3054
-3359
-2931
-3167
-3486
-2984
-2708
-2626
-2205
-2194
-2392
-1290
-504
-1283
-1722
-1250
-1338
-2119
-1823
-1135
-1073
-721
234
450
-223
-621
-1103
-1944
-2283
-1856
-2008
-2404
-3922
-7165
-8659
-6325
-4395
-3329
274
4774
6648
7706
9231
9249
6901
3653
1395
820
1395
1813
1666
136
-2518
-4465
-4773
-4675
-3372
-815
787
768
1733
3214
3406
2807
2466
2699
3301
3115
2766
3241
2385
-151
-1432
-988
-1124
-1507
-807
-120
-250
-328
-199
177
1423
3224
4597
5427
5658
4872
3902
2916
2071
2280
2577
2283
1898
1150
-51
-897
-1566
-1069
438
1278
2478
4757
6151
5673
4911
3642
1853
1324
1884
1913
1746
1360
-69
-1458
-2031
-2695
-2456
-1776
-1785
-1706
-899
-824
-1178
-753
-911
-1180
-1001
-1491
-2340
-2673
-3695
-5150
-5584
-5119
-5368
-5204
-3784
-2922
-2819
-2523
-2344
-2535
-1566
-678
-1053
-1413
-1397
-2098
-2591
-2008
-1772
-2195
-1940
-1730
-1968
-2062
-2441
-3014
-3201
-2903
-2614
-2385
-2616
-4206
-7193
-9351
-8627
-5778
-3148
148
4430
7628
8658
8950
9033
7513
4261
1990
1379
1498
1829
1524
-563
-3389
-5041
-5174
-4223
-2268
255
2144
2941
3301
3879
4452
4191
3187
3527
4891
5054
3717
3098
2188
-220
-1320
-615
-126
-19
233
276
-20
112
-116
-438
650
2604
4469
5742
6262
5081
3314
1926
1142
1431
2503
2594
1470
541
-13
-946
-2155
-2047
-775
256
1456
3799
5469
5349
4258
2765
1220
1208
2552
3270
2821
2465
1304
-1021
-2264
-2195
-1971
-1484
-978
-873
-745
-1076
-1957
-2071
-1617
-1422
-1152
-754
-1087
-1765
-2725
-3992
-4530
-4360
-4413
-4190
-3055
-2034
-1747
-2346
-3267
-3101
-2222
-1698
-1070
-626
-1101
-1947
-2399
-2079
-1254
-637
-515
-499
-315
-469
-1155
-2252
-3221
-3579
-3606
-3277
-2667
-2752
-4676
-8098
-10110
-8730
-5581
-2610
905
5150
7950
8360
8510
8712
6732
3093
656
402
707
573
-269
-2460
-5098
-6240
-5606
-4114
-2139
226
2191
2677
2896
3889
4306
3308
2567
3190
4113
4148
2977
1438
-17
-1214
-1665
-1160
-152
175
208
433
841
923
890
1104
1871
3321
4867
6050
6268
5076
3473
2573
1897
1930
3001
2987
1095
-243
103
-512
-1067
122
941
1431
3318
5330
5891
5804
4482
2127
780
1319
1987
2206
2310
1628
-70
-1326
-2128
-2588
-2103
-1692
-1618
-1134
-815
-1285
-1498
-1280
-1570
-1729
-1421
-1694
-2088
-2480
-3525
-4205
-4142
-4486
-4895
-4247
-3234
-2622
-2199
-2239
-2556
-2336
-1799
-1502
-1160
-970
-1651
-2224
-1946
-1071
-818
-776
-788
-1172
-1334
-1623
-2300
-2751
-2432
-2486
-3471
-3884
-3719
-4487
-6622
-9131
-9360
-6385
-2973
-211
3545
7379
8682
8605
9236
8804
6318
3589
1946
1123
661
-384
-2060
-3970
-5087
-4878
-3662
-2011
-109
1774
2471
2325
3298
4967
5239
4383
3955
4238
4039
2632
758
-544
-1463
-2088
-1944
-1042
-299
-701
-1136
-629
114
779
1410
2285
3495
4727
5462
5465
4841
3554
2176
1290
1119
1541
1744
189
-1615
-1705
-1305
-1655
-710
1314
2051
2991
4762
5700
5882
5476
3560
1638
1332
1813
1507
1167
905
-126
-1118
-1682
-1843
-1379
-912
-1241
-1273
-922
-1019
-1317
-892
-391
-389
-327
-503
-1141
-1844
-2625
-3786
-4483
-4195
-3999
-3819
-2913
-2039
-1943
-2030
-1947
-1954
-1350
-959
-840
-877
-1215
-1881
-2167
-1953
-1763
-1259
-779
-834
-924
-992
-1705
-2762
-3015
-3204
-3815
-4380
-4564
-4629
-4483
-5224
-7768
-8895
-6169
-2802
-737
2481
6017
7747
8076
8669
8600
6945
3838
1115
-281
-986
-1664
-2293
-2938
-3768
-3697
-2611
-1533
-504
730
1664
1824
2675
4958
6099
5037
3747
3510
3274
1828
-253
-1123
-899
-1159
-1521
-880
-117
-488
-1024
-244
808
1336
2244
3308
3703
4084
4937
5368
4971
4161
3700
3224
2839
2710
2421
1178
-1383
-2723
-1621
-640
-387
1337
3045
3188
3416
4708
5474
4685
3341
2004
1587
1974
1892
1267
862
234
-598
-1196
-1277
-1476
-1716
-1994
-2483
-2636
-2211
-1791
-1645
-1176
-810
-837
-1213
-1907
-2384
-2624
-3290
-3660
-3448
-3873
-4438
-3601
-2648
-2451
-2612
-2673
-2947
-2977
-2557
-2261
-1937
-1559
-1417
-1624
-1234
-528
-536
-634
-307
-318
-621
-632
-803
-1818
-2874
-3894
-4954
-5438
-5011
-4557
-4290
-4881
-6616
-7499
-5099
-2012
-89
2571
6000
7792
8238
9004
8663
6414
3126
434
-1258
-1355
-888
-622
-1169
-2208
-2436
-1567
-1135
-499
1334
2931
3421
4823
6447
5700
3624
2217
1714
1224
652
-139
-422
-268
-786
-1268
-779
-389
-246
243
849
1219
2025
2564
2212
2002
2936
4190
4776
4849
4534
3652
2494
1691
1323
1068
497
-826
-1601
-558
377
592
1333
2148
2235
3044
4492
4870
3849
2635
1222
-82
-379
148
638
1098
1121
517
-56
-799
-2146
-3195
-3167
-3009
-2150
-933
-750
-1420
-1972
-2440
-3007
-3358
-3564
-3288
-2752
-2663
-2691
-2505
-2675
-3002
-2739
-2083
-2119
-2297
-2200
-2708
-3735
-3638
-2827
-2940
-3016
-2408
-1606
-993
-307
119
657
768
633
742
775
-28
-1413
-2429
-3620
-5103
-5454
-4739
-3955
-3185
-2913
-4564
-6850
-6270
-3076
-307
1697
4507
7052
7678
7339
7626
6869
3951
639
-809
-457
52
107
-179
-1033
-1851
-1887
-974
184
1682
2623
2847
3263
3817
3689
2428
1132
872
1295
1306
681
-58
86
205
24
502
1731
2310
1802
1402
1781
2059
1887
1449
1144
1871
3347
4355
4667
4598
3979
2958
2105
1871
2105
2822
2150
916
1274
2271
1529
586
1243
1233
696
1308
2225
1743
724
-414
-1444
-1032
384
1080
1350
1685
1614
588
-755
-1833
-2458
-2686
-2862
-2966
-2516
-2240
-3267
-4347
-4697
-4655
-4290
-3898
-3305
-2339
-1751
-1950
-2004
-1116
-804
-1443
-1578
-1622
-2582
-3289
-3701
-4350
-3941
-3346
-3321
-2815
-1862
-1679
-1403
-701
-232
589
1363
1156
1009
1450
1017
-313
-1471
-2504
-3868
-4572
-3612
-2119
-969
-563
-1152
-3385
-6042
-5961
-2847
-112
958
2720
5094
5727
5461
6094
6297
4205
1514
674
1185
1711
1530
901
-150
-873
-632
-13
-11
-21
581
721
397
721
1235
624
-449
-183
913
1311
750
688
1553
1884
1729
1928
2360
1833
904
663
729
755
508
-47
-187
630
1996
3549
4735
5084
4630
3899
3396
3237
3762
4346
3828
2785
2753
2785
1231
-396
-721
-1240
-1769
-618
877
1362
1503
1264
654
836
1392
1645
2207
2822
2529
1539
656
-457
-2080
-3570
-4467
-4729
-4416
-4138
-4355
-4498
-4302
-4071
-3618
-2953
-2389
-1873
-1043
-169
240
342
-447
-2159
-3703
-4565
-4521
-4222
-4108
-4109
-4115
-4056
-4096
-3766
-3278
-2620
-1793
-1068
-146
1140
1562
1220
1547
1096
-262
-709
-846
-1759
-2087
-1216
-801
-675
-106
-159
-1174
-2709
-5164
-6579
-4859
-2130
-714
664
2395
3514
4390
5722
6898
7008
5600
3501
2533
2825
2757
2186
1443
148
-1152
-1823
-2383
-2542
-2277
-2467
-2317
-1053
385
836
1093
1715
2144
2398
2759
2743
3021
3421
3209
2533
2025
1394
99
-762
-1039
-919
-727
-655
-354
1110
3210
4483
4897
5138
4953
4353
4209
4499
4765
5098
4314
2426
1195
718
-772
-2361
-2439
-2166
-1895
-598
1134
1643
1353
779
-243
-256
506
757
1351
2658
2383
906
-186
-1481
-3356
-4850
-5166
-4627
-3891
-3493
-3245
-3118
-2934
-2761
-3103
-3193
-2525
-1541
-433
532
825
160
-1183
-2676
-3375
-3497
-3244
-3088
-3152
-3057
-3328
-3875
-3817
-3511
-3314
-2892
-1602
17
1065
1922
2485
2389
1814
1548
1185
922
1110
1191
993
742
313
-394
-795
-1002
-998
-1097
-2732
-6059
-6774
-3772
-1874
-1656
53
2926
4421
5724
8022
9175
7397
3853
1426
951
1221
992
165
-1270
-3002
-4155
-4719
-4817
-4156
-3567
-2955
-1346
1058
2835
3192
2494
1938
2093
2448
2290
2378
2742
2130
866
531
357
-593
-1225
-1406
-1315
-652
278
598
1031
2133
3570
4687
5740
6147
5588
5232
4978
4364
4090
3744
1983
0
-344
-406
-1361
-1713
-1395
-1404
-1125
510
1887
1996
1294
223
-818
-666
267
1321
2264
1791
221
-604
-1295
-2973
-4356
-4504
-4268
-3683
-2726
-1807
-1487
-2155
-3318
-4228
-4242
-3687
-2775
-1646
-688
-177
-145
-681
-1702
-2534
-3041
-3306
-2996
-2329
-2280
-3199
-4130
-4761
-5008
-4693
-3871
-2603
-890
821
2065
3150
3612
3280
2811
3477
4289
3952
3186
2553
1171
-680
-2122
-2674
-2466
-1856
-1243
-283
-648
-3719
-5812
-4143
-1510
-483
1051
3811
5989
6809
7642
8380
7355
3890
327
-752
38
197
-233
-980
-2248
-3685
-3794
-2978
-2133
-948
477
1501
2188
2991
3003
2152
1396
961
697
588
134
-254
41
239
-587
-953
-515
-636
-880
-302
877
1419
1456
1417
2228
3570
4421
4656
4437
3924
2928
1909
1401
1862
1914
1075
752
845
424
-34
166
291
342
554
1001
813
122
-751
-2233
-3594
-3640
-2397
-984
46
265
-65
-960
-2173
-3168
-3290
-2754
-1679
-292
271
-177
-1122
-2347
-3968
-5136
-4469
-3018
-2239
-1306
284
681
-518
-1493
-2229
-2940
-3313
-2836
-1987
-1635
-2302
-3661
-4711
-4914
-4646
-3756
-2227
-1046
41
1406
2317
3067
3937
4060
3673
3972
4222
3467
2369
1077
-548
-2043
-2755
-2892
-2372
-1290
47
1293
2583
3373
1927
-1508
-3121
-1185
712
675
1512
3397
3549
2725
3563
4643
3251
231
-1654
-950
742
1680
1839
1560
749
-424
-915
-773
-276
189
133
-132
110
597
-379
-2215
-2818
-1819
-349
805
1821
2832
3468
3269
2931
3011
2847
2382
2336
2823
3043
2690
1724
492
-464
-1000
-688
642
1807
2017
2428
2941
2647
2266
2669
2959
2844
2724
2859
2018
102
-1366
-2195
-3437
-4994
-5565
-5310
-5169
-5324
-4761
-3079
-1809
-1603
-1169
-292
326
480
716
508
-700
-1994
-2793
-3189
-3378
-3543
-3915
-4612
-4847
-4396
-3675
-3080
-2259
-1326
-949
-801
-719
-779
-1401
-2268
-2722
-2315
-2034
-2234
-1944
-1659
-1558
-1183
-413
75
863
2319
3552
4200
4687
4604
3533
2160
1348
1340
1818
1746
1014
330
300
535
776
1281
2023
2376
2644
3544
4287
4341
2444
-1503
-4726
-5028
-3665
-2708
-1831
-410
861
1616
2558
3500
3663
2830
1579
1440
2927
4057
3470
2104
535
-1302
-2581
-3118
-3005
-2364
-2440
-3177
-2842
-1690
-1696
-1972
-1091
593
2491
4368
5497
5595
5218
4390
3612
3182
2801
2361
1745
584
-487
-1173
-1894
-2997
-3305
-2160
-676
1033
3049
4667
5192
4893
4352
3976
3594
2788
1759
932
-206
-1881
-3003
-3838
-5111
-6329
-6864
-6533
-5599
-4211
-2871
-1517
-341
109
811
1442
1532
1342
765
-25
-1152
-2413
-3219
-3592
-3955
-4146
-3861
-3612
-3803
-4068
-4124
-3978
-3528
-2870
-2289
-1840
-1577
-1349
-1544
-2015
-1879
-1023
-19
628
1014
1173
1068
631
493
904
1361
1294
1328
1894
2102
1683
1156
841
621
1218
2560
3865
4789
4844
4415
3503
2237
1212
1029
1439
1750
1933
1962
1415
467
316
472
-281
-1555
-2877
-3510
-2708
-1555
-946
-545
9
592
1632
2941
3830
3638
2720
1264
444
755
569
-581
-1932
-2700
-2967
-3154
-2967
-2424
-1927
-1486
-1038
11
1183
1947
2583
3564
4374
4593
4345
3487
2741
2178
1592
1035
905
601
-250
-461
-423
-593
-863
-1133
-1047
-293
1280
2863
3826
3697
2939
1901
870
144
-230
-248
-736
-1392
-1659
-1916
-2941
-4006
-4654
-4782
-4142
-2968
-1791
-1148
-1210
-1563
-1826
-1890
-1899
-1588
-760
-43
225
-23
-592
-1198
-1889
-2302
-2238
-2447
-3237
-3930
-4345
-4974
-5306
-4882
-3814
-2442
-995
494
1723
2330
2575
2891
3451
3813
3894
3758
3030
2078
948
45
-455
-457
-332
-339
5
602
1198
1820
2266
2642
2998
3067
2896
2979
3028
2616
1702
1251
1158
1189
1116
680
260
-22
-17
-440
-893
-1877
-2820
-2921
-2029
-1385
-957
-366
-91
-35
588
1513
1695
1072
146
-296
-611
-1012
-904
-905
-1352
-1704
-1653
-1422
-1098
-889
-1081
-1013
-691
-332
107
835
1464
1972
2877
3432
3256
2978
2785
2423
1883
1945
2312
2056
1500
1133
497
-564
-1332
-1959
-2490
-2180
-1012
91
911
1306
1402
1366
914
236
92
363
419
593
689
-180
-1637
-2909
-4054
-4683
-4564
-4453
-4241
-3403
-2568
-2259
-2115
-1947
-1603
-625
704
1902
2641
2716
1751
475
-626
-1939
-3176
-3722
-3982
-4084
-3797
-3583
-3586
-3321
-2387
-1309
34
1758
3040
4028
4905
5520
5462
5033
4297
3450
2797
2166
1610
1274
915
298
71
175
370
174
20
402
856
1268
1808
2315
2511
2525
2619
2906
2817
2410
1856
1195
326
-607
-1108
-1669
-2148
-2355
-2562
-2926
-3236
-3182
-3136
-3020
-2488
-1547
-623
264
895
1021
563
-72
-590
-1092
-1338
-1447
-1602
-1578
-1674
-1882
-1792
-1558
-1454
-1131
-504
0
440
910
1156
1057
1120
1378
1655
1819
2024
2582
2980
2837
2474
2012
1305
649
600
942
966
585
-57
-599
-391
202
797
1220
912
251
112
62
-170
-148
-39
-180
-272
103
0
-793
-1687
-2422
-2848
-2985
-3079
-2992
-2704
-2609
-2741
-2306
-1714
-1462
-973
-127
738
996
1050
608
-180
-605
-953
-1223
-1092
-698
-838
-1309
-1763
-2075
-2242
-1808
-897
7
1251
2195
2525
2591
2744
2736
2496
2426
2456
2650
2818
2532
1815
1212
838
612
855
1144
788
118
49
88
89
494
907
1073
1110
1366
1652
1778
1312
392
-237
-427
-555
-990
-1855
-2895
-3658
-3847
-3341
-2430
-1545
-888
-454
42
516
1059
1165
633
66
-105
-175
-442
-1103
-1759
-2272
-2736
-2610
-1898
-841
-107
583
1560
2298
2535
2485
2580
2462
2249
2300
2497
2090
1277
878
260
-581
-776
-580
-454
-276
-117
74
230
307
403
1099
1710
1744
1950
2291
2072
1235
236
-684
-1418
-1761
-1862
-1807
-1573
-1341
-1207
-1339
-1431
-1160
-847
-797
-677
-149
239
-232
-868
-1080
-1516
-2144
-2278
-1949
-2068
-2481
-2587
-2421
-2231
-2078
-1695
-1494
-1252
-742
33
777
1164
1134
929
852
714
944
903
503
-87
-507
-817
-1145
-903
-476
-2
797
1728
2250
2659
3142
3453
3553
3730
3723
3219
2462
1672
1135
624
44
-639
-981
-1240
-1610
-1498
-1229
-966
-532
74
313
384
797
887
691
442
344
188
1
-200
-523
-985
-1566
-1874
-1538
-826
-318
-191
-412
-740
-1263
-1731
-1670
-1498
-1297
-648
146
511
442
506
310
194
687
1499
2025
2485
2700
2545
2195
1776
1476
1185
964
619
300
243
-164
-662
-741
-617
-348
110
575
775
1147
1781
2253
2539
2528
2328
2107
1727
694
-153
-798
-1565
-2400
-2988
-3147
-3069
-2864
-2671
-2310
-1894
-1336
-793
-113
489
831
568
-370
-1664
-2386
-2883
-3397
-3552
-3624
-3739
-4061
-4196
-4221
-3871
-3446
-3013
-1815
-409
693
1446
1908
2010
1912
1958
1878
1789
1822
1600
947
90
-952
-2086
-2806
-2632
-1724
-504
1009
2195
3080
3462
3719
4151
4568
5008
5261
5231
4633
3514
1987
411
-901
-1703
-1625
-1127
-834
-682
-385
-41
184
555
994
1631
2538
3180
3344
2938
1904
771
-282
-1171
-1486
-1350
-1186
-1147
-1283
-1490
-2103
-2455
-1970
-1448
-701
316
940
1083
1019
906
751
594
501
569
869
818
693
731
654
336
73
73
22
151
368
180
-338
-581
-709
-866
-889
-757
-583
-546
-726
-984
-851
-580
-436
-30
568
691
330
-30
-418
-932
-1319
-1287
-1254
-1536
-1926
-2273
-2505
-2813
-2784
-2107
-1260
-703
-372
-110
-324
-882
-1647
-2372
-2798
-2969
-2485
-1920
-1879
-2488
-3204
-3853
-4155
-3466
-1945
-566
224
969
1223
1186
1266
1462
1640
1850
2266
2692
2690
2388
1936
1275
447
-36
-81
-27
230
592
1057
1474
1711
2039
2452
2892
3528
4283
4900
4941
4447
3486
2452
1471
782
138
-276
-335
-224
112
111
210
379
492
778
1296
1976
2515
2675
2452
1844
1101
458
-381
-1047
-1234
-1214
-1267
-1285
-1097
-910
-913
-761
-384
137
660
802
705
582
274
-97
-108
-43
-298
-430
-244
-130
-223
-241
-445
-749
-819
-716
-382
67
230
36
-240
-766
-1326
-1555
-1796
-2202
-2227
-2071
-2001
-1909
-1897
-1990
-2021
-1754
-1364
-702
-15
174
52
-316
-656
-1085
-1497
-1811
-1833
-1536
-1479
-1311
-1210
-1357
-1840
-2070
-1887
-1469
-951
-618
-486
-719
-1018
-1389
-1735
-1913
-1849
-1719
-1569
-1386
-1245
-1118
-1175
-1044
-574
107
534
908
1670
2192
2239
2327
2569
2479
1994
1896
2108
2168
2153
2066
2055
1925
1767
1692
1694
1850
1980
2281
2587
2726
2800
2784
2651
2570
2731
2580
2267
2030
1649
1200
968
916
949
1088
1232
1403
1312
938
620
405
343
259
153
140
131
-209
-757
-1447
-2049
-2292
-2366
-2252
-1697
-1329
-1006
-517
-282
-252
-259
-210
-439
-632
-470
-614
-1186
-1729
-1962
-2209
-2385
-2296
-2025
-1616
-1136
-523
-79
142
6
-1
151
85
142
199
-50
-652
-1130
-1323
-1443
-1497
-1331
-1045
-732
-636
-265
127
240
365
717
1154
1369
1212
689
226
-327
-795
-1073
-1140
-957
-767
-611
-610
-542
-510
-828
-902
-742
-598
-381
-296
-441
-711
-883
-1228
-1390
-1098
-886
-941
-979
-895
-919
-652
-521
-457
-148
418
1004
1712
2532
2725
2409
2358
2409
2435
2466
2508
2609
2562
2195
1761
1581
1383
1209
1164
1324
1508
1564
1298
943
1075
1277
1242
1248
1271
1253
1106
972
930
735
387
48
-1
88
23
-231
-395
-783
-1172
-1504
-1619
-1600
-1679
-1781
-1653
-1284
-1235
-1395
-1525
-1569
-1484
-1406
-1268
-1087
-1009
-862
-663
-406
-171
-97
-283
-495
-730
-888
-1160
-1322
-1495
-1638
-1674
-1588
-1178
-943
-612
-332
-197
20
358
477
417
353
158
46
11
-180
-345
-364
-502
-675
-673
-616
-575
-519
-444
-317
61
276
267
293
373
443
294
40
16
108
-202
-368
-242
-206
-283
-353
-109
273
631
635
475
244
-44
-205
-21
438
756
873
852
701
592
581
613
528
416
680
1015
1448
1733
1859
1748
1647
1610
1922
2486
2824
2924
2866
2571
2144
1785
1489
1248
1265
1262
1095
794
469
337
80
-41
-15
195
305
271
222
-13
-552
-1017
-1239
-1411
-1304
-1056
-779
-658
-792
-1039
-1330
-1669
-1882
-1860
-1753
-1658
-1593
-1746
-1973
-2242
-2430
-2427
-2188
-1809
-1527
-1249
-976
-893
-1234
-1427
-1622
-1626
-1277
-781
-166
201
161
-85
-267
-529
-759
-603
-196
-89
101
224
78
-64
-66
40
172
597
850
992
985
718
602
580
531
625
873
889
917
872
694
395
222
307
348
670
809
658
480
183
-161
-406
-440
-473
-334
-111
-38
-40
-101
5
-127
-257
-289
-158
-1
-15
98
123
111
-76
-289
-328
-219
-194
-333
-269
-77
-58
11
179
238
384
487
677
1102
1630
1877
1963
2322
2651
2732
2725
2597
2569
2499
2186
2011
1875
1614
1310
957
582
152
107
192
388
631
700
664
382
228
-68
-384
-618
-740
-898
-929
-774
-710
-848
-1051
-1297
-1424
-1413
-1256
-1137
-1212
-1273
-1226
-1342
-1531
-1593
-1692
-1807
-1831
-1667
-1494
-1408
-1588
-1657
-1579
-1553
-1405
-1133
-1084
-1141
-1152
-1058
-1004
-1101
-1001
-778
-615
-525
-649
-704
-839
-766
-510
-161
-5
-20
-59
-207
-255
-274
-82
-116
-10
229
561
726
837
895
778
733
650
756
1010
991
757
537
589
470
205
232
253
383
398
303
199
297
136
42
174
495
686
530
606
552
539
602
666
807
939
1027
1090
1126
1063
847
436
93
-70
50
175
339
482
512
590
728
1018
1430
1837
1972
2019
1804
1727
1785
1516
1334
1156
876
627
433
311
5
-236
-359
-374
-272
-326
-329
-433
-456
-351
-247
-355
-425
-527
-986
-1538
-1819
-1814
-1804
-1673
-1429
-1297
-1183
-1254
-1323
-1353
-1340
-1273
-1239
-1086
-944
-704
-678
-823
-963
-1085
-982
-805
-615
-616
-718
-750
-915
-989
-937
-805
-656
-431
-341
-542
-729
-672
-384
-224
129
497
706
776
867
847
576
511
294
39
0
59
113
-102
-347
-484
-540
-267
51
527
852
910
1063
1022
922
840
928
910
811
690
538
323
81
59
-64
-177
-144
-30
106
272
400
503
627
646
827
1083
1226
1295
1382
1376
1244
1055
957
817
688
768
855
753
551
217
-73
-186
-227
-143
204
535
666
832
1211
1477
1365
1455
1338
1078
1054
1070
982
675
282
-118
-510
-688
-631
-555
-543
-736
-813
-834
-969
-1098
-1158
-1313
-1324
-1155
-1082
-1143
-1426
-1684
-2119
-2475
-2523
-2440
-2267
-2063
-1835
-1659
-1461
-1293
-1134
-980
-850
-638
-341
-148
-115
1
-39
-214
-151
3
35
-41
15
53
6
-99
-175
-224
-246
-179
133
580
888
1085
1102
1241
1259
1295
1439
1444
1472
1292
1127
888
560
361
114
-47
-96
-14
111
257
287
369
551
730
912
1120
1208
1209
1179
1080
767
564
401
140
32
-30
-196
-341
-510
-669
-738
-626
-473
-307
-113
-46
101
50
-63
-5
2
-32
66
109
111
-91
-300
-383
-583
-702
-804
-884
-798
-836
-861
-742
-629
-634
-388
-215
-72
331
535
806
1053
1098
902
705
587
509
341
271
233
125
102
-94
-214
-227
-316
-465
-407
-143
-116
-204
-251
-319
-550
-691
-578
-474
-519
-588
-461
-479
-633
-721
-749
-729
-713
-626
-476
-260
-282
-351
-243
-287
-138
69
254
549
690
737
622
611
598
455
336
205
102
-21
-247
-468
-566
-576
-580
-578
-433
-234
-55
284
655
941
1087
1082
946
822
702
552
346
98
12
-100
-57
-84
-166
-165
-199
-296
-181
97
402
669
733
912
914
802
654
614
629
619
548
493
425
155
-22
-271
-369
-351
-330
-259
-128
-40
2
-25
-171
-211
-354
-323
-364
-234
49
152
90
-4
-51
-134
-140
-101
-50
44
9
-179
-218
-276
-426
-535
-509
-213
-40
67
148
101
30
33
156
339
508
582
626
596
374
221
44
-248
-497
-628
-694
-800
-845
-905
-977
-955
-895
-836
-705
-438
-220
-123
-42
22
24
17
-118
-229
-298
-497
-680
-656
-596
-694
-696
-566
-370
-222
36
309
605
821
891
948
936
808
511
300
170
77
59
63
-111
-300
-367
-460
-426
-371
-244
44
331
528
736
803
666
504
325
224
158
207
286
339
399
286
33
-277
-354
-379
-177
175
368
475
592
428
198
167
248
176
273
352
392
404
164
-7
-181
-203
-194
-24
107
233
190
108
55
-146
-207
-189
-90
59
150
41
-9
-83
-14
120
309
626
857
877
799
711
517
323
223
179
142
10
-2
-79
-141
-75
-40
61
227
485
640
886
1025
1092
999
804
646
523
274
-30
-364
-657
-835
-968
-963
-1087
-1201
-1244
-1186
-1130
-980
-772
-684
-607
-547
-555
-591
-627
-694
-900
-1006
-1070
-1140
-1163
-1228
-1368
-1472
-1401
-1219
-938
-703
-418
-72
122
90
-1
-38
-10
-142
-232
-268
-324
-435
-595
-617
-587
-547
-456
-317
-183
31
131
260
343
372
397
386
409
584
702
728
792
607
562
537
595
731
631
529
513
497
534
644
652
696
633
552
585
731
724
570
582
581
523
650
772
679
620
604
542
471
479
439
232
67
14
-38
-92
-180
-224
-147
-115
19
157
264
342
422
682
929
982
933
865
617
389
248
107
36
-119
-145
-91
-85
7
94
145
247
383
622
814
887
856
794
464
232
144
84
-3
-189
-285
-431
-654
-771
-848
-841
-738
-497
-286
-164
-101
-292
-490
-654
-709
-694
-587
-570
-532
-645
-862
-1086
-1205
-1117
-980
-787
-613
-359
-175
-87
-101
-41
-123
-168
-180
-232
-314
-460
-647
-892
-997
-1049
-1031
-1025
-952
-879
-697
-490
-493
-456
-433
-325
-216
-138
-54
-106
-274
-561
-579
-569
-590
-489
-463
-369
-312
-225
-88
-36
31
57
119
292
303
337
342
297
291
316
306
228
176
103
133
195
234
280
399
536
673
709
783
832
802
817
886
1057
1019
936
913
827
755
735
794
831
870
938
1226
1464
1670
1902
1857
1751
1657
1596
1495
1342
1155
961
811
717
693
721
655
597
589
563
519
539
538
453
386
283
173
8
-171
-295
-382
-507
-675
-806
-970
-1149
-1220
-1339
-1394
-1418
-1457
-1382
-1288
-1225
-1218
-1309
-1449
-1563
-1666
-1701
-1614
-1568
-1525
-1412
-1428
-1293
-1220
-1265
-1169
-1104
-836
-593
-474
-310
-228
-244
-429
-589
-661
-826
-965
-920
-824
-699
-518
-515
-412
-260
-137
123
404
588
770
862
794
614
348
102
-142
-168
-157
-71
60
263
333
420
459
558
697
783
882
925
860
680
682
526
337
176
148
171
105
3
-25
-121
-219
-137
-51
93
147
267
384
460
446
446
337
234
252
300
352
389
426
430
438
470
625
782
942
1185
1355
1531
1707
1678
1516
1443
1382
1317
1245
1067
919
836
733
667
625
555
459
353
328
330
293
301
286
142
50
46
-85
-166
-361
-546
-584
-575
-431
-432
-494
-629
-834
-860
-806
-802
-762
-748
-687
-674
-775
-852
-1034
-1181
-1250
-1219
-1008
-919
-838
-941
-1033
-1071
-1098
-967
-897
-681
-484
-348
-332
-374
-523
-666
-719
-833
-882
-862
-849
-809
-826
-833
-781
-737
-634
-488
-348
-167
7
49
89
45
16
-60
-80
-128
-214
-258
-285
-286
-283
-160
-77
69
178
313
550
715
818
909
892
760
682
674
639
502
401
370
201
138
95
112
198
254
421
588
709
869
1047
1099
1152
1190
1133
1134
1094
1091
1124
1124
1181
1125
1011
1047
1073
1205
1321
1420
1460
1385
1305
1227
1135
905
748
582
393
291
153
-59
-228
-390
-576
-593
-654
-702
-619
-546
-576
-634
-697
-867
-1005
-1104
-1203
-1239
-1226
-1175
-1230
-1299
-1284
-1207
-1143
-1041
-972
-921
-851
-894
-958
-928
-934
-1037
-1072
-1279
-1343
-1408
-1403
-1355
-1261
-1080
-936
-640
-439
-304
-249
-129
-33
92
293
432
501
354
200
143
64
-16
-91
-105
-84
-62
72
240
358
415
538
789
901
1068
1074
1008
888
713
525
376
199
-62
-184
-324
-308
-277
-221
-86
19
269
450
548
648
604
658
690
637
675
561
419
251
105
42
-14
28
10
-42
-12
65
149
177
210
331
463
572
676
793
848
706
600
601
625
660
669
677
757
743
742
756
688
746
768
784
750
773
830
762
591
438
370
293
277
209
201
220
92
-57
-134
-286
-339
-316
-374
-459
-468
-648
-764
-872
-1011
-1096
-1184
-1139
-1082
-1017
-982
-980
-962
-952
-908
-806
-831
-918
-979
-1105
-1176
-1233
-1363
-1397
-1489
-1500
-1446
-1406
-1283
-1154
-1040
-861
-647
-407
-175
-27
82
188
276
235
119
51
-46
-106
-209
-249
-329
-345
-271
-269
-111
32
226
437
655
766
860
982
959
934
924
750
632
486
342
286
180
123
107
145
187
369
546
678
856
937
1099
1201
1349
1433
1447
1447
1396
1270
1012
848
765
708
578
532
505
462
417
446
482
489
546
589
613
746
811
817
839
753
746
718
685
538
453
396
300
256
164
115
40
-46
-217
-304
-285
-397
-462
-433
-453
-431
-402
-433
-423
-549
-650
-745
-843
-953
-1111
-1159
-1329
-1400
-1434
-1534
-1499
-1500
-1457
-1401
-1238
-1090
-952
-831
-779
-665
-669
-712
-674
-630
-652
-701
-713
-697
-730
-738
-633
-601
-552
-454
-348
-273
-211
-114
-121
-91
-67
27
185
329
390
395
346
258
153
22
-64
-84
-142
-192
-156
-224
-123
-120
-121
36
134
275
426
461
486
523
465
397
356
375
377
341
280
137
-28
-179
-210
-146
-74
45
102
147
189
283
443
561
673
752
901
974
939
917
804
632
608
576
571
612
561
499
362
336
383
568
689
837
920
1083
1100
1088
1078
993
1002
978
1017
930
799
564
359
119
69
15
-13
24
-63
-117
-182
-264
-344
-357
-362
-245
-132
-26
-36
-186
-352
-563
-744
-901
-983
-1037
-1116
-1146
-1158
-1142
-1083
-978
-914
-788
-670
-572
-513
-480
-510
-575
-505
-509
-504
-476
-585
-694
-784
-956
-1043
-942
-925
-781
-599
-467
-394
-407
-309
-290
-166
2
88
178
252
220
176
116
47
12
-12
48
187
326
408
449
478
546
580
684
808
850
926
871
779
786
652
530
531
517
541
480
454
386
235
189
213
178
187
162
171
205
220
267
257
224
227
183
206
243
249
175
149
81
20
62
71
61
23
-4
-119
-171
-289
-349
-398
-355
-359
-319
-211
-219
-173
-146
-143
-45
19
6
159
180
165
202
100
-40
-193
-242
-301
-241
-219
-158
-64
-70
-60
-3
80
64
184
285
336
399
276
174
50
-158
-292
-281
-324
-314
-304
-302
-281
-325
-269
-243
-207
-85
71
200
307
351
325
198
119
89
-18
46
42
-1
-25
-64
-146
-181
-230
-243
-70
29
174
257
263
231
128
24
-72
-102
-211
-226
-285
-306
-287
-386
-395
-454
-455
-345
-220
-170
-111
-53
-42
-15
12
78
16
-88
-83
-116
-104
-120
-157
-269
-323
-413
-365
-303
-320
-273
-256
-201
-200
-125
-50
-18
104
164
192
127
162
88
37
78
165
246
300
409
403
405
325
316
324
342
399
426
505
510
515
418
380
349
333
356
368
327
338
254
113
94
-8
-54
-101
-182
-221
-215
-261
-297
-358
-405
-405
-393
-373
-340
-316
-233
-209
-174
-186
-205
-226
-322
-264
-238
-172
-153
-112
-139
-187
-182
-250
-231
-169
-80
17
161
273
366
393
327
351
333
350
354
366
398
412
466
367
353
419
398
436
464
455
462
489
426
388
338
305
262
173
141
43
-7
-29
-79
-154
-113
-98
-174
-151
-192
-206
-203
-206
-167
-229
-142
-137
-159
-186
-277
-413
-508
-594
-616
-631
-606
-578
-643
-635
-659
-598
-527
-479
-374
-254
-175
-110
-40
-9
-28
14
42
28
81
21
-3
-64
-195
-247
-240
-214
-117
-21
-26
34
58
90
148
215
284
329
350
340
290
221
146
60
55
79
94
96
124
126
114
160
192
212
291
366
435
484
432
440
403
276
248
271
230
187
217
196
155
149
157
188
286
388
466
508
482
453
356
327
328
318
332
355
334
259
192
132
34
-5
-6
-40
20
49
22
4
-56
-133
-163
-98
-144
-146
-113
-167
-227
-308
-412
-468
-537
-552
-556
-576
-558
-588
-634
-710
-686
-676
-643
-598
-560
-503
-486
-470
-471
-411
-399
-335
-288
-292
-240
-257
-281
-262
-305
-329
-412
-492
-514
-518
-511
-501
-440
-349
-222
-42
84
211
261
239
222
162
138
111
71
63
11
9
2
10
1
-23
0
54
143
247
330
397
417
467
495
541
620
641
650
611
577
468
441
373
269
306
269
291
295
247
273
291
361
428
496
542
549
516
485
389
327
273
200
168
130
149
84
93
46
28
44
39
180
222
262
288
305
244
159
121
48
36
46
37
-22
-25
-117
-210
-308
-328
-312
-303
-265
-237
-209
-238
-250
-216
-222
-173
-146
-112
-88
-121
-133
-210
-239
-294
-308
-327
-309
-349
-381
-425
-460
-448
-396
-362
-360
-295
-249
-300
-221
-201
-190
-152
-143
-102
-61
-26
-31
-35
-144
-199
-229
-266
-317
-375
-420
-409
-436
-354
-259
-125
-5
101
203
268
369
377
391
354
296
231
221
171
108
111
116
150
147
138
126
207
300
356
475
575
677
660
689
725
695
640
587
432
340
294
247
205
196
156
74
105
136
214
244
