SAMPLES:	10952
BITSPERSAMPLE:	16
CHANNELS:	1
SAMPLERATE:	16000
NORMALIZED:	FALSE
167
171
170
168
179
184
183
163
164
148
115
106
86
99
89
65
75
56
32
32
14
10
2
-51
-72
-74
-71
-114
-115
-115
-142
-113
-95
-91
-89
-61
-83
-103
-90
-80
-96
-69
-55
-61
-80
-64
-60
-87
-28
-83
-80
-62
-92
-95
-97
-91
-59
-40
-8
10
7
18
-22
1
-18
0
4
21
34
37
43
10
13
-2
-23
-1
21
11
23
28
22
48
32
45
65
59
74
66
30
4
10
-26
4
15
-39
-3
-56
-58
-56
-88
-107
-135
-142
-168
-158
-136
-180
-174
-157
-169
-152
-156
-136
-115
-145
-129
-119
-136
-71
-76
-89
-87
-94
-84
-57
-58
-40
-3
12
23
11
12
27
22
54
74
84
153
110
120
119
97
125
90
103
117
108
130
131
154
144
111
120
103
113
99
101
131
92
111
87
73
95
100
106
144
141
135
179
160
170
177
156
146
109
91
48
16
16
-10
-16
-33
-46
-46
-35
-70
-75
-102
-115
-117
-132
-107
-119
-110
-79
-105
-99
-83
-81
-66
-58
-35
-40
-23
-27
-18
-50
-63
-54
-81
-89
-98
-99
-116
-103
-114
-126
-91
-117
-72
-64
-46
-24
-45
-5
-37
-44
-47
-38
-28
13
19
29
76
56
88
64
67
87
76
55
44
27
14
50
30
39
68
76
86
113
104
103
89
72
38
69
76
44
60
50
50
14
40
26
53
38
39
29
10
16
7
-5
5
24
-14
1
-15
1
-23
-49
-30
-43
-30
-52
-83
-58
-75
-73
-81
-95
-70
-82
-75
-83
-72
-63
-57
-40
-15
-34
9
43
29
77
37
43
36
27
48
43
70
65
84
111
110
68
93
45
59
48
10
23
-17
5
-26
-47
-38
-13
-30
-15
9
7
17
-17
22
36
25
44
10
8
-13
-3
-16
-23
-40
-74
-88
-122
-106
-146
-191
-209
-230
-251
-235
-255
-282
-254
-293
-291
-290
-301
-317
-323
-320
-341
-329
-304
-307
-293
-285
-309
-282
-274
-278
-262
-226
-254
-211
-169
-183
-138
-94
-89
-37
-7
15
62
78
102
141
190
184
234
274
301
315
317
333
350
358
358
433
412
461
481
492
486
439
475
435
443
464
452
480
443
461
484
476
498
488
489
506
515
544
548
520
507
506
466
444
466
444
396
406
405
365
318
316
274
243
220
148
107
59
8
-30
-87
-136
-155
-207
-250
-289
-339
-345
-404
-433
-481
-490
-513
-546
-559
-602
-589
-635
-621
-622
-625
-593
-598
-572
-612
-620
-599
-593
-583
-547
-536
-529
-546
-562
-564
-559
-585
-550
-534
-489
-432
-454
-382
-384
-341
-294
-290
-233
-172
-129
-107
-65
-50
-19
34
8
48
56
94
131
123
154
121
162
165
182
222
222
236
226
224
230
191
218
189
181
190
185
200
191
198
203
231
218
215
226
256
225
244
198
201
213
154
226
197
183
193
179
148
182
181
166
195
183
196
200
194
185
161
200
175
181
199
185
226
213
175
197
201
182
219
254
268
244
260
264
276
256
270
277
276
296
303
331
300
290
269
279
306
297
302
300
256
228
197
141
104
57
35
-2
-23
-34
-94
-122
-158
-204
-222
-285
-325
-316
-317
-321
-347
-374
-399
-398
-391
-417
-404
-411
-371
-387
-398
-376
-389
-384
-397
-364
-397
-376
-336
-363
-324
-326
-324
-307
-290
-291
-254
-275
-297
-247
-235
-225
-239
-211
-205
-195
-168
-191
-177
-167
-180
-170
-179
-159
-108
-99
-33
-13
15
40
64
89
126
150
187
246
290
342
343
366
392
368
400
399
382
413
405
362
366
338
278
259
238
202
211
193
150
158
114
66
19
-20
-15
-49
-77
-45
-78
-95
-84
-113
-128
-133
-169
-177
-139
-148
-172
-190
-194
-209
-178
-166
-172
-141
-146
-138
-150
-187
-160
-166
-174
-146
-140
-82
-72
-85
-56
-61
-57
-21
-22
-20
-20
44
71
70
102
97
169
170
215
255
268
287
298
292
298
332
330
388
382
396
394
410
379
369
367
330
328
304
281
246
201
188
132
115
85
40
36
-23
-41
-96
-102
-121
-179
-145
-161
-165
-168
-211
-184
-172
-200
-193
-204
-193
-180
-159
-164
-157
-172
-161
-139
-124
-83
-37
-34
-25
-13
-44
-44
-66
-57
-83
-76
-45
-25
-39
-18
-15
-45
-41
-69
-55
-29
-11
17
12
26
38
43
33
49
53
58
83
91
91
109
116
116
184
160
191
182
178
202
158
143
143
103
112
111
67
58
-5
8
-38
-35
-22
-26
-46
-75
-63
-111
-149
-138
-177
-202
-205
-215
-194
-231
-237
-268
-289
-330
-345
-356
-379
-394
-432
-445
-482
-472
-487
-465
-451
-441
-379
-388
-393
-412
-413
-433
-413
-400
-378
-350
-332
-296
-280
-237
-229
-213
-188
-118
-73
-45
14
47
64
119
119
174
262
295
364
344
377
400
415
432
470
498
520
577
608
633
630
642
623
584
608
630
604
630
593
550
521
486
454
452
423
434
397
363
348
323
263
246
227
207
216
213
198
161
172
145
102
84
59
6
0
-4
-44
-47
-79
-99
-94
-140
-128
-165
-197
-197
-277
-284
-302
-305
-318
-353
-351
-381
-376
-416
-413
-397
-456
-427
-455
-441
-424
-466
-420
-439
-428
-413
-409
-387
-357
-327
-293
-278
-243
-202
-229
-160
-142
-107
-72
-70
-42
-52
-37
-36
13
1
58
88
78
114
114
145
144
123
127
116
105
144
128
99
165
141
150
171
162
140
187
170
159
166
117
153
121
138
131
94
87
89
104
78
55
39
25
55
9
-11
-38
-61
-41
-43
-33
-30
2
-19
-16
0
12
19
-2
76
73
90
102
133
134
138
132
98
123
146
163
185
193
177
206
193
198
215
241
230
251
259
266
247
254
208
201
208
163
192
154
164
131
99
66
9
-18
-57
-82
-101
-121
-115
-153
-164
-160
-206
-214
-220
-229
-257
-257
-262
-292
-274
-308
-345
-390
-419
-415
-410
-436
-440
-462
-454
-443
-482
-488
-486
-507
-529
-515
-512
-508
-460
-455
-428
-393
-356
-310
-276
-204
-173
-154
-133
-105
-70
-54
4
36
66
143
158
195
243
294
286
329
340
381
402
366
391
405
436
464
510
559
616
650
687
696
686
679
683
617
623
607
606
572
543
585
529
517
503
475
436
411
396
333
295
227
187
105
54
-4
-43
-56
-74
-83
-109
-118
-119
-159
-162
-176
-193
-214
-255
-260
-267
-299
-296
-311
-341
-295
-337
-331
-338
-380
-393
-385
-413
-418
-409
-438
-437
-430
-476
-519
-502
-532
-527
-557
-512
-510
-510
-482
-449
-404
-396
-333
-282
-227
-217
-162
-176
-152
-118
-130
-127
-109
-56
-2
27
64
92
126
191
187
156
156
97
70
28
39
36
20
87
106
136
173
207
185
188
184
143
140
141
120
145
117
150
122
130
161
122
164
158
165
199
162
170
145
114
140
113
94
81
62
89
90
62
58
36
37
55
32
-5
11
11
-27
-18
-2
-14
32
9
43
54
73
104
73
104
111
151
117
116
126
144
175
199
225
259
295
309
346
319
300
341
317
336
299
314
329
319
293
286
310
286
273
262
229
186
114
58
26
-6
-24
-21
-30
-24
10
-22
-29
-70
-131
-173
-219
-264
-270
-253
-310
-267
-243
-241
-202
-190
-193
-199
-169
-213
-193
-193
-205
-184
-196
-223
-199
-166
-178
-152
-173
-122
-146
-168
-154
-158
-158
-185
-225
-206
-208
-248
-224
-216
-226
-176
-129
-133
-105
-92
-86
-116
-87
-114
-103
-113
-129
-98
-72
-61
-34
8
27
16
24
26
7
38
0
19
0
1
-1
6
27
30
47
59
77
65
74
28
0
-4
-6
-18
-8
13
72
26
28
46
34
42
-2
-28
-72
-51
-129
-116
-110
-136
-114
-85
-92
-33
-54
-82
-89
-133
-153
-161
-161
-193
-150
-122
-88
-62
-36
1
44
-17
21
19
10
36
-30
-3
-18
-32
4
40
55
120
159
168
210
202
193
177
140
65
61
31
40
64
47
62
86
88
126
175
166
175
172
212
199
241
282
307
363
358
400
450
419
440
442
421
401
377
355
313
325
295
326
318
319
307
294
310
254
270
216
142
135
80
80
116
86
101
158
116
181
167
147
183
184
160
155
169
176
249
240
286
319
332
295
272
229
180
148
108
53
2
-58
-243
-511
-755
-958
-1328
-1759
-2083
-2243
-2318
-2238
-2018
-1693
-1294
-846
-427
-19
258
386
350
206
154
73
-14
-15
114
265
576
908
1164
1325
1379
1239
912
539
-42
-691
-1337
-1900
-2272
-2502
-2506
-2331
-2011
-1561
-1079
-619
-230
12
155
221
244
251
213
131
188
408
735
1113
1532
1909
2204
2423
2483
2430
2206
1740
1282
764
174
-212
-590
-939
-1039
-1027
-892
-697
-506
-281
-150
-18
126
167
135
172
195
314
415
563
716
915
1202
1358
1533
1683
1764
1777
1794
1663
1441
1266
1056
873
797
645
646
602
533
581
553
421
174
-44
-422
-744
-1086
-1406
-1836
-2543
-3074
-3360
-3701
-4150
-4495
-4480
-4171
-3673
-3030
-2198
-1327
-450
353
1071
1723
2015
2005
1749
1691
1730
1626
1637
1718
1886
2180
2455
2555
2455
2116
1522
740
-143
-1072
-2054
-3120
-3921
-4427
-4633
-4441
-4069
-3482
-2699
-1858
-935
-171
455
838
1063
1237
1448
1561
1613
1802
2135
2534
3039
3524
3921
4099
4005
3867
3565
3007
2242
1397
546
-216
-872
-1324
-1648
-1794
-1803
-1474
-1091
-781
-610
-620
-573
-738
-889
-1033
-1187
-1242
-1088
-823
-283
206
720
1344
1820
2241
2539
2616
2483
2235
1886
1468
978
503
107
-154
-336
-475
-364
-290
-385
-463
-630
-799
-1134
-1458
-1748
-1916
-1879
-1796
-1431
-1073
-606
-101
370
839
983
1007
910
689
285
-467
-1466
-2383
-2921
-3482
-4291
-4717
-4720
-4387
-3829
-3110
-2279
-1440
-590
51
498
885
869
511
58
-25
84
210
587
1135
1839
2547
3243
3788
4019
3965
3456
2610
1663
681
-493
-1785
-2704
-3153
-3410
-3470
-3111
-2606
-2047
-1329
-716
-131
429
598
608
702
886
1038
1146
1464
1937
2416
2982
3688
4189
4361
4429
4303
3966
3513
2829
2038
1257
612
142
-369
-598
-689
-711
-505
-359
-189
-229
-416
-585
-818
-1027
-1163
-1253
-1307
-1106
-787
-388
89
664
1083
1454
1786
1993
2074
1823
1627
1326
907
560
214
-130
-366
-455
-587
-594
-627
-745
-863
-1001
-1187
-1272
-1389
-1531
-1399
-1253
-989
-579
-296
-103
14
84
-146
-368
-737
-1283
-2071
-3209
-4005
-4468
-5012
-5709
-6058
-5952
-5496
-4697
-3811
-2779
-1536
-457
518
1268
1800
2044
1799
1400
1400
1464
1437
1635
2113
2610
3186
3648
3871
3837
3440
2666
1557
405
-847
-2251
-3590
-4579
-5097
-5425
-5314
-4758
-4181
-3246
-2346
-1467
-609
54
623
1028
1370
1768
2160
2635
3292
3958
4525
5204
5855
6237
6373
6305
5985
5470
4753
3798
2849
1956
1014
236
-264
-647
-976
-1025
-955
-962
-1005
-1153
-1243
-1376
-1596
-1766
-1845
-1832
-1618
-1116
-511
100
816
1465
2063
2543
2891
3007
2918
2686
2210
1806
1308
658
165
-273
-566
-858
-1041
-1037
-1152
-1247
-1430
-1579
-1850
-2070
-2255
-2310
-2229
-1988
-1622
-1258
-819
-413
85
276
428
470
233
22
-310
-1052
-2065
-2896
-3518
-4177
-5059
-5576
-5529
-5185
-4615
-3733
-2598
-1518
-396
570
1358
1925
2127
1751
1208
990
785
617
575
864
1283
1802
2250
2551
2688
2465
1902
962
-50
-1060
-2313
-3737
-4710
-5262
-5580
-5538
-5100
-4403
-3464
-2322
-1236
-109
843
1478
1901
2291
2670
3025
3278
3543
4029
4495
5015
5614
5928
6079
6098
5783
5335
4673
3762
2689
1490
389
-498
-1255
-1948
-2365
-2486
-2461
-2308
-1968
-1746
-1579
-1372
-1301
-1167
-1059
-1017
-793
-387
136
740
1288
2023
2675
3177
3684
3881
3930
3773
3405
2811
2101
1335
516
-141
-727
-1210
-1486
-1615
-1649
-1567
-1586
-1589
-1572
-1596
-1576
-1478
-1257
-912
-406
-17
399
781
948
1069
1001
768
424
-107
-612
-1170
-2204
-3292
-4039
-4511
-5246
-6069
-6381
-6298
-6015
-5644
-4864
-3839
-2885
-1724
-689
102
823
1112
923
711
749
702
651
764
1081
1479
1969
2329
2514
2606
2379
1792
815
-142
-934
-2211
-3441
-4170
-4568
-4630
-4328
-3703
-2868
-1849
-680
406
1394
2237
2728
3021
3234
3529
3797
3860
4010
4286
4625
5010
5396
5609
5602
5461
5127
4665
3998
3210
2100
894
-36
-864
-1486
-1929
-2130
-2139
-1948
-1484
-1098
-714
-503
-331
-159
-159
32
132
141
303
599
898
1340
1858
2309
2694
2938
3058
3041
2576
1911
1218
290
-595
-1358
-2033
-2489
-2674
-2768
-2543
-2184
-1910
-1665
-1311
-1048
-762
-441
-275
-23
263
378
573
509
389
310
14
-236
-526
-748
-1071
-1541
-2407
-3245
-3657
-4226
-5167
-5979
-6379
-6399
-6135
-5769
-4884
-3706
-2716
-1533
-379
517
1352
1517
1148
981
914
661
405
396
669
1062
1428
1900
2285
2377
2242
1739
939
95
-851
-2106
-3218
-3957
-4494
-4629
-4366
-3770
-2820
-1700
-519
679
1871
2768
3406
3800
4102
4349
4371
4376
4551
4817
5012
5347
5577
5483
5570
5454
5102
4542
3892
3192
2275
1366
530
-130
-930
-1482
-1659
-1830
-1819
-1742
-1585
-1432
-1301
-1077
-796
-569
-412
-178
160
483
947
1350
1803
2268
2747
3124
3364
3392
3155
2970
2493
1977
1240
462
-288
-907
-1366
-1831
-2003
-2088
-2021
-1820
-1548
-1261
-1021
-739
-428
-84
98
189
126
62
-182
-533
-898
-1402
-1758
-2118
-2362
-2552
-3231
-3921
-4354
-4741
-5362
-6185
-6685
-6918
-6893
-6583
-5929
-5004
-3883
-2658
-1495
-484
478
1060
1063
839
813
640
378
198
189
488
764
1152
1586
1938
2032
1790
1270
641
-153
-1126
-2168
-2910
-3273
-3426
-3195
-2615
-1805
-753
535
1751
2878
3956
4682
5081
5367
5537
5597
5460
5293
5264
5293
5407
5548
5446
5112
4995
4671
4069
3349
2599
1809
1008
231
-344
-744
-1196
-1430
-1260
-1029
-969
-735
-673
-613
-402
-367
-194
-60
27
283
694
1052
1357
1691
1895
2036
2107
2037
1846
1553
1001
512
32
-552
-1163
-1859
-2355
-2612
-2788
-2884
-2772
-2619
-2434
-2098
-1614
-1178
-739
-308
104
510
675
742
609
238
-223
-676
-1069
-1486
-1833
-2178
-2391
-2913
-3706
-4225
-4618
-5238
-6224
-6808
-7029
-7014
-6736
-6145
-5275
-4105
-2742
-1432
-234
850
1671
1934
1772
1687
1620
1196
889
958
1188
1492
1811
2206
2588
2835
2686
2204
1582
712
-273
-1518
-2640
-3348
-3778
-3882
-3481
-2759
-1717
-410
844
2101
3212
4151
4779
5056
5300
5265
5251
5216
5152
5188
5244
5360
5316
5380
5508
5436
5019
4503
4060
3399
2584
1754
908
96
-698
-1168
-1418
-1575
-1664
-1670
-1561
-1315
-881
-723
-531
-403
-222
71
219
407
566
759
983
1253
1461
1668
1554
1286
1095
840
382
-193
-740
-1271
-1830
-2266
-2520
-2652
-2778
-2792
-2484
-2126
-1609
-1117
-528
-2
332
751
778
739
366
-209
-748
-1453
-1965
-2471
-2887
-3123
-3199
-3482
-3999
-4281
-4541
-5092
-5977
-6716
-7087
-7184
-7188
-6763
-5880
-4758
-3392
-1781
-276
948
2030
2592
2745
2804
2796
2408
1782
1468
1288
1346
1343
1407
1798
1986
1954
1689
1285
710
-308
-1318
-2331
-3100
-3657
-3913
-3769
-3257
-2285
-1058
355
1833
3152
4392
5382
5982
6384
6567
6594
6384
6252
6088
6023
5845
5406
5331
5163
4851
4404
4028
3646
3122
2507
1812
1132
267
-462
-1108
-1631
-1993
-2258
-2433
-2539
-2284
-2086
-1678
-1347
-1154
-703
-256
63
285
678
770
920
1052
1033
1075
926
664
335
162
-137
-436
-713
-1029
-1386
-1592
-1835
-1946
-1863
-1922
-1671
-1312
-955
-531
-19
287
665
756
653
690
422
-54
-631
-1085
-1550
-1789
-1997
-2165
-2219
-2804
-3234
-3326
-3733
-4494
-5337
-6028
-6434
-6409
-6367
-5827
-4992
-3941
-2528
-1093
188
1307
2084
2210
2315
2305
2016
1518
934
520
330
329
309
445
693
722
630
365
-146
-754
-1686
-2710
-3386
-3915
-4202
-4131
-3771
-3043
-1964
-706
636
1994
3277
4327
5053
5588
5951
6106
6075
6058
6019
5918
5779
5722
5598
5387
5198
4753
4258
3910
3415
2839
2385
1635
972
380
-220
-787
-1224
-1570
-1931
-2129
-2263
-2182
-1912
-1759
-1516
-1148
-717
-157
297
762
1102
1423
1548
1620
1570
1340
1114
731
226
-64
-490
-899
-1203
-1524
-1770
-1944
-2103
-2247
-2199
-2158
-2201
-2003
-1736
-1442
-918
-433
44
532
768
976
1176
935
610
248
-361
-955
-1311
-1760
-2141
-2755
-3406
-3693
-3994
-4455
-5188
-5785
-6193
-6329
-6247
-5954
-5347
-4498
-3515
-2327
-1127
-35
735
1154
1254
1462
1659
1441
1211
1028
946
1047
1145
1227
1302
1304
1135
726
363
-179
-967
-1917
-2666
-2948
-3119
-3063
-2702
-2047
-1200
-64
1131
2365
3535
4375
5137
5791
6350
6654
6800
6773
6719
6657
6445
6275
6110
5761
5459
5063
4571
4170
3722
3110
2530
1850
1115
474
-185
-783
-1323
-1719
-2169
-2378
-2591
-2710
-2629
-2607
-2502
-2288
-2042
-1789
-1474
-1100
-836
-532
-315
-64
131
93
106
129
-83
-247
-446
-622
-733
-1009
-1141
-1259
-1393
-1574
-1487
-1456
-1274
-988
-880
-545
-239
5
189
240
126
15
-211
-468
-837
-1292
-1611
-1950
-2230
-2292
-2368
-2862
-3341
-3554
-3744
-4221
-5068
-5663
-5968
-6013
-5829
-5224
-4369
-3362
-2096
-851
305
1346
1967
1984
1833
1679
1463
943
304
-67
-245
-300
-292
-18
266
337
330
69
-195
-608
-1317
-2249
-2952
-3279
-3432
-3293
-2864
-2042
-931
318
1610
3053
4269
5272
5975
6435
6926
7009
6932
6791
6655
6459
6082
5909
5751
5539
5227
4807
4413
4031
3558
2914
2222
1392
650
-40
-717
-1288
-1561
-1811
-2029
-2017
-1983
-1784
-1695
-1540
-1360
-1137
-985
-798
-541
-393
-5
179
428
789
1048
1169
1268
1352
1182
861
468
-44
-656
-1326
-1874
-2123
-2416
-2574
-2507
-2320
-1987
-1524
-1114
-633
-118
42
305
473
313
242
76
-299
-529
-717
-1099
-1373
-1553
-1807
-1847
-2015
-2730
-3366
-3849
-4421
-5252
-6247
-6925
-7096
-7080
-6851
-6024
-4944
-3798
-2442
-1224
-167
759
1159
1072
845
634
371
-124
-648
-677
-572
-454
-14
530
894
1179
1141
950
608
33
-784
-1739
-2248
-2674
-2767
-2585
-2106
-1097
-75
1207
2631
3978
5181
6136
6752
7019
7306
7262
6947
6681
6423
6116
5679
5548
5603
5465
5122
4816
4574
4280
3771
3124
2321
1454
742
-17
-821
-1409
-1889
-2235
-2467
-2529
-2328
-2171
-2007
-1777
-1542
-1353
-1249
-1122
-1014
-874
-783
-608
-328
-54
87
208
435
431
327
212
-20
-350
-786
-1163
-1499
-1690
-2014
-2149
-1929
-1743
-1412
-1022
-704
-417
-112
-104
35
-26
-170
-237
-514
-727
-784
-842
-1006
-1044
-1061
-1130
-1262
-1745
-2532
-3145
-3705
-4620
-5710
-6440
-6706
-6542
-6180
-5424
-4210
-2988
-1728
-377
565
1272
1729
1467
918
523
120
-590
-1011
-1086
-800
-282
124
782
1367
1677
1766
1584
1020
233
-695
-1901
-2639
-3074
-3386
-3376
-2821
-1908
-795
641
2036
3449
4744
5624
6176
6470
6573
6419
6113
5737
5505
5208
4889
4929
5078
5194
5069
4997
4863
4623
4239
3608
2748
1698
813
46
-733
-1431
-1935
-2295
-2514
-2541
-2281
-2057
-1993
-1897
-1644
-1375
-1487
-1465
-1423
-1433
-1261
-1041
-756
-453
-92
188
373
673
691
570
387
1
-474
-958
-1454
-1818
-2045
-2322
-2262
-1916
-1583
-1257
-648
-216
58
308
313
304
208
12
-301
-528
-746
-906
-968
-1136
-1081
-1003
-1142
-1355
-1923
-2627
-3079
-3743
-4871
-5844
-6291
-6485
-6373
-5839
-4894
-3695
-2391
-1012
262
1254
1906
2088
1571
938
610
-63
-901
-1232
-1185
-1004
-480
119
840
1549
1955
2060
1880
1375
585
-368
-1435
-2169
-2577
-2914
-2794
-2089
-1166
61
1464
2869
4229
5370
6062
6497
6742
6668
6412
6020
5575
5254
4864
4589
4737
4751
4691
4677
4750
4668
4433
3984
3237
2426
1600
753
-219
-1126
-1873
-2298
-2739
-2932
-2693
-2555
-2290
-2027
-1755
-1469
-1375
-1429
-1430
-1507
-1577
-1502
-1305
-1170
-914
-647
-419
-61
63
80
-13
-310
-703
-1085
-1543
-2051
-2246
-2437
-2461
-2061
-1698
-1213
-753
-313
157
564
726
763
841
718
595
439
177
0
-148
-377
-470
-447
-696
-918
-1340
-2293
-3061
-3693
-4580
-5715
-6636
-7071
-7059
-6790
-6151
-4974
-3763
-2467
-848
441
1295
2034
2102
1630
1284
940
280
-351
-440
-277
106
603
1154
1936
2419
2630
2585
2152
1451
487
-610
-1788
-2572
-3085
-3396
-3146
-2429
-1424
-39
1451
2882
4311
5295
5912
6352
6531
6316
6051
5691
5355
5101
4844
4683
4800
4932
4885
4873
4773
4573
4249
3678
2908
2089
1058
75
-823
-1657
-2369
-2938
-3214
-3342
-3318
-3098
-2840
-2628
-2372
-2187
-2048
-1990
-2003
-2023
-1925
-1734
-1552
-1324
-1046
-586
-231
1
209
324
175
-82
-363
-764
-1125
-1389
-1617
-1830
-1785
-1470
-1159
-760
-299
132
596
922
1093
1290
1303
1114
1078
878
500
297
130
-119
-317
-273
-355
-511
-951
-1747
-2462
-3136
-4088
-5252
-6281
-6823
-6936
-6750
-6164
-5119
-3797
-2553
-1105
63
934
1605
1533
953
423
59
-602
-1152
-1226
-1042
-611
-7
815
1684
2365
2685
2683
2271
1458
650
-522
-1705
-2556
-3069
-3241
-3040
-2237
-1255
6
1478
2916
4271
5287
5915
6286
6343
6165
5844
5463
5099
4808
4546
4560
4842
5012
5071
5203
5344
5275
5063
4609
3876
2902
1833
791
-161
-1259
-2115
-2611
-2901
-3035
-2973
-2759
-2588
-2376
-2215
-1963
-1766
-1864
-1957
-1859
-1764
-1666
-1517
-1354
-1046
-749
-441
-103
144
211
115
-46
-355
-756
-1028
-1442
-1826
-2080
-2121
-1999
-1910
-1661
-1335
-914
-652
-324
35
277
439
472
525
399
104
-139
-362
-584
-722
-850
-975
-975
-1176
-1888
-2575
-3018
-3636
-4609
-5652
-6202
-6377
-6357
-6050
-5162
-4018
-2837
-1472
-242
780
1494
1759
1299
732
406
-208
-612
-787
-695
-299
260
949
1824
2476
2843
2971
2641
2141
1568
655
-533
-1252
-1819
-2122
-1944
-1367
-516
628
1789
3029
4355
5212
5769
6075
6118
6022
5834
5343
4952
4631
4241
4248
4477
4502
4638
4808
4733
4640
4472
4098
3407
2450
1469
592
-479
-1515
-2197
-2797
-3246
-3367
-3261
-3068
-2861
-2566
-2126
-1870
-1790
-1788
-1889
-1878
-1828
-1756
-1736
-1561
-1236
-1000
-770
-448
-301
-291
-416
-546
-763
-1040
-1349
-1644
-1818
-2132
-2035
-1777
-1486
-1033
-486
133
590
1108
1436
1638
1672
1480
1353
989
481
29
-256
-597
-860
-875
-874
-875
-1241
-1855
-2455
-3059
-3980
-5243
-6201
-6666
-6814
-6748
-6184
-5162
-3996
-2607
-1182
12
1063
1768
1677
1214
827
505
-106
-571
-602
-456
13
524
1257
2013
2491
2718
2531
2076
1431
591
-564
-1705
-2468
-3000
-3231
-2910
-2199
-1104
194
1548
2940
4169
5021
5546
5790
5686
5542
5315
4936
4694
4510
4409
4433
4584
4860
5130
5300
5367
5313
5045
4565
3720
2615
1538
449
-789
-1829
-2513
-3002
-3335
-3362
-3223
-2986
-2633
-2262
-1982
-1846
-1780
-1761
-1806
-1782
-1720
-1644
-1558
-1340
-892
-459
-253
106
319
349
248
-21
-247
-781
-1302
-1669
-1944
-2239
-2307
-2252
-1966
-1436
-933
-322
399
1002
1583
1954
2073
2140
1927
1376
873
399
-183
-567
-786
-902
-884
-819
-1106
-1652
-2126
-2497
-3215
-4545
-5625
-6098
-6531
-6677
-6218
-5426
-4404
-3095
-1646
-373
776
1539
1658
1361
1121
819
226
-338
-456
-287
-65
432
1138
1828
2331
2734
2695
2401
1950
1123
-34
-1180
-2001
-2619
-2940
-2845
-2205
-1277
-90
1231
2535
3733
4671
5281
5506
5672
5660
5379
5004
4741
4488
4302
4321
4490
4725
5065
5192
5202
5269
5076
4581
3682
2580
1553
252
-1069
-2094
-2864
-3455
-3849
-3923
-3735
-3372
-3065
-2688
-2407
-2356
-2282
-2327
-2374
-2454
-2422
-2465
-2355
-1969
-1522
-1001
-620
-112
278
375
299
141
-157
-673
-1245
-1441
-1659
-1996
-1903
-1660
-1321
-827
-269
367
968
1416
1778
2037
2085
1914
1558
1109
571
162
-265
-577
-761
-895
-896
-911
-1066
-1671
-2208
-2658
-3417
-4456
-5425
-5983
-6312
-6288
-5887
-5033
-3914
-2728
-1319
-112
892
1664
1711
1280
954
612
74
-388
-452
-370
-102
452
1079
1764
2185
2505
2477
2133
1822
1118
185
-895
-1589
-1959
-2259
-1970
-1319
-399
734
1962
3157
4251
5084
5498
5649
5678
5631
5397
5036
4796
4668
4523
4583
4848
4903
4982
5097
5115
4972
4745
4278
3311
2237
1197
13
-1167
-2141
-2864
-3457
-3840
-3840
-3600
-3341
-3109
-2894
-2695
-2531
-2351
-2339
-2447
-2355
-2263
-2273
-2093
-1744
-1380
-1216
-886
-510
-226
-177
-293
-203
-557
-1104
-1420
-1598
-1904
-2154
-2061
-1826
-1447
-980
-348
269
793
1233
1518
1725
1657
1373
1039
424
-202
-696
-1129
-1412
-1498
-1475
-1362
-1361
-1776
-2202
-2400
-3079
-4185
-5085
-5639
-6014
-6035
-5637
-4996
-4015
-2770
-1387
-62
1058
2027
2292
1963
1586
1348
740
-14
-218
-276
-174
189
783
1376
1929
2210
2299
2114
1672
1117
178
-786
-1553
-1947
-2151
-2134
-1574
-687
461
1716
2991
4141
5059
5611
5939
6096
5965
5657
5343
5050
4820
4625
4587
4697
4706
4795
4831
4781
4634
4305
3820
3053
2027
1051
-56
-1143
-2191
-2941
-3396
-3860
-4110
-4113
-3923
-3605
-3239
-2949
-2758
-2555
-2335
-2409
-2293
-2058
-1912
-1837
-1583
-1144
-770
-562
-378
-122
-93
-220
-349
-512
-928
-1227
-1436
-1572
-1663
-1696
-1444
-1105
-683
-136
472
972
1301
1677
1855
1804
1679
1502
1046
546
152
-160
-467
-685
-731
-778
-770
-995
-1578
-2106
-2535
-3382
-4492
-5346
-5814
-6019
-5941
-5459
-4586
-3570
-2237
-841
232
1152
1871
1842
1406
1102
795
168
-420
-553
-439
-175
334
965
1540
2092
2315
2198
1845
1306
468
-655
-1683
-2356
-2707
-2945
-2718
-2003
-968
210
1416
2758
3807
4544
5095
5403
5467
5384
5130
4813
4552
4418
4329
4353
4599
4680
4814
4885
4822
4604
4261
3634
2695
1738
704
-287
-1282
-2136
-2628
-2993
-3237
-3264
-3087
-2806
-2555
-2242
-2026
-1855
-1643
-1531
-1535
-1376
-1221
-1084
-952
-691
-306
-162
-38
128
221
100
-165
-392
-723
-1154
-1468
-1656
-1804
-1817
-1780
-1548
-1235
-824
-331
37
398
724
1016
1047
1050
985
704
300
-122
-471
-650
-853
-1051
-962
-1019
-1091
-1368
-1951
-2545
-3012
-3675
-4791
-5588
-5874
-5933
-5817
-5326
-4475
-3449
-2244
-1038
-5
892
1536
1607
1241
898
639
119
-372
-304
-117
131
677
1366
1958
2477
2744
2723
2397
1868
1183
234
-627
-1192
-1480
-1603
-1381
-631
245
1329
2505
3634
4565
5254
5678
5811
5804
5578
5325
4958
4599
4345
4274
4224
4315
4400
4431
4509
4428
4337
3953
3346
2506
1504
579
-463
-1499
-2404
-3045
-3545
-3900
-3959
-3896
-3679
-3431
-3157
-2856
-2624
-2437
-2303
-2251
-2222
-2126
-2100
-2061
-1791
-1604
-1466
-1278
-1106
-980
-988
-1024
-1129
-1188
-1389
-1606
-1768
-1790
-1808
-1736
-1459
-1076
-617
-122
408
814
1130
1446
1627
1580
1508
1283
855
467
81
-274
-572
-722
-757
-733
-804
-1277
-1794
-2181
-2680
-3538
-4509
-5062
-5147
-5240
-4995
-4290
-3337
-2205
-962
229
1154
2007
2395
2166
1738
1445
991
207
-300
-299
-230
-141
377
904
1383
1738
1882
1765
1402
929
102
-792
-1532
-1992
-2147
-2138
-1701
-904
58
1276
2500
3601
4555
5228
5569
5717
5667
5456
5015
4652
4375
4148
4127
4158
4213
4326
4455
4488
4512
4340
3857
3184
2187
1211
265
-889
-1958
-2804
-3330
-3777
-3896
-3774
-3552
-3252
-2925
-2640
-2280
-1999
-1981
-1884
-1917
-1900
-1835
-1752
-1685
-1445
-1229
-972
-728
-623
-442
-477
-530
-681
-875
-1198
-1515
-1745
-1828
-1871
-1763
-1464
-1090
-591
-92
518
915
1188
1342
1296
1233
1071
707
225
-213
-571
-780
-922
-983
-904
-964
-1215
-1632
-2106
-2417
-2992
-4070
-4831
-5180
-5338
-5328
-5021
-4309
-3371
-2203
-1061
-24
808
1427
1513
1089
833
632
169
-450
-625
-462
-278
11
558
1132
1664
2033
2146
2007
1709
1147
451
-338
-902
-1142
-1363
-1208
-596
258
1229
2388
3473
4444
5207
5679
5904
5972
5820
5514
5148
4730
4493
4277
4258
4312
4379
4532
4697
4770
4682
4464
4044
3315
2387
1422
413
-693
-1720
-2423
-2968
-3414
-3596
-3509
-3398
-3228
-2987
-2713
-2494
-2453
-2437
-2458
-2572
-2632
-2609
-2620
-2590
-2336
-2133
-1881
-1552
-1276
-1137
-1122
-1082
-1093
-1270
-1463
-1545
-1673
-1760
-1691
-1446
-1243
-896
-395
64
517
933
1391
1606
1634
1519
1365
978
498
-11
-358
-714
-1066
-1096
-1104
-1181
-1424
-1750
-2041
-2282
-2760
-3730
-4527
-4729
-4935
-4964
-4659
-4080
-3236
-2119
-1063
-159
777
1357
1392
1162
998
826
353
-254
-388
-373
-394
-165
389
824
1255
1713
1760
1541
1329
886
86
-588
-1044
-1290
-1477
-1358
-835
-78
760
1835
2911
3829
4647
5280
5582
5737
5793
5612
5326
4953
4691
4481
4407
4363
4445
4497
4556
4698
4707
4529
4076
3409
2600
1643
539
-480
-1617
-2465
-3096
-3628
-3747
-3696
-3472
-3143
-2803
-2492
-2044
-1867
-1784
-1700
-1721
-1779
-1833
-1891
-1937
-1776
-1574
-1423
-1122
-774
-619
-471
-360
-361
-601
-801
-1039
-1298
-1442
-1597
-1573
-1457
-1367
-1021
-649
-278
166
511
784
992
1119
1038
808
433
57
-299
-676
-1007
-1196
-1341
-1490
-1781
-2288
-2626
-2848
-3368
-4233
-4957
-5273
-5513
-5569
-5327
-4834
-4174
-3303
-2374
-1545
-724
-46
169
123
212
281
60
-233
-140
-2
178
527
1026
1480
1865
2240
2322
2166
2017
1711
1051
465
55
-212
-499
-522
-146
412
1155
1990
2938
3692
4376
4960
5296
5497
5636
5634
5339
5101
5038
4846
4624
4516
4657
4697
4717
4831
4931
4819
4398
3773
3021
2105
1117
16
-1042
-1946
-2722
-3253
-3555
-3700
-3628
-3481
-3250
-2963
-2719
-2364
-2185
-2091
-2084
-2070
-2134
-2341
-2266
-2146
-2066
-1849
-1635
-1240
-914
-679
-415
-183
-199
-296
-349
-558
-816
-1088
-1228
-1264
-1322
-1234
-927
-613
-204
196
564
1084
1275
1311
1324
1023
687
209
-242
-644
-1033
-1357
-1614
-1840
-2260
-2703
-2718
-2924
-3548
-4056
-4317
-4549
-4647
-4571
-4408
-3923
-3404
-2748
-1982
-1250
-600
-151
-9
128
337
370
348
378
549
708
899
1246
1538
1732
1925
1943
1800
1682
1450
1034
508
156
-112
-359
-363
-316
5
487
1020
1689
2335
2937
3476
3915
4241
4562
4802
4775
4698
4699
4683
4569
4446
4549
4631
4564
4561
4588
4511
4192
3712
3150
2487
1631
727
-158
-987
-1807
-2570
-3131
-3521
-3760
-3901
-3859
-3672
-3447
-3136
-2786
-2493
-2248
-1988
-1748
-1637
-1466
-1346
-1277
-1145
-952
-707
-486
-310
-60
199
282
332
348
160
-44
-221
-469
-745
-945
-1095
-1290
-1232
-982
-739
-381
34
503
907
1062
1166
1109
827
368
-129
-581
-1058
-1414
-1785
-2103
-2447
-2885
-3064
-3109
-3583
-4118
-4404
-4583
-4802
-4937
-4793
-4494
-4151
-3563
-2705
-1984
-1345
-681
-351
-144
218
572
731
792
1082
1389
1613
1850
2223
2419
2480
2525
2544
2488
2338
1989
1512
1170
820
513
277
179
268
571
924
1380
2068
2689
3195
3687
4260
4687
4944
5099
5104
5047
5003
4863
4763
4739
4644
4698
4641
4599
4526
4211
3674
3021
2364
1473
459
-471
-1508
-2424
-3263
-3994
-4569
-5020
-5203
-5230
-5068
-4792
-4423
-4018
-3556
-3150
-2835
-2523
-2249
-2062
-1976
-1889
-1572
-1391
-1199
-842
-484
-78
260
616
772
853
777
557
313
-54
-492
-939
-1260
-1559
-1563
-1484
-1346
-896
-416
103
471
925
1345
1480
1410
1264
1047
629
140
-286
-675
-969
-1255
-1655
-2110
-2367
-2446
-2931
-3734
-4342
-4625
-4998
-5271
-5358
-5210
-4792
-4274
-3447
-2608
-1755
-919
-366
76
757
1236
1519
1675
1898
2234
2470
2678
2859
3131
3282
3395
3443
3492
3436
3032
2551
2056
1607
1084
490
25
-259
-342
-166
270
806
1546
2255
2943
3696
4334
4748
4882
5007
5005
4862
4796
4720
4548
4349
4306
4307
4124
3994
3879
3559
2975
2345
1716
801
-302
-1384
-2343
-3297
-4079
-4692
-5092
-5191
-5140
-4764
-4394
-3924
-3381
-2953
-2445
-2066
-1726
-1544
-1459
-1307
-1214
-1087
-915
-583
-311
-46
347
732
1040
1198
1187
1186
950
508
189
-246
-746
-1113
-1429
-1627
-1613
-1492
-1251
-968
-562
-88
290
422
499
518
295
11
-377
-690
-1038
-1357
-1519
-1729
-1732
-1666
-1757
-2098
-2560
-2919
-3301
-4017
-4856
-5422
-5816
-6101
-6157
-5769
-5102
-4266
-3201
-1968
-763
314
1185
1719
2007
2231
2379
2202
2072
2115
2283
2432
2723
3332
3936
4437
4745
4962
4948
4701
4102
3182
2076
1214
382
-387
-688
-578
-189
327
1229
2246
3274
4059
4634
5162
5296
5188
4820
4298
3781
3234
2779
2562
2458
2367
2480
2639
2710
2675
2457
1912
1162
279
-727
-1874
-3057
-3934
-4749
-5335
-5440
-5235
-4820
-4302
-3552
-2771
-2048
-1507
-1246
-1018
-1048
-1128
-1238
-1422
-1402
-1347
-1168
-940
-586
15
445
810
1214
1392
1409
1292
1021
618
123
-348
-741
-911
-1026
-962
-779
-536
-176
132
422
583
637
423
171
-130
-497
-838
-1099
-1300
-1518
-1569
-1548
-1581
-1581
-1700
-1970
-2384
-2849
-3506
-4179
-4772
-5396
-5912
-6093
-5933
-5606
-4941
-4099
-2945
-1792
-690
447
1296
1871
2125
2293
2315
2240
2184
2126
2186
2487
2913
3410
3968
4518
5014
5236
5293
4978
4422
3614
2593
1660
728
34
-383
-567
-449
13
662
1393
2125
2773
3348
3822
3897
3722
3479
3076
2562
2131
1897
1712
1675
1763
1952
2144
2139
2060
1832
1344
760
31
-956
-1768
-2533
-3363
-3954
-4252
-4302
-4121
-3711
-3209
-2632
-2062
-1533
-1203
-1069
-962
-912
-886
-936
-895
-869
-914
-681
-275
84
473
842
1156
1364
1573
1653
1532
1252
900
651
389
272
114
31
-29
-141
-85
-45
-96
-152
-331
-633
-770
-955
-1242
-1469
-1634
-1766
-1802
-1807
-1807
-1850
-1908
-2047
-2428
-2820
-3355
-3882
-4373
-4904
-5235
-5395
-5334
-5038
-4474
-3631
-2712
-1690
-629
249
1009
1529
1868
1915
1918
1802
1615
1637
1700
2058
2432
2893
3419
3892
4389
4703
4820
4686
4312
3720
3040
2255
1526
894
349
15
41
365
739
1259
1784
2180
2655
2935
2964
2879
2581
2333
2115
1878
1672
1553
1564
1506
1550
1672
1646
1493
1189
804
277
-240
-861
-1551
-2210
-2776
-3139
-3314
-3370
-3344
-3082
-2806
-2583
-2311
-2017
-1831
-1861
-1840
-1770
-1682
-1642
-1603
-1366
-1107
-775
-367
77
429
665
877
1073
1233
1307
1253
1051
951
886
840
816
798
825
824
881
912
921
795
543
228
-140
-601
-889
-1242
-1734
-1873
-1944
-1961
-1985
-1871
-1791
-1762
-1821
-1946
-2021
-2307
-2641
-2962
-3245
-3416
-3440
-3387
-3230
-2922
-2505
-1925
-1355
-819
-229
69
337
533
555
512
374
246
232
328
523
876
1286
1796
2261
2767
3160
3411
3530
3446
3346
3212
3113
2882
2771
2689
2644
2721
2814
2953
3060
3199
3216
3162
3060
2870
2585
2166
1767
1409
1016
752
542
397
327
249
46
-104
-332
-691
-1046
-1383
-1722
-2058
-2249
-2390
-2364
-2274
-1998
-1737
-1429
-1087
-797
-642
-500
-433
-569
-589
-794
-956
-1057
-1130
-1186
-1162
-1001
-818
-610
-426
-242
-219
-273
-394
-582
-781
-1021
-1138
-1194
-1173
-989
-698
-246
140
535
856
1133
1252
1094
790
310
-239
-858
-1536
-2075
-2539
-2844
-2849
-2680
-2371
-2077
-1774
-1559
-1381
-1333
-1446
-1637
-1963
-2231
-2473
-2582
-2545
-2285
-1972
-1423
-650
134
963
1602
2149
2492
2521
2432
2228
1743
1211
794
424
254
261
453
753
1153
1576
2034
2483
2781
2938
2988
2916
2815
2732
2569
2508
2571
2596
2903
3257
3685
4029
4268
4462
4442
4291
3916
3372
2712
2002
1288
603
27
-390
-766
-1005
-1187
-1220
-1295
-1492
-1699
-2038
-2469
-2944
-3423
-3809
-4214
-4463
-4575
-4557
-4311
-3978
-3544
-3034
-2541
-2122
-1749
-1443
-1262
-1211
-1127
-1078
-1042
-949
-828
-639
-357
-7
334
608
817
941
956
908
810
600
425
316
284
328
493
791
1029
1257
1540
1786
1986
2121
2043
1920
1594
1300
961
495
154
-185
-425
-611
-756
-851
-1007
-1190
-1368
-1579
-1904
-2211
-2575
-2887
-3022
-3215
-3221
-3087
-2899
-2673
-2303
-1817
-1367
-1029
-735
-508
-286
-72
-19
21
-91
-69
-34
90
331
583
853
1231
1567
1938
2274
2505
2623
2654
2653
2659
2706
2664
2788
2835
2969
3229
3572
3855
4039
4206
4242
4112
3921
3569
3075
2490
1826
1167
562
77
-344
-692
-958
-1118
-1203
-1273
-1374
-1472
-1671
-1916
-2213
-2421
-2625
-2844
-2966
-2981
-2909
-2733
-2472
-2162
-1810
-1415
-991
-780
-665
-637
-732
-851
-1093
-1283
-1411
-1541
-1553
-1532
-1410
-1193
-1044
-833
-676
-489
-387
-403
-440
-513
-554
-483
-373
-183
100
415
833
1229
1654
2033
2273
2366
2408
2329
2190
1843
1525
1181
792
472
109
-191
-458
-720
-968
-1189
-1375
-1603
-1802
-2041
-2150
-2203
-2189
-2037
-1881
-1578
-1187
-798
-330
16
313
621
732
878
921
927
951
867
848
849
945
1048
1112
1230
1339
1420
1515
1517
1501
1482
1311
1180
1153
1189
1154
1212
1381
1531
1763
2066
2334
2618
2788
2850
2806
2709
2435
2061
1591
1097
610
169
-236
-657
-1000
-1292
-1566
-1749
-1997
-2268
-2490
-2753
-2963
-3161
-3351
-3473
-3600
-3616
-3502
-3393
-3158
-2828
-2446
-2110
-1696
-1328
-1043
-792
-642
-468
-446
-439
-399
-400
-381
-348
-257
-94
96
308
406
507
654
692
656
599
569
582
698
786
1011
1229
1446
1741
2050
2335
2525
2685
2686
2673
2542
2416
2195
1817
1592
1264
945
631
391
132
-267
-677
-1034
-1497
-1926
-2340
-2687
-3004
-3264
-3272
-3184
-3051
-2847
-2411
-2019
-1653
-1165
-790
-547
-286
-127
21
106
111
221
363
500
773
981
1183
1548
1840
2089
2304
2372
2416
2397
2257
2057
1776
1595
1388
1343
1409
1527
1727
1969
2263
2509
2597
2638
2596
2347
2060
1724
1279
824
418
11
-312
-583
-792
-928
-1060
-1171
-1282
-1426
-1685
-1943
-2196
-2504
-2794
-3061
-3251
-3430
-3550
-3501
-3416
-3296
-3045
-2792
-2536
-2263
-2010
-1843
-1699
-1650
-1546
-1519
-1538
-1482
-1406
-1265
-1155
-963
-793
-568
-357
-142
4
150
354
385
491
659
832
985
1110
1322
1511
1684
1846
2088
2285
2412
2447
2444
2471
2420
2396
2387
2255
2143
1933
1693
1447
1163
798
370
70
-305
-696
-1032
-1305
-1593
-1680
-1684
-1641
-1525
-1320
-1083
-788
-448
-200
94
267
491
638
802
966
1012
1126
1124
1212
1364
1448
1557
1668
1758
1766
1776
1685
1537
1335
1137
866
588
441
321
211
166
185
213
323
479
560
661
681
610
525
330
115
-116
-371
-574
-760
-858
-945
-981
-1010
-946
-956
-1044
-1053
-1150
-1284
-1445
-1647
-1797
-2011
-2174
-2319
-2387
-2391
-2315
-2168
-2050
-1824
-1673
-1464
-1344
-1243
-1127
-1042
-937
-865
-780
-687
-589
-435
-298
-209
-87
6
206
256
323
355
317
347
376
432
500
689
813
981
1148
1270
1440
1485
1549
1570
1577
1557
1573
1517
1477
1409
1366
1410
1332
1294
1190
1074
911
714
481
187
-131
-397
-703
-899
-1059
-1181
-1295
-1341
-1267
-1165
-973
-766
-621
-410
-246
-125
-10
-22
-8
-30
-92
-29
86
228
371
491
701
906
1071
1209
1352
1439
1474
1567
1605
1580
1534
1466
1417
1377
1338
1353
1432
1416
1480
1500
1420
1381
1264
1080
931
701
497
220
2
-169
-449
-679
-887
-989
-1161
-1401
-1527
-1663
-1807
-1984
-2168
-2308
-2426
-2568
-2686
-2748
-2839
-2880
-2901
-2912
-2879
-2829
-2724
-2697
-2513
-2333
-2293
-2096
-1933
-1758
-1540
-1385
-1165
-934
-804
-618
-462
-377
-213
-105
-84
-23
151
307
527
796
1080
1384
1586
1869
2055
2095
2128
2040
1891
1713
1675
1525
1350
1281
1116
1043
1000
926
945
965
877
874
864
748
668
525
379
255
212
190
216
347
467
615
863
1045
1221
1396
1498
1529
1509
1413
1261
1179
1006
885
792
637
576
528
418
446
403
269
230
149
93
63
-23
-42
13
95
199
310
490
673
806
914
964
1031
1003
920
773
618
425
138
-105
-384
-609
-870
-1062
-1282
-1456
-1601
-1798
-1920
-2130
-2303
-2488
-2649
-2757
-2841
-2863
-2883
-2815
-2710
-2535
-2353
-2171
-1954
-1785
-1620
-1525
-1422
-1404
-1316
-1265
-1251
-1204
-1068
-924
-781
-532
-336
-79
123
386
562
692
758
775
747
723
730
737
840
980
1225
1442
1733
2014
2305
2458
2495
2576
2464
2297
2129
1883
1626
1358
1075
818
601
469
355
301
252
193
165
112
10
-162
-238
-409
-461
-555
-533
-411
-366
-185
-22
157
371
552
696
796
805
823
801
727
614
525
416
340
309
258
218
191
178
95
47
3
3
-6
-13
57
75
166
320
444
642
843
1082
1250
1490
1685
1740
1762
1657
1535
1369
1194
957
678
411
158
-70
-287
-529
-799
-1044
-1263
-1563
-1900
-2256
-2606
-2925
-3182
-3430
-3513
-3540
-3519
-3381
-3234
-3018
-2758
-2484
-2357
-2122
-1972
-1866
-1751
-1694
-1593
-1498
-1393
-1276
-1158
-1026
-761
-559
-368
-134
53
246
303
445
477
448
456
461
448
458
561
784
1031
1276
1555
1868
2185
2371
2504
2606
2586
2411
2292
2069
1866
1691
1492
1340
1167
1047
982
915
952
882
869
830
744
678
607
576
506
504
472
507
649
733
908
1066
1140
1257
1237
1178
1091
912
764
556
314
167
-18
-172
-244
-359
-405
-411
-426
-471
-510
-503
-495
-452
-443
-381
-292
-268
-133
4
130
312
444
537
638
695
691
693
626
556
449
298
78
-116
-289
-525
-740
-1006
-1303
-1612
-1889
-2197
-2463
-2766
-2973
-3163
-3307
-3341
-3399
-3349
-3243
-3163
-3015
-2744
-2562
-2367
-2182
-2036
-1835
-1678
-1454
-1301
-1077
-844
-574
-287
-34
225
407
613
758
876
965
1047
1046
1005
964
944
955
999
1079
1143
1327
1547
1791
2071
2303
2478
2571
2658
2652
2650
2496
2296
2137
1931
1685
1521
1337
1084
895
704
507
390
240
72
-67
-184
-261
-373
-419
-434
-431
-360
-290
-180
1
147
311
466
551
664
731
722
728
703
677
630
543
544
495
462
473
447
430
398
359
280
211
120
27
-59
-86
-67
49
168
329
475
645
764
880
960
1009
1017
893
809
668
496
312
110
-72
-239
-415
-606
-732
-943
-1178
-1442
-1746
-2068
-2438
-2728
-3015
-3220
-3350
-3487
-3421
-3370
-3252
-3069
-2834
-2586
-2367
-2124
-1904
-1701
-1548
-1458
-1349
-1254
-1214
-1120
-1058
-1009
-883
-767
-695
-512
-409
-299
-145
-85
16
98
170
216
339
432
523
745
944
1269
1578
1836
2131
2415
2629
2821
2932
2992
2956
2855
2765
2565
2354
2081
1818
1522
1244
992
773
608
452
363
292
247
212
185
179
176
178
182
225
270
320
411
471
515
563
643
801
834
804
789
750
718
657
642
579
504
465
333
256
177
59
-50
-201
-308
-329
-305
-255
-166
-115
-64
-1
56
136
172
179
178
139
117
101
46
29
-29
-84
-157
-181
-288
-326
-481
-701
-875
-1150
-1418
-1703
-1912
-2157
-2383
-2511
-2632
-2706
-2734
-2711
-2603
-2427
-2204
-1997
-1755
-1588
-1363
-1211
-1040
-865
-710
-532
-423
-242
-124
-26
69
175
282
400
448
491
554
588
631
620
665
687
696
757
743
858
914
959
1090
1132
1240
1352
1482
1558
1645
1651
1697
1690
1640
1576
1430
1298
1071
836
574
310
84
-113
-341
-458
-582
-706
-753
-802
-794
-732
-678
-578
-469
-418
-283
-248
-156
-125
-184
-91
-12
14
75
148
166
254
303
345
337
366
402
391
357
325
330
305
286
329
306
422
522
537
656
751
836
937
1005
974
969
948
855
799
687
595
492
435
346
178
93
-64
-178
-307
-487
-644
-836
-1055
-1205
-1395
-1527
-1626
-1717
-1765
-1776
-1780
-1824
-1720
-1709
-1697
-1683
-1683
-1677
-1659
-1526
-1454
-1300
-1143
-1004
-818
-676
-591
-481
-403
-379
-359
-380
-337
-380
-390
-336
-290
-151
26
118
295
493
625
799
906
1044
1189
1275
1403
1543
1671
1795
1941
1979
2045
2129
2164
2244
2217
2157
2027
1885
1655
1467
1189
971
770
502
367
232
87
46
37
32
93
123
152
180
123
97
-3
-85
-153
-252
-305
-397
-349
-311
-298
-231
-229
-156
-170
-168
-222
-280
-338
-455
-552
-751
-792
-891
-936
-864
-819
-687
-591
-418
-268
-223
-133
-111
-113
-129
-182
-236
-323
-416
-525
-634
-684
-724
-804
-810
-882
-980
-988
-1005
-1062
-1135
-1207
-1332
-1306
-1364
-1391
-1285
-1271
-1184
-1111
-1023
-865
-758
-642
-554
-472
-312
-215
-113
-1
81
172
234
240
302
359
387
409
434
423
427
463
487
500
550
608
639
667
680
729
795
837
941
1066
1106
1202
1290
1316
1363
1415
1435
1449
1494
1476
1513
1460
1400
1345
1231
1144
1001
899
748
533
394
232
60
-64
-175
-259
-320
-338
-399
-480
-495
-529
-554
-538
-539
-483
-484
-455
-444
-407
-379
-396
-349
-296
-240
-139
-45
27
73
112
117
111
105
118
122
132
221
275
431
529
577
672
808
929
1018
1102
1103
1064
1019
948
817
707
565
378
211
15
-128
-262
-377
-485
-630
-740
-922
-1082
-1244
-1421
-1548
-1639
-1716
-1782
-1752
-1761
-1716
-1619
-1583
-1544
-1531
-1522
-1442
-1409
-1389
-1326
-1321
-1343
-1306
-1273
-1252
-1187
-1090
-1082
-1023
-961
-935
-874
-802
-706
-633
-527
-408
-275
-144
1
198
377
533
734
822
940
1079
1204
1334
1386
1436
1461
1551
1591
1594
1651
1624
1573
1566
1544
1477
1453
1413
1358
1301
1199
1124
1054
940
891
797
737
725
688
722
696
641
665
646
591
510
429
382
261
194
83
-24
-69
-158
-222
-296
-323
-361
-370
-391
-418
-437
-462
-521
-560
-526
-542
-553
-537
-487
-416
-318
-167
-68
-32
73
72
88
110
13
-1
-109
-247
-306
-383
-468
-525
-547
-613
-677
-711
-763
-801
-833
-903
-883
-879
-883
-846
-817
-806
-800
-686
-681
-598
-513
-470
-364
-350
-279
-202
-158
-115
-48
-37
2
17
18
67
113
150
197
180
178
137
112
134
111
147
145
150
224
245
314
416
463
508
569
622
625
633
605
597
567
530
483
421
395
264
171
97
6
-75
-103
-126
-174
-181
-137
-156
-139
-158
-196
-192
-194
-219
-187
-128
-150
-112
-102
-100
-50
-54
-88
-66
-86
-60
-108
-47
-30
-7
81
137
215
204
220
266
270
279
319
297
380
369
449
503
589
737
791
897
992
1106
1166
1148
1136
1041
961
835
752
696
553
482
329
198
98
-12
-153
-287
-433
-511
-658
-838
-973
-1150
-1267
-1330
-1385
-1411
-1405
-1371
-1332
-1219
-1164
-1079
-957
-933
-917
-886
-846
-861
-826
-774
-746
-661
-586
-569
-533
-525
-524
-465
-453
-418
-370
-324
-325
-258
-253
-185
-132
-11
146
311
495
642
790
876
983
1043
1111
1216
1301
1321
1420
1447
1475
1501
1467
1426
1383
1314
1199
1115
1046
910
785
728
638
568
488
419
351
312
274
261
234
246
212
106
59
-3
-103
-151
-237
-309
-345
-321
-359
-422
-407
-399
-368
-349
-373
-392
-368
-365
-371
-396
-404
-408
-409
-392
-408
-333
-308
-260
-251
-252
-267
-265
-256
-303
-274
-346
-370
-382
-475
-520
-561
-659
-653
-670
-638
-644
-673
-675
-723
-702
-736
-720
-717
-682
-691
-688
-611
-570
-455
-414
-345
-323
-282
-213
-202
-140
-125
-129
-147
-116
-88
-84
-66
-30
-8
4
77
101
142
266
268
294
303
333
345
371
367
310
342
366
447
499
573
662
701
781
900
944
1017
1063
1045
1068
1035
1018
932
851
759
658
605
510
416
336
303
215
189
61
15
-11
-121
-128
-151
-183
-188
-189
-222
-175
-185
-168
-162
-178
-162
-209
-242
-270
-267
-274
-204
-177
-150
-98
-49
-19
13
13
-23
30
-5
51
100
130
177
253
293
331
368
380
450
409
459
451
392
369
333
264
214
92
-8
-125
-249
-350
-488
-584
-648
-710
-765
-835
-902
-964
-1025
-1100
-1131
-1140
-1114
-1107
-1112
-1076
-1036
-965
-916
-927
-909
-820
-805
-684
-623
-545
-468
-453
-360
-342
-307
-282
-250
-236
-192
-129
-89
-50
1
35
64
133
155
248
310
319
393
438
486
574
656
694
792
882
913
971
1016
1059
1105
1123
1119
1151
1151
1142
1146
1112
1081
1064
985
923
961
899
877
835
779
763
693
628
522
439
382
342
264
186
151
84
39
15
-33
-77
-123
-239
-233
-292
-350
-341
-417
-443
-478
-488
-543
-554
-529
-508
-468
-409
-329
-269
-211
-129
-97
-67
-8
27
46
56
56
23
-8
-67
-78
-129
-200
-296
-348
-392
-487
-558
-652
-794
-874
-950
-1052
-1098
-1156
-1175
-1190
-1182
-1177
-1118
-1066
-1019
-928
-848
-725
-620
-455
-349
-245
-175
-83
-12
61
122
163
213
217
284
327
376
394
433
494
523
503
505
524
485
484
456
428
361
326
302
243
236
217
239
304
305
340
391
414
455
452
484
486
490
498
487
495
492
487
443
434
399
369
330
312
277
250
246
182
142
118
32
-24
-85
-204
-231
-253
-292
-328
-340
-377
-345
-373
-324
-242
-240
-151
-158
-143
-100
-69
-27
11
58
115
190
277
327
386
470
491
572
658
648
692
681
656
637
624
615
593
585
521
524
481
416
345
246
143
41
-30
-133
-199
-278
-360
-440
-519
-559
-608
-615
-637
-691
-734
-767
-796
-826
-860
-863
-882
-859
-846
-859
-741
-747
-694
-627
-625
-598
-567
-504
-508
-470
-458
-479
-500
-487
-477
-479
-435
-418
-374
-349
-343
-285
-233
-194
-122
-72
-28
40
95
122
171
212
278
373
428
517
572
640
658
699
751
762
815
787
777
723
721
646
586
602
520
511
497
463
441
434
317
287
217
104
107
67
20
8
-12
-44
-33
-64
-78
-93
-125
-128
-153
-141
-104
-105
-100
-114
-118
-118
-132
-123
-144
-111
-105
-93
-50
-61
-1
13
28
62
67
118
92
38
74
69
62
68
42
12
38
13
20
-20
-21
-38
-42
6
-2
19
62
61
61
86
65
-3
-40
-111
-184
-240
-257
-289
-304
-310
-244
-228
-262
-213
-190
-211
-236
-175
-190
-202
-166
-171
-169
-123
-118
-55
-72
-33
-7
18
103
116
146
174
188
182
206
227
214
185
172
134
112
76
78
85
42
52
18
6
-62
-98
-180
-194
-284
-328
-287
-321
-283
-253
-206
-192
-142
-67
-37
21
61
92
141
146
148
128
138
137
127
132
136
152
160
134
176
155
199
199
176
189
202
236
206
217
245
229
236
244
214
243
313
318
344
349
321
366
296
252
256
218
170
111
82
88
36
-15
-16
-32
-50
-73
-155
-158
-165
-269
-302
-331
-392
-412
-390
-452
-464
-494
-485
-503
-575
-514
-549
-561
-496
-484
-447
-421
-394
-376
-382
-371
-354
-349
-310
-296
-243
-228
-180
-147
-150
-69
-51
-19
82
199
225
274
315
339
373
430
459
538
592
618
672
694
717
741
748
738
704
684
714
669
690
601
510
478
379
298
218
133
56
22
-27
-33
-47
-45
-80
-96
-106
-87
-40
-73
-90
-101
-161
-176
-264
-313
-357
-420
-422
-489
-439
-442
-441
-440
-488
-495
-530
-545
-579
-582
-550
-541
-546
-452
-401
-328
-237
-220
-160
-114
-89
13
77
109
157
192
190
201
209
249
278
259
274
283
272
263
244
195
140
133
128
155
125
139
151
90
142
115
76
96
88
62
69
62
52
65
69
80
91
72
86
67
62
55
26
-26
-57
-86
-92
-114
-104
-135
-160
-171
-199
-206
-233
-216
-281
-272
-257
-233
-284
-281
-275
-257
-214
-227
-201
-201
-169
-152
-138
-108
-36
-4
42
90
132
154
153
133
108
133
63
29
30
7
29
29
35
37
11
-17
-12
-43
-13
-15
-30
-7
-2
32
48
96
96
146
195
215
318
338
400
396
396
343
306
290
276
284
281
330
310
341
353
365
348
322
325
284
286
265
210
182
131
60
18
-11
-86
-87
-133
-186
-194
-224
-238
-265
-340
-387
-434
-449
-489
-501
-495
-535
-484
-480
-459
-419
-450
-456
-449
-434
-429
-374
-416
-373
-315
-309
-234
-200
-137
-104
-34
12
22
133
130
144
156
128
123
159
159
165
243
240
275
294
282
253
251
258
299
276
269
242
252
274
300
291
292
358
328
438
465
470
446
436
453
404
377
354
335
297
287
291
277
256
230
180
173
115
91
76
-20
-85
-133
-231
-312
-374
-430
-468
-545
-583
-574
-560
-537
-509
-517
-482
-465
-470
-405
-418
-402
-374
-361
-296
-277
-184
-151
-82
-66
-15
47
32
69
105
157
159
194
237
250
245
268
320
286
280
264
182
194
151
104
40
-42
-54
-103
-143
-142
-130
-125
-113
-103
-86
-93
-34
-31
-67
-60
-77
-24
-21
12
18
47
59
90
151
213
226
229
246
186
181
157
107
62
5
-17
-47
-42
-50
-85
-55
-67
-43
-41
-21
-42
-45
-69
-90
-50
-53
-58
-37
8
23
62
91
113
150
173
196
195
216
242
188
161
172
121
155
138
153
154
143
112
94
33
-40
-59
-84
-100
-111
-130
-153
-184
-212
-194
-223
-227
-228
-193
-172
-175
-152
-148
-173
-188
-201
-222
-204
-166
-162
-115
-103
-92
-42
-48
8
40
18
74
54
19
67
23
29
45
15
-12
-42
-106
-105
-117
-183
-177
-239
-241
-304
-315
-280
-330
-332
-311
-309
-286
-256
-252
-187
-169
-143
-108
-78
-71
-50
-46
-17
44
68
117
144
225
234
281
332
347
350
398
378
377
433
410
385
404
412
361
384
382
373
422
444
417
447
455
450
465
437
425
397
349
254
194
156
72
34
33
-9
-12
-20
-26
-12
-32
-16
-37
-54
-88
-125
-154
-250
-268
-329
-342
-306
-319
-300
-272
-232
-225
-203
-254
-267
-248
-281
-285
-301
-348
-400
-402
-448
-430
-401
-389
-322
-264
-231
-202
-169
-139
-101
-87
-80
-110
-106
-134
-147
-116
-106
-76
-59
-28
-46
30
51
42
51
20
7
2
5
-33
-50
-79
-81
-128
-146
-141
-158
-141
-143
-83
-106
-74
-47
-41
24
39
83
50
96
100
93
116
90
119
123
127
183
168
222
293
282
343
341
320
308
272
257
248
202
239
242
239
236
242
278
295
316
359
387
382
430
407
434
430
418
391
343
323
310
319
331
274
299
311
285
310
315
317
280
318
261
226
198
146
110
102
75
0
38
9
-17
-9
-27
-40
-47
-104
-136
-166
-201
-159
-226
-258
-273
-348
-348
-351
-375
-396
-381
-407
-419
-410
-433
-430
-458
-455
-450
-458
-460
-506
-503
-506
-558
-542
-523
-523
-489
-503
-491
-485
-467
-476
-463
-428
-439
-362
-326
-304
-254
-244
-213
-186
-191
-184
-171
-185
-165
-166
-160
-143
-124
-80
-76
-58
-50
-38
-63
-47
-66
-99
-85
-130
-118
-83
-86
-57
-54
-41
-32
-44
9
48
97
126
148
215
266
332
415
436
470
533
561
585
631
667
683
743
782
794
833
861
891
900
917
910
918
902
901
897
850
839
763
699
645
544
528
507
436
440
393
341
314
248
199
141
68
5
-26
-74
-103
-155
-190
-239
-261
-275
-308
-322
-321
-332
-351
-390
-459
-538
-546
-578
-644
-643
-641
-655
-650
-647
-685
-673
-667
-655
-649
-639
-615
-622
-632
-637
-635
-617
-624
-649
-603
-600
-578
-545
-492
-434
-442
-395
-375
-368
-275
-284
-273
-248
-230
-224
-231
-197
-184
-160
-141
-117
-101
-45
-60
19
52
51
59
64
58
112
134
112
168
153
180
200
194
239
252
261
290
287
321
314
295
285
274
300
334
352
361
401
424
449
483
522
511
500
540
565
581
572
627
620
623
654
625
623
609
557
507
491
473
482
452
421
434
411
404
367
324
286
262
188
108
65
-5
-83
-149
-157
-223
-272
-269
-312
-352
-334
-376
-376
-379
-374
-408
-396
-406
-424
-433
-477
-467
-488
-447
-440
-445
-462
-467
-445
-398
-371
-333
-248
-213
-206
-168
-173
-142
-124
-125
-117
-77
-61
-42
-33
-6
13
-1
22
-6
-21
3
-31
-35
-53
-48
-37
-59
-73
-56
-89
-102
-59
-101
-92
-134
-163
-182
-190
-236
-256
-271
-294
-285
-269
-242
-210
-173
-176
-164
-156
-166
-175
-162
-140
-104
-47
-30
1
91
106
162
179
265
302
316
388
389
438
524
539
552
600
644
699
754
767
808
800
765
760
710
668
647
598
568
542
555
519
493
474
455
393
385
356
282
240
169
138
110
39
-13
-34
-67
-106
-126
-180
-206
-251
-317
-398
-426
-489
-545
-558
-636
-599
-656
-668
-614
-630
-589
-539
-577
-562
-543
-533
-518
-540
-518
-546
-539
-559
-533
-556
-551
-552
-555
-556
-503
-486
-505
-454
-427
-418
-403
-377
-403
-369
-355
-331
-270
-274
-225
-193
-194
-145
-105
-66
-19
16
62
123
133
194
221
286
358
378
391
359
424
383
373
359
346
354
364
385
432
481
513
556
543
577
611
636
636
654
601
593
584
529
542
538
534
534
530
510
503
470
399
411
343
347
298
249
223
154
175
128
137
106
93
82
38
18
19
-22
-36
-68
-130
-161
-198
-193
-185
-168
-140
-118
-106
-93
-87
-91
-116
-118
-131
-180
-180
-183
-240
-232
-259
-301
-287
-300
-307
-311
-331
-346
-383
-393
-410
-445
-479
-499
-473
-454
-451
-453
-440
-454
-446
-395
-405
-417
-360
-356
-366
-353
-317
-319
-339
-324
-320
-277
-220
-195
-170
-134
-128
-141
-158
-174
-178
-225
-237
-208
-221
-194
-164
-141
-162
-129
-133
-138
-97
-157
-114
-127
-68
-27
-18
55
89
148
190
256
267
338
383
390
452
449
450
500
487
495
517
496
525
555
561
597
612
643
654
658
695
650
668
693
656
670
643
662
667
667
658
643
654
619
595
591
553
513
510
469
455
432
470
427
423
388
359
358
284
268
169
151
104
-6
-63
-133
-169
-242
-325
-386
-480
-534
-578
-619
-639
-670
-711
-723
-773
-797
-811
-840
-879
-880
-862
-896
-858
-844
-864
-851
-829
-830
-813
-787
-751
-721
-673
-629
-571
-536
-500
-463
-476
-428
-440
-416
-362
-335
-332
-296
-279
-262
-210
-206
-167
-108
-83
-24
-41
-33
6
-2
23
18
40
89
195
209
254
294
296
320
315
376
409
424
455
474
441
472
513
505
539
538
536
540
515
552
514
483
507
456
458
466
463
495
503
464
392
405
384
347
358
339
309
322
326
325
340
341
350
321
311
320
340
321
297
315
270
225
245
240
220
197
180
187
176
157
127
99
51
-3
-34
-96
-204
-264
-316
-392
-446
-478
-480
-486
-502
-516
-475
-513
-503
-522
-566
-559
-560
-555
-528
-480
-457
-388
-361
-352
-345
-350
-388
-341
-330
-356
-325
-350
-321
-310
-303
-302
-303
-301
-306
-317
-365
-335
-312
-303
-250
-270
-238
-166
-129
-104
-64
-19
30
48
42
50
72
95
70
104
130
140
168
179
176
156
147
193
148
197
188
219
291
270
302
285
323
329
360
329
304
303
288
299
315
312
335
365
413
410
429
370
355
363
306
294
265
310
304
308
309
297
321
291
257
257
205
245
223
196
198
175
151
103
108
53
34
26
-26
-21
-48
-82
-135
-143
-180
-245
-237
-266
-252
-264
-260
-275
-305
-314
-382
-373
-376
-423
-379
-421
-432
-416
-434
-379
-397
-357
-300
-292
-267
-264
-264
-265
-228
-246
-282
-252
-281
-270
-254
-285
-293
-323
-306
-291
-280
-202
-207
-191
-169
-161
-131
-124
-46
-19
-41
5
47
62
87
123
148
200
239
264
313
320
315
342
329
341
368
399
371
409
405
389
427
438
440
423
438
402
424
393
310
304
299
261
213
239
231
255
290
313
311
297
282
282
273
254
301
271
284
269
243
170
163
157
107
96
48
77
65
52
102
23
3
-14
-72
-84
-132
-208
-225
-244
-291
-289
-317
-357
-356
-388
-439
-440
-478
-501
-518
-478
-503
-521
-497
-526
-512
-548
-509
-551
-551
-530
-597
-604
-603
-587
-576
-566
-472
-501
-451
-424
-400
-335
-338
-297
-260
-209
-177
-158
-174
-139
-121
-131
-107
-54
-54
-54
8
30
64
112
136
181
228
257
286
335
311
309
332
303
352
377
429
462
449
475
466
493
544
570
599
643
678
646
666
565
565
555
482
539
481
495
514
462
449
450
399
385
368
372
342
299
287
289
269
270
296
281
269
238
242
224
183
166
138
141
128
119
111
71
7
-12
-92
-124
-140
-216
-252
-295
-350
-359
-369
-369
-398
-393
-432
-461
-429
-451
-415
-417
-443
-414
-411
-420
-358
-368
-386
-356
-350
-404
-391
-396
-420
-413
-438
-386
-422
-414
-387
-434
-444
-419
-458
-420
-420
-425
-376
-373
-349
-314
-302
-280
-260
-242
-203
-201
-177
-139
-127
-100
-66
-78
-38
-16
23
7
12
36
18
27
28
21
32
59
58
52
48
55
76
57
74
159
200
221
227
268
302
267
306
299
344
373
396
396
399
426
446
458
478
507
512
538
551
576
555
589
590
602
618
618
635
574
564
551
526
492
493
489
410
403
390
322
309
251
214
169
116
95
25
6
-38
-78
-108
-104
-148
-165
-164
-178
-180
-184
-181
-224
-235
-246
-274
-310
-299
-312
-318
-309
-323
-364
-375
-380
-366
-379
-410
-420
-431
-465
-452
-492
-504
-465
-477
-480
-490
-476
-526
-517
-526
-556
-524
-518
-514
-475
-451
-414
-360
-341
-290
-274
-259
-206
-179
-151
-135
-115
-93
-68
-29
-43
13
-7
-8
-6
-1
57
61
135
117
148
155
137
194
211
198
216
227
215
228
241
230
260
265
245
264
295
285
304
273
309
300
265
272
253
231
240
268
266
305
315
319
319
337
315
328
331
297
304
266
252
223
198
195
180
156
130
145
99
