SAMPLES:	8424
BITSPERSAMPLE:	16
CHANNELS:	1
SAMPLERATE:	16000
NORMALIZED:	FALSE
-221
-279
-236
-232
-243
-250
-281
-291
-309
-280
-221
-230
-146
-121
-86
-69
-52
-48
-58
-40
-77
-63
-99
-156
-88
-105
-104
-48
-65
5
33
40
70
41
40
38
-14
-97
-93
-120
-111
-86
-97
-87
-52
-80
-98
-88
-116
-81
-133
-82
-35
-42
-12
1
-46
-81
-88
-160
-120
-190
-207
-250
-369
-302
-322
-299
-263
-265
-214
-263
-272
-325
-331
-331
-367
-319
-367
-332
-362
-324
-348
-381
-291
-351
-291
-263
-260
-211
-157
-151
-130
-48
-87
34
42
53
96
66
133
118
218
247
300
358
428
437
485
479
528
558
587
586
607
641
598
650
646
680
708
753
748
767
717
699
677
611
579
549
527
473
468
373
312
271
176
148
74
21
-37
-32
-93
-148
-158
-241
-239
-211
-254
-216
-269
-318
-301
-293
-383
-433
-428
-548
-536
-557
-572
-599
-560
-545
-575
-569
-592
-674
-624
-604
-609
-574
-547
-537
-505
-537
-491
-439
-438
-406
-363
-317
-302
-203
-248
-183
-171
-127
-123
-27
4
34
198
162
254
273
286
257
253
210
238
174
235
263
228
287
265
314
282
308
270
286
308
344
412
431
423
446
416
416
379
358
351
326
338
357
393
391
443
388
384
334
277
232
214
222
218
197
189
251
220
222
188
141
105
82
-6
-102
-161
-236
-318
-371
-386
-435
-435
-436
-442
-433
-459
-418
-462
-483
-482
-557
-575
-596
-610
-630
-619
-619
-680
-627
-601
-571
-513
-428
-333
-283
-157
-114
-53
35
56
51
111
111
135
161
223
284
342
367
445
485
458
472
446
441
402
388
370
393
423
487
473
487
482
432
410
308
281
253
197
240
233
200
225
197
183
184
100
67
36
-41
-65
-103
-155
-115
-145
-169
-182
-216
-161
-113
-135
-145
-180
-202
-212
-291
-301
-310
-234
-222
-183
-138
-62
-84
-105
-85
-109
-84
-15
11
-26
121
98
108
136
101
143
39
86
87
32
115
112
87
108
127
83
89
54
22
14
-64
-61
-152
-168
-147
-194
-173
-235
-238
-245
-252
-250
-226
-330
-214
-237
-250
-162
-174
-101
-99
-2
-21
55
34
38
23
4
14
-1
-27
0
44
45
69
38
71
44
35
-9
-1
-59
-83
-15
-84
-74
-31
-97
-93
-117
-187
-192
-266
-271
-316
-298
-321
-345
-312
-315
-280
-278
-206
-201
-146
-142
-144
-150
-131
-147
-106
-94
-48
27
112
171
169
259
237
276
302
338
368
432
465
507
525
548
535
532
576
534
577
600
640
632
667
685
661
693
591
580
559
522
550
461
438
417
366
372
368
352
333
295
332
310
254
307
192
165
87
34
24
-33
-2
-63
-87
-109
-148
-173
-234
-287
-323
-342
-320
-393
-392
-414
-452
-475
-554
-563
-615
-625
-644
-669
-681
-679
-725
-693
-733
-750
-681
-689
-652
-653
-638
-621
-613
-604
-566
-597
-561
-533
-546
-466
-430
-383
-397
-431
-399
-388
-320
-278
-256
-197
-132
-127
-86
-113
-81
-87
-58
-20
-13
91
60
98
90
60
87
118
117
182
219
251
267
260
215
214
174
237
230
205
270
229
292
242
261
266
251
294
344
371
426
438
480
489
490
539
552
583
606
630
649
683
677
704
657
643
625
648
627
637
641
615
595
540
515
419
371
335
287
306
281
257
275
223
187
156
74
127
47
-18
-39
-150
-142
-217
-265
-284
-338
-353
-375
-392
-426
-438
-437
-528
-504
-522
-537
-452
-492
-490
-516
-572
-582
-697
-652
-644
-697
-577
-551
-492
-454
-420
-434
-424
-387
-446
-320
-343
-248
-198
-153
-181
-143
-190
-199
-254
-162
-304
-1269
-1421
-425
174
-126
207
769
612
284
980
1469
1191
428
237
82
254
706
834
292
-56
-132
-318
-5
588
635
252
36
368
657
755
950
910
460
148
363
549
555
498
450
-57
-214
198
207
86
59
-74
-325
-204
34
137
326
263
-21
0
55
-1
-134
-26
-96
-216
-72
36
-21
-32
-245
-580
-759
-734
-801
-961
-865
-948
-1056
-1155
-971
-775
-694
-427
-141
-42
-38
-132
-189
-412
-487
-609
-627
-538
-628
-780
-764
-642
-684
-546
-407
-340
-111
68
193
280
307
335
482
531
393
502
533
318
230
239
86
101
284
287
321
505
660
683
748
812
733
481
507
701
833
868
775
691
601
649
837
959
767
693
431
342
299
341
421
453
201
151
312
384
429
343
79
56
95
164
392
605
437
341
310
527
690
698
695
537
350
310
321
432
423
28
-229
-390
-687
-803
-716
-675
-430
-114
-104
51
165
-666
-1826
-2386
-2984
-3173
-2613
-2105
-1862
-1447
-944
-1036
-1295
-1375
-1319
-1332
-1315
-857
-188
392
610
904
826
608
350
117
64
-191
-40
84
-65
-228
-398
-555
-593
-560
-534
-377
-225
79
21
-280
-382
129
55
-26
-484
-1479
-522
1287
2036
2194
2617
2397
1559
1537
2134
1808
828
-222
-585
-458
337
1224
1131
197
-32
-46
489
1471
1814
1366
891
696
767
1133
1070
480
-179
-462
-259
483
1061
1124
1053
722
769
1442
1927
1997
1831
1559
1198
1355
1536
1076
895
545
-122
-10
292
-181
-620
-751
-1081
-1616
-2219
-4780
-9074
-10634
-8392
-6441
-5902
-3870
-763
557
1259
4165
7307
7048
4679
3048
2435
2837
3810
3824
1727
-1151
-3245
-4480
-4693
-3361
-2178
-2903
-4289
-3753
-1142
447
942
1607
1896
1522
1665
3506
5198
5285
3664
1552
452
222
-161
-463
-1070
-2566
-3960
-4459
-3713
-1960
86
825
1239
2027
3000
3894
4447
4951
4702
3923
3588
3566
3507
2457
480
-1719
-3390
-4122
-4640
-4774
-4390
-3917
-4460
-5148
-4434
-3062
-872
2070
4522
5677
6173
5942
4783
3798
3098
1929
540
-539
-1530
-2625
-3005
-3720
-5072
-5552
-4867
-3699
-1946
354
1980
2103
1886
2253
2462
2292
2441
2767
2316
1548
1045
332
-729
-1329
-1903
-2528
-2578
-1753
-851
-47
863
1871
2659
2993
3318
3841
4078
3847
3222
2315
1356
486
183
53
-282
-860
-2626
-7071
-11768
-12035
-8911
-7044
-6063
-3336
-253
899
2609
6159
8276
6907
4346
2908
2837
4083
4961
3264
-489
-3777
-6186
-7609
-7388
-6099
-5571
-6897
-7508
-5425
-2054
118
1227
2452
3204
3235
4016
6149
7684
7188
5046
2664
1272
821
-59
-1583
-3097
-4458
-5840
-6232
-4851
-2241
35
1184
1958
3353
5096
6312
7365
8034
7963
7064
6264
5739
4943
3451
869
-2217
-4646
-5856
-6024
-5551
-5167
-5152
-5217
-4698
-2208
1294
4161
6640
8526
9163
9019
8766
8064
5985
2889
239
-1541
-3018
-4489
-5186
-6013
-7503
-7849
-6947
-5599
-3689
-1698
-80
1219
2570
3976
4514
4155
3726
2767
1034
-306
-647
-1443
-2635
-3660
-4045
-4625
-5330
-5386
-4791
-3865
-2918
-1352
132
1189
1701
1995
2286
2601
2857
3051
2760
2019
482
-2972
-8549
-12111
-11034
-8923
-8554
-7411
-4041
-1410
-47
2832
6680
7985
6414
5080
5300
6778
8354
8400
5717
1527
-1877
-4262
-5170
-4366
-3502
-4461
-6936
-7768
-5990
-3718
-2196
-828
536
1536
2807
4828
7232
8402
7069
4604
3398
3658
3955
3524
2022
-665
-3750
-6098
-6758
-5215
-2468
-844
-234
1004
2853
4241
5168
5961
6209
6088
6490
7114
7392
7048
5216
1905
-1774
-4442
-5794
-6639
-7117
-7038
-6923
-6482
-4747
-2178
617
2937
4864
6221
6994
7319
7094
6394
5106
3462
1783
449
-627
-2004
-3572
-5308
-6582
-6668
-5856
-4452
-2597
-768
176
357
458
692
802
1061
1907
2784
3061
3275
3117
1769
-89
-1013
-1034
-959
-862
-936
-1318
-1829
-2240
-2097
-1611
-1308
-699
448
1590
2264
2876
2864
1723
290
-528
-3409
-8481
-11506
-10340
-8979
-9493
-8898
-5775
-3030
-1335
1796
5752
7527
6120
3916
3087
3795
4987
5483
4029
1111
-1892
-4283
-6257
-6691
-6021
-6406
-8107
-8179
-5714
-3109
-1716
-710
459
1664
2830
4740
7522
9320
8439
5957
4378
3516
2331
1021
-322
-2108
-4141
-5268
-5030
-3032
-285
1350
2348
3536
5090
6241
7094
7922
8154
8326
8558
8410
7877
6582
3727
-450
-4421
-6560
-6455
-6344
-6722
-5652
-4218
-3997
-3121
-504
2036
4225
6610
8372
8974
8638
6993
4240
1465
-708
-2176
-2779
-2918
-3313
-4662
-6193
-7054
-7004
-6309
-4544
-1980
538
2174
2821
3312
3242
2154
1338
840
162
400
1285
878
-922
-2377
-3246
-3926
-3866
-3406
-2572
-1842
-1834
-1760
-1265
-656
-90
864
1823
2453
2821
3116
2678
1857
918
-558
-4272
-9589
-12493
-11367
-9657
-9315
-8261
-5330
-2673
-522
3186
7525
9377
7747
5469
4514
5193
6589
6776
4474
810
-2620
-5132
-6427
-6397
-5870
-6681
-8768
-9130
-6480
-2980
-450
1325
2789
3839
4605
6069
8393
9844
8556
5890
3748
2475
1625
674
-745
-2666
-4718
-6067
-5636
-3151
-413
821
1103
1501
2726
4650
6566
7891
8403
8364
8092
7814
7737
7290
5412
1292
-3105
-5407
-6690
-7072
-6064
-5501
-6156
-5917
-3786
-737
2704
5988
7426
7177
6728
6527
6294
5757
4373
1995
-282
-1373
-2174
-3660
-5506
-7139
-8451
-8596
-6563
-3438
-784
379
401
421
861
1506
2373
2987
3128
2869
2482
1959
1372
181
-1554
-2904
-3505
-3833
-4175
-4180
-4359
-4898
-4909
-4070
-2756
-909
1032
2154
2752
3203
3475
3233
2819
1862
-153
-4179
-9489
-12113
-10826
-9556
-9807
-8881
-6072
-3480
-951
2987
7002
8344
6603
4787
4849
6340
7800
7903
5500
1873
-1357
-3868
-5770
-6374
-6687
-7993
-9216
-8186
-4979
-1854
339
2089
3399
4518
5723
7362
9463
10475
9168
6279
4267
3365
1822
-164
-1846
-3596
-5229
-5874
-4994
-2828
-501
338
469
1511
3382
5035
6385
7460
7494
7374
7464
7043
6164
5094
3216
-726
-5080
-6775
-6969
-6786
-6090
-5552
-5474
-4404
-2019
1178
4289
6842
7484
7151
6818
6639
6043
4940
3229
869
-799
-1114
-1637
-3141
-4622
-6181
-8028
-8133
-5936
-3351
-1475
-433
70
348
427
488
1313
2005
1997
2322
2556
2037
843
-1012
-3161
-4795
-4658
-4058
-3850
-3166
-2680
-2909
-2837
-2459
-2109
-1074
476
1466
2278
2957
2663
1586
94
-1724
-4163
-8087
-11387
-10966
-8216
-7059
-7024
-5360
-2630
-716
2035
6748
10360
10260
7772
5775
4993
5030
5087
4080
1699
-855
-2711
-4227
-5187
-5656
-6601
-8184
-8470
-6007
-2003
1223
3010
3681
3946
3930
4194
5971
8417
9160
7440
5279
4012
2918
858
-1383
-3031
-4170
-5043
-4633
-2599
-276
999
781
731
1961
4077
6045
7055
7683
7772
7375
6624
5915
4816
2987
950
-2711
-6509
-7706
-6329
-5634
-5863
-5575
-4454
-3062
-236
3642
6573
7708
7461
6528
5876
5711
5430
4063
1407
-715
-1566
-1704
-2017
-3343
-5379
-7250
-8347
-7388
-4748
-2213
-1052
-529
-521
-674
-447
628
1395
1296
1022
918
1002
715
199
-1245
-3539
-5414
-5581
-5048
-4360
-3097
-2671
-3086
-3188
-2795
-1658
81
1722
2596
2957
3070
2656
1703
-137
-2278
-5978
-10758
-12752
-10404
-7540
-6772
-6067
-3855
-1627
320
4125
9107
11769
10504
7942
6429
6259
6332
5775
3782
1147
-1612
-3616
-4457
-4728
-5337
-6956
-8490
-7946
-4369
21
3213
4842
5339
5479
5179
5342
7223
9345
8939
6288
4551
3865
2216
-188
-2387
-4130
-5608
-6055
-5017
-2280
688
1141
219
369
1894
3779
5710
7283
8102
7939
6934
5879
4970
4148
1560
-2187
-5266
-7077
-6958
-5817
-5512
-6048
-5971
-5159
-2939
706
4751
7007
7495
7085
6857
6549
5960
4374
2049
-627
-2467
-2748
-2870
-3743
-5698
-7670
-8599
-7843
-5440
-2531
-301
749
715
237
301
986
1713
1607
930
340
-42
-338
-766
-2086
-4165
-5608
-5756
-5196
-4039
-2810
-2570
-2958
-3054
-2204
-655
993
2489
3785
4351
4217
3390
1972
35
-1750
-3346
-5005
-7809
-11412
-13054
-11215
-8747
-7432
-5277
-1684
1840
4964
8751
12187
12985
10566
7384
5232
4825
5138
4755
2449
-909
-3536
-5280
-6533
-7123
-6940
-6867
-6664
-4614
-615
3405
5824
6431
5904
5666
5824
6862
8939
9977
8450
5742
3224
792
-1617
-3623
-5025
-6000
-6355
-5474
-3618
-1846
-542
169
889
2475
4429
6133
7699
8533
7877
6562
5225
3603
2138
1000
-1229
-4304
-5949
-7146
-8693
-8454
-6839
-5568
-3961
-1078
1993
5046
8013
9716
9893
9317
8175
6428
4559
2993
1152
-1472
-3159
-3947
-5752
-7756
-7966
-7621
-6940
-4765
-1739
1101
2611
2793
2214
1928
2107
2312
2316
1456
120
-918
-1839
-2482
-3828
-5713
-7035
-6999
-5840
-4348
-2920
-2261
-2573
-2472
-1387
-189
1534
3405
4152
3922
3547
2888
1892
387
-1521
-3054
-4810
-6866
-8952
-11269
-13360
-13052
-10630
-8103
-5616
-1727
3127
7078
9679
11406
12129
10811
7777
5351
4879
4678
3197
726
-2363
-5415
-7883
-9578
-9808
-8194
-5856
-3883
-2245
412
3589
5987
6704
6647
7526
8821
9419
9563
9415
8160
5270
1280
-2093
-3642
-4340
-5281
-5806
-5705
-5819
-5842
-4797
-2396
672
3524
5707
7218
8371
8832
8896
8421
7268
5559
3849
2474
1362
-913
-5035
-8023
-9135
-9786
-9210
-6422
-3338
-901
1808
4312
6462
8722
10436
10581
9736
9049
8196
6319
3482
585
-2055
-4640
-6773
-7944
-7945
-7465
-7103
-5873
-3641
-1422
322
1787
2859
3588
4247
4370
4000
3131
1129
-1534
-3132
-3548
-4059
-5175
-6746
-7631
-7620
-6839
-5580
-4674
-3592
-2438
-1484
-245
1758
3413
3724
3465
2915
2802
3002
2229
447
-1504
-3639
-5693
-6574
-6819
-7828
-10781
-13666
-13144
-9579
-5612
-1445
3056
6660
8425
9623
11198
12076
10770
7879
5095
3595
3183
2305
-199
-4445
-8669
-11156
-11128
-8728
-5332
-2734
-1571
-1069
444
3110
5638
7255
8168
8679
8623
8277
8046
7306
4977
1064
-2770
-4797
-5192
-5268
-5546
-5799
-6451
-6908
-5753
-2687
1239
4487
6397
7220
7708
8038
8147
8146
7574
6372
4731
2927
919
-1384
-3513
-5888
-8687
-10062
-8625
-5950
-3451
-730
2077
3752
4866
6917
9238
10063
9593
8571
6905
5043
3505
1307
-1497
-4068
-6068
-7174
-7111
-6678
-6210
-5805
-5119
-3445
-797
1525
2960
4087
4395
3348
1994
1546
1058
-227
-1579
-2867
-3775
-4470
-5249
-5576
-5261
-4931
-4357
-2786
-1291
-289
441
793
1044
1822
2752
3520
4010
3869
2964
1833
672
-690
-1971
-3010
-4011
-5075
-5886
-6850
-8554
-11384
-12549
-9883
-4971
-517
2670
5493
7997
8950
8931
9682
10526
8922
5675
3430
2011
295
-2043
-5176
-8266
-9415
-8862
-7376
-4865
-2282
-1039
-694
-481
1086
4190
6840
7516
7637
8027
7035
4458
1986
702
-681
-3077
-4910
-4999
-4203
-4403
-5947
-6665
-5812
-4241
-2369
479
4180
6952
7703
7415
7197
7201
7164
6956
6022
4915
3795
1790
-719
-3297
-5350
-6563
-6885
-5697
-3150
-432
1866
3606
4823
5425
5999
6780
7542
7633
7211
6711
5511
2959
-157
-2410
-4377
-5455
-5318
-4910
-4841
-4911
-4968
-4508
-3232
-1789
-56
1450
2015
1812
1384
811
389
-697
-2170
-2640
-2696
-3006
-3330
-3822
-4409
-4377
-4227
-3860
-2782
-1532
-1232
-1495
-891
94
1178
2291
3059
2968
2808
2631
1984
943
254
-467
-2058
-3959
-5185
-5962
-6816
-7531
-8011
-9396
-10381
-8271
-3674
102
2274
4366
6743
8123
8689
9856
10962
9367
4979
943
-982
-1527
-2234
-3659
-5318
-6091
-5963
-5186
-3811
-1827
-437
-65
237
2180
5407
7789
8159
6975
5256
3215
1165
165
371
359
-1119
-3147
-4041
-3778
-3673
-3786
-3835
-3244
-1537
26
1457
3761
5986
6545
6016
6034
6813
7145
6720
5864
4459
2453
717
-550
-2412
-3805
-4181
-3811
-2690
-1221
24
1258
2355
2990
3794
5077
5943
5959
5821
5062
3732
2536
1290
-163
-1225
-2236
-3171
-3666
-3781
-4169
-4790
-4566
-3169
-1966
-1497
-950
-474
-111
145
153
-369
-1114
-1267
-1263
-1569
-1810
-1851
-2486
-3610
-4195
-3669
-2485
-1892
-2004
-2540
-2958
-2906
-2362
-1233
-447
316
1122
1193
1130
1948
2666
2039
319
-1668
-3295
-4566
-5275
-5215
-4463
-4455
-5671
-8408
-10630
-9800
-5854
-2125
239
2966
6144
7849
8421
9236
9117
6664
2906
212
-374
413
533
-948
-3339
-5110
-5878
-5200
-3395
-1263
9
405
1080
2706
4671
5596
4991
3649
2653
2249
1773
1815
2321
1913
-84
-1776
-1925
-1389
-1299
-1934
-2161
-1581
-845
56
1999
4328
5955
6310
6463
7569
8735
8938
7777
5685
3737
2263
1260
470
-150
-686
-1707
-2399
-2098
-1410
-696
210
1188
2545
3702
4228
4308
3751
2527
1996
2208
1912
1284
601
-1144
-2984
-3670
-4027
-4531
-4689
-4500
-4082
-3327
-2523
-1707
-1114
-1231
-1799
-2072
-2038
-2159
-2038
-1532
-1117
-1197
-1829
-2262
-2495
-3142
-3788
-3869
-3633
-3228
-2459
-2415
-3015
-2988
-2559
-2242
-1029
1137
2977
3704
3561
2989
2098
937
-664
-2046
-2901
-3125
-3475
-3703
-3769
-4220
-5829
-8952
-11099
-9387
-4879
-920
2086
4463
6162
6551
6416
7086
7758
6548
3852
1541
620
638
-166
-2401
-5040
-6283
-6214
-4741
-1833
788
1357
453
-535
67
2048
3897
4591
4458
3900
2894
1744
1019
933
666
-518
-1882
-1859
-741
-429
-1075
-1571
-1099
-174
633
2807
5975
8212
8918
8936
8429
7616
6829
5764
4567
3887
3312
2266
793
-806
-2040
-3156
-3364
-1989
-490
607
1810
2912
3464
3607
3563
3393
3430
3073
2592
2455
1915
234
-1678
-3289
-4274
-4336
-3724
-3463
-3793
-3891
-3183
-2384
-2161
-1861
-1406
-1499
-1669
-1477
-1465
-1484
-1185
-943
-969
-1348
-2012
-2785
-3824
-4829
-4723
-3793
-3186
-3337
-3647
-3525
-3650
-3582
-2813
-1164
384
1563
2320
2317
1867
1316
788
85
-561
-1218
-2009
-3238
-4333
-4939
-5270
-5544
-5881
-6811
-8823
-9018
-5696
-1228
982
2368
4232
5716
6149
6999
8536
8562
5876
1980
-749
-1366
-1386
-1901
-2201
-1864
-1682
-1464
-653
-199
-74
-242
-718
-471
1540
3732
4534
3882
2569
1122
176
-238
382
2297
3206
1938
810
806
501
-314
-318
1124
2649
3488
4218
5242
6270
6342
5552
5197
5466
5727
5326
4481
3375
2247
1284
-164
-922
-195
401
161
136
206
-59
-403
-1
1423
2728
2785
2084
1530
927
257
-413
-1096
-1652
-1637
-1492
-1660
-1451
-1094
-1632
-2937
-3743
-3598
-2649
-1761
-1828
-2121
-2260
-2443
-3002
-3252
-2828
-2212
-1654
-1185
-1141
-1501
-2047
-3049
-3977
-4249
-3458
-2700
-2156
-1664
-1622
-1965
-2221
-2123
-1746
-908
261
1082
1587
1844
1444
948
206
-670
-1523
-2284
-2760
-3449
-4049
-4142
-3604
-3737
-4200
-5403
-7564
-8606
-6062
-1936
463
1539
2759
4381
4495
4716
6090
6720
4791
1664
-79
573
1912
2370
1733
622
-852
-1931
-1794
-1225
-707
-564
-1182
-1880
-1095
839
2079
1834
1293
1133
1152
1959
4024
6247
6205
4045
2204
1835
2099
2302
2877
3093
1827
129
-139
1246
3445
4892
5126
4584
4274
4535
4797
5160
5131
4274
2862
2027
2225
2779
2367
918
-769
-1810
-1894
-868
811
1799
1023
-878
-2196
-2462
-2035
-1003
196
729
1097
1336
1194
953
234
-1498
-3399
-4195
-3949
-3178
-2458
-2554
-3496
-4752
-6068
-6539
-5459
-3786
-2402
-1045
159
226
-688
-1839
-2531
-2830
-2954
-2307
-1288
-853
-1397
-2485
-3869
-4930
-5188
-4862
-3643
-1425
643
1609
1848
1309
429
-417
-475
-65
627
727
-67
-1146
-1963
-2901
-3609
-3987
-4497
-6392
-8015
-7000
-3954
-1141
88
975
2497
4077
5028
6855
9169
9313
6744
4223
2880
2583
2412
1892
640
-763
-2142
-2813
-2982
-2887
-2912
-3266
-3280
-1804
726
2868
4135
4218
3985
3861
3913
4650
6181
6662
5042
2967
1766
873
-368
-1684
-2213
-2025
-1661
-1158
16
2073
3664
4277
4276
4711
5649
6501
6735
6226
4908
2839
844
-24
-262
-539
-835
-1664
-2324
-2313
-1617
-944
-404
-451
-1090
-1719
-1396
-384
298
621
787
1229
1528
1324
642
-252
-1477
-3237
-4223
-3966
-3451
-3419
-3921
-4546
-4922
-5119
-5367
-4569
-3160
-2040
-992
399
1302
1345
940
-125
-1106
-1654
-2127
-2681
-2831
-3303
-4483
-5502
-5672
-4992
-4093
-3087
-1691
-505
282
1193
1956
2487
2730
2867
2885
2921
2224
828
-440
-1518
-2535
-3227
-3736
-4030
-4673
-6916
-8886
-7619
-3731
-1047
382
2362
5029
6408
7418
9412
10867
9453
5744
2448
1135
1250
1068
17
-1242
-2607
-4380
-5186
-4598
-3436
-2078
-1154
-560
1230
3903
5599
5786
5632
5348
4992
4706
4964
5764
5125
2183
-1052
-2595
-2662
-2618
-2484
-1673
-965
-1197
-1310
324
3345
5917
7049
7618
7876
7591
6650
5230
3484
1476
-369
-1892
-2351
-1611
-1369
-2401
-3595
-3982
-3305
-1659
294
1787
2453
1851
940
641
757
341
-265
-271
-139
-611
-1472
-2310
-3436
-5382
-7022
-7141
-5915
-4512
-3433
-2958
-2741
-2886
-3387
-3471
-2639
-1139
204
1122
1486
1094
-120
-1815
-3763
-4993
-5647
-6038
-5713
-4706
-4077
-4204
-4381
-4094
-3348
-1850
330
2490
4182
5109
5210
4996
4834
4268
3422
2226
1068
-35
-1401
-2713
-3360
-3512
-3507
-3288
-2692
-2520
-3909
-5412
-4042
108
3286
4769
6073
7305
7792
7909
8601
8777
6572
2422
-1095
-1923
-1396
-1265
-1578
-2470
-3731
-4351
-3468
-1618
593
1913
2170
1827
2279
4116
5591
5606
4463
3000
1378
-102
-719
-348
-293
-1771
-3298
-3303
-2325
-1532
-886
303
1362
1452
2039
4227
6961
8296
7921
6884
5444
3865
2308
697
-825
-2016
-2533
-2659
-2087
-1413
-743
-438
-74
1038
2874
4380
5043
4905
3806
2198
439
-763
-1916
-3190
-3447
-2663
-2442
-3102
-4040
-4711
-5234
-5303
-4505
-2632
-958
-214
-135
-492
-1031
-1606
-2083
-2365
-2232
-1558
-1061
-1006
-1372
-2844
-4605
-5850
-6569
-6690
-6358
-5817
-4888
-4100
-4029
-3862
-3272
-2339
-1401
-308
1390
3167
3953
4002
3743
3443
2694
1639
390
-874
-1988
-2813
-3304
-3162
-2602
-2396
-2338
-1641
-1211
-2310
-3095
-1500
1877
4010
4770
5584
6893
6971
5943
6078
6742
4964
972
-1665
-2011
-1292
-583
-231
-379
-359
-437
-56
1092
2218
2398
1866
1557
2107
3408
4123
3366
1719
183
-1146
-1922
-1472
-262
453
81
-707
-240
909
1275
1370
2254
3127
3089
3040
4088
5735
6381
5561
4194
3170
1981
422
-790
-1574
-2328
-2129
-1393
-843
8
1371
2154
2686
3652
4692
4792
3862
2811
1522
13
-1863
-3454
-4620
-5501
-6061
-6040
-5147
-4306
-4232
-4193
-3141
-1865
-1111
-322
207
527
563
131
-652
-1129
-1578
-2896
-3876
-4002
-4012
-4227
-4390
-4398
-4364
-4383
-4461
-4580
-4456
-4042
-3469
-2525
-1318
-461
-27
-151
59
925
1812
2616
3144
3207
2987
2580
2014
1237
16
-1200
-1880
-1936
-1728
-1252
-649
-17
573
1128
674
-998
-2714
-2343
224
2069
2400
2925
3759
3617
2909
3511
4359
3066
164
-1455
-920
426
1226
1478
1124
191
-568
-446
444
1172
757
-202
-682
-569
-88
-39
-307
-960
-1513
-1703
-1602
-867
471
1036
407
65
1039
2198
2586
2487
2604
2979
2817
2300
2768
4250
5109
4470
3392
3060
2823
1819
459
-479
-625
68
757
1400
2779
4387
4761
4468
4825
4895
3974
2644
1606
678
-307
-1880
-3873
-5157
-5741
-5899
-5479
-4197
-2766
-1837
-1414
-578
570
1214
673
-179
-446
-222
5
-781
-2049
-3363
-4781
-5983
-6175
-5104
-4158
-3731
-3832
-3966
-4209
-4562
-4818
-4815
-4586
-3875
-2689
-1419
-305
27
-158
-814
-1103
-442
804
1521
1660
1797
1735
1341
1010
976
946
229
-260
-81
405
538
676
1208
1104
329
-1072
-2871
-3572
-1934
249
999
914
1539
2208
2074
2765
4726
5544
3857
2010
1698
2403
2850
2525
1871
1339
586
-298
-154
351
-153
-1846
-2903
-2779
-2090
-974
-176
37
70
85
-217
105
1599
2775
2568
1901
1854
2253
2348
1834
1370
1315
908
-7
-295
845
2314
2790
2405
2136
2222
1531
309
312
1908
2856
2623
2964
4146
4595
4093
3771
3246
1900
221
-768
-1171
-1484
-2593
-4373
-5706
-6082
-5712
-4567
-2966
-1646
-820
-257
127
407
986
1308
548
-595
-1197
-1247
-1529
-2186
-3145
-4070
-4663
-4641
-4074
-3153
-2520
-2173
-1876
-1670
-1461
-1547
-1805
-2269
-2649
-2506
-1672
-615
-14
86
-170
-764
-1183
-680
503
1423
1765
2279
2676
2435
2134
2110
1593
715
264
343
641
483
81
-32
-380
-2177
-4941
-5926
-4294
-2181
-1320
-613
1092
2491
2776
3421
5170
6005
4538
2278
1410
1887
1964
1283
279
-961
-2034
-2448
-2437
-2130
-1733
-2553
-3540
-3293
-1567
444
1423
1380
1392
1573
1474
1275
1788
2625
2234
1136
689
1424
1925
1589
1008
398
-133
-69
722
1885
3133
4085
4501
4398
3738
3023
2968
3275
3175
3058
3078
3155
3294
3335
3142
2638
1836
743
-208
-1039
-1335
-1595
-2290
-3335
-3738
-3450
-2884
-2298
-2089
-1927
-1712
-1208
-462
216
15
-516
-1034
-1866
-2917
-3689
-3701
-3722
-3694
-3542
-3376
-3268
-3467
-3864
-3942
-3647
-3102
-1911
-1048
-1152
-1895
-2404
-2851
-3152
-2988
-2624
-1886
-1116
-630
-500
-740
-1292
-1222
-457
747
2315
3884
4637
4295
3542
2721
1718
936
536
714
1261
1220
878
902
95
-2891
-5957
-6087
-3892
-1991
-381
1712
3982
4979
4759
5331
6265
5530
3778
2944
3159
3380
2672
1079
-852
-2590
-3505
-3452
-2671
-1946
-1947
-2270
-2507
-1641
-57
859
1100
1570
2278
2452
2255
2158
2262
1701
505
-466
-562
-330
-581
-982
-1171
-1108
-795
37
1198
2321
3197
3888
4191
4154
4035
4366
4651
4268
3501
2399
1707
1456
1453
1640
1090
-42
-1002
-1255
-1434
-1538
-1338
-1562
-2010
-2098
-1220
95
434
-220
-1148
-1576
-1424
-832
-141
33
-882
-2237
-3029
-3342
-3632
-4115
-4073
-3316
-2676
-1986
-1171
-1049
-1715
-2509
-2889
-2561
-1719
-857
-613
-1335
-2277
-3174
-3763
-4346
-4358
-3598
-2645
-1731
-954
-666
-1113
-1290
-719
388
1584
2999
3865
3886
3667
3188
2409
1746
926
148
-171
-157
67
107
-317
-1614
-3806
-5797
-5682
-3127
-429
933
1867
3006
3917
4213
4953
6160
6047
4317
2861
2815
3205
2422
526
-1386
-2471
-2765
-2346
-1394
-411
-309
-1322
-1945
-1144
662
1890
2312
2463
2766
2741
2211
1890
2076
1803
544
-674
-660
149
424
-80
-545
-176
316
753
1575
2856
3345
2952
2969
4246
5011
4837
4293
3751
2925
2118
2096
2028
1633
516
-920
-1752
-1723
-1586
-1608
-1854
-2355
-3155
-3179
-2428
-1639
-1105
-877
-1058
-1128
-982
-966
-1296
-1584
-2237
-3138
-3491
-3214
-3041
-3835
-4857
-4820
-3967
-3234
-2692
-1990
-1496
-1921
-2562
-2710
-2229
-1572
-1072
-947
-988
-1345
-2147
-2886
-3286
-3344
-3123
-2277
-1053
23
368
181
-189
-283
446
1738
2987
3911
4352
4056
3403
2678
1958
1265
755
734
748
801
847
535
-575
-2504
-4258
-4176
-2057
-12
1061
1967
3004
3427
3451
4430
5643
5539
3695
2056
1832
1929
1115
-211
-1245
-1974
-2128
-1546
-630
-78
-537
-1792
-2362
-1321
118
942
1375
1339
1034
862
836
709
652
494
165
-63
381
1269
1543
1036
247
230
831
1233
1437
1803
2378
2598
2558
3300
4349
4496
3630
3065
3100
3047
2696
2200
1897
1151
199
-503
-622
-756
-1093
-1760
-2292
-2535
-2317
-1788
-1568
-1183
-766
-800
-1002
-809
-477
-511
-758
-1222
-1665
-2053
-2500
-3042
-3557
-4048
-4282
-3906
-3321
-2864
-2626
-2678
-3086
-3582
-3814
-3787
-3188
-2005
-1308
-1671
-2288
-2571
-2807
-2993
-2842
-2351
-1641
-1225
-1128
-1104
-1396
-1817
-1944
-1406
-448
1001
2523
3258
3688
3768
3162
2105
1429
1255
1286
1465
1712
2065
1871
754
-1042
-2661
-3579
-2916
-1003
876
1787
2282
2911
3238
3561
4089
4554
4332
3466
2866
3134
3152
2259
850
4
-217
29
386
424
-174
-1161
-1795
-1779
-976
226
973
866
484
531
955
1129
1226
1596
1817
1741
1679
1829
1898
1341
593
266
116
-245
-367
328
993
957
1179
2307
3256
3196
2956
3005
2999
2409
1900
2127
2463
2151
1201
23
-1152
-2162
-2809
-3403
-3640
-3299
-2943
-2740
-2316
-1654
-1370
-1106
-881
-542
-88
297
371
145
-303
-1348
-2355
-3076
-3603
-4012
-4122
-3748
-3498
-3102
-2732
-2747
-3160
-3643
-3667
-3030
-1801
-530
219
222
-296
-876
-1300
-1295
-1026
-811
-1042
-1289
-1388
-1491
-1696
-2322
-2643
-2354
-1239
445
2028
3207
3721
3169
2478
2777
3181
3363
3394
3218
2789
2163
1204
-18
-1402
-3282
-4338
-3938
-2446
-885
218
547
707
1277
2272
3351
4200
4614
4309
3725
3173
2791
1969
763
-17
-408
-860
-992
-1135
-1969
-2864
-3200
-3085
-2431
-1198
-139
174
137
455
1014
1393
1666
2140
2640
2592
2205
2096
1856
1116
145
-287
-755
-1359
-971
325
924
868
1308
2178
2568
2920
3770
4246
3840
3223
3341
3500
3517
3101
1835
-116
-1478
-2255
-2649
-2857
-2983
-2989
-2974
-2856
-1987
-897
-286
14
323
587
673
962
843
233
-568
-1419
-2102
-2895
-3670
-4005
-3998
-3965
-3979
-3464
-2816
-2903
-3336
-3370
-2970
-2349
-1390
-378
305
308
-88
-390
-460
-775
-1353
-2070
-2349
-2455
-2348
-2168
-2205
-2392
-2498
-1740
-302
1331
2789
3602
3761
3556
3571
3922
4200
4336
3909
2923
1900
1324
411
-893
-2705
-4129
-4251
-3227
-1763
-378
845
1423
1837
2678
3989
5052
5021
4339
3466
2750
2425
1848
795
-458
-1311
-1676
-1865
-1974
-2256
-3106
-3926
-3872
-2833
-1286
-195
412
650
660
433
792
1753
2348
2485
2429
2276
1647
786
-251
-1328
-1859
-1681
-1216
-630
365
1045
894
616
1128
2231
3145
3844
4599
4799
4465
3729
3232
2768
1926
1106
71
-765
-1519
-2115
-2788
-3454
-3698
-3410
-2564
-1881
-1036
16
627
716
802
911
748
443
315
-82
-741
-1237
-1907
-3067
-4294
-4704
-4405
-3867
-3192
-2326
-1642
-1566
-2073
-2153
-1547
-925
-436
201
730
671
303
12
-291
-948
-1795
-2349
-2399
-2295
-2314
-2195
-2283
-2577
-2457
-1661
-698
646
2348
3568
4180
4484
4949
5221
4915
4576
4135
3167
1978
908
-24
-1135
-2350
-3702
-4100
-3444
-2395
-1289
-122
1128
1740
2467
3209
3792
4172
3991
3196
2327
1615
681
-87
-733
-1263
-1631
-1952
-2367
-2910
-3119
-3070
-2732
-1804
-701
-83
365
725
725
688
991
1706
2372
2706
2465
1768
963
21
-679
-1343
-2087
-1767
-177
499
75
308
767
878
1313
2954
4613
5230
4901
4537
4236
3391
2225
1515
1130
611
86
-387
-1441
-2682
-3532
-3773
-3431
-2313
-1140
-692
-452
-58
287
388
526
272
14
70
163
-108
-715
-1485
-2868
-4380
-5103
-4737
-4025
-3489
-2940
-2425
-2164
-2275
-2258
-1751
-1213
-638
14
544
841
696
264
-609
-1599
-2211
-2309
-2228
-2136
-2015
-2146
-2763
-3244
-2761
-1979
-1223
-172
1400
2966
4061
4691
4969
4854
4544
4436
4177
3912
3234
1996
372
-994
-1666
-2183
-2715
-2728
-2359
-1663
-1110
-198
877
1466
1758
2139
2934
3401
3439
3115
2440
1490
528
-101
-445
-540
-737
-1160
-1731
-2047
-2285
-2268
-1888
-1323
-689
-242
278
780
977
1010
973
1044
1766
2119
2194
1846
309
-1474
-1545
-608
-149
208
680
1043
1179
1777
2485
2670
2156
1862
2188
3050
3418
3246
2618
1606
774
702
1143
1122
690
-465
-1573
-1923
-1620
-1293
-1128
-708
-821
-982
-1035
-992
-1043
-1033
-746
-588
-234
309
276
-466
-1109
-1538
-2035
-2466
-2736
-2581
-2072
-1942
-2174
-2078
-2054
-2398
-2423
-2164
-1946
-1567
-1087
-875
-792
-495
-245
-428
-759
-1097
-1438
-1641
-1854
-2183
-2708
-3278
-3606
-3343
-2396
-1313
-357
539
1574
2609
3269
3764
4289
4357
3730
3122
2692
1856
687
-420
-1175
-1670
-1674
-1390
-1151
-676
-211
-28
276
808
1370
1801
2063
2240
2214
2029
1662
1136
378
-344
-339
-86
-85
-4
109
-35
-537
-1029
-980
-610
-362
-47
542
971
776
481
354
509
996
1861
2616
2831
2465
1978
1426
1149
976
1061
1317
1406
1474
1445
1620
1301
853
942
1233
1977
2621
2733
2380
2062
1513
1078
1319
1637
1558
914
27
-638
-781
-856
-1158
-1324
-1291
-1296
-1486
-1463
-1390
-1388
-1364
-1307
-1086
-747
-646
-939
-1500
-1949
-2232
-2303
-2414
-2814
-3160
-3323
-3594
-3813
-3691
-3544
-3448
-3481
-3395
-3172
-2812
-2447
-2081
-1734
-1426
-1162
-687
-455
-435
-782
-1326
-1761
-2026
-2180
-2619
-2761
-2626
-2256
-1758
-1312
-541
361
1083
1656
2518
3458
3907
3771
3450
3293
2920
2448
2000
1885
1608
995
572
336
496
530
517
569
882
1276
1322
1643
2138
2337
2135
2169
2425
2345
1884
1435
1213
988
790
813
983
906
563
227
189
262
287
234
225
301
488
596
545
770
1010
1140
1294
1480
1731
1641
1452
1239
1058
1096
1094
1033
1017
1005
793
560
596
846
1049
1142
1027
1096
981
741
670
658
652
595
322
-51
-388
-701
-1055
-1475
-1841
-1689
-1579
-1777
-1675
-1674
-1942
-2032
-2090
-2114
-2058
-2137
-2131
-2286
-2365
-2284
-2411
-2759
-3126
-3251
-3167
-2989
-2872
-2675
-2513
-2595
-2728
-2929
-2864
-2580
-2252
-1861
-1267
-814
-674
-666
-591
-787
-1082
-1332
-1499
-1431
-1710
-2019
-2180
-2078
-1769
-1242
-405
557
1226
1915
2614
3429
4035
4273
4489
4399
4129
3741
3309
2943
2570
2023
1438
1041
1094
1368
1405
1398
1515
1469
1291
1353
1780
2187
2173
1854
1661
1624
1448
1196
1114
1006
687
515
645
633
405
-9
-482
-813
-942
-846
-708
-785
-715
-698
-647
-259
102
665
1238
1538
1586
1693
1803
1555
1063
656
568
372
208
100
5
-59
-239
-150
39
284
476
634
918
965
1075
1162
1058
855
579
115
-606
-1110
-1393
-1748
-1976
-2034
-2129
-2451
-2726
-2744
-2670
-2649
-2562
-2267
-1951
-1744
-1769
-1974
-2192
-2163
-1947
-1855
-1768
-1880
-2497
-2899
-3111
-3237
-3290
-3214
-2873
-2385
-2071
-2046
-1840
-1604
-1250
-979
-502
43
358
557
334
-3
-537
-889
-1102
-1180
-1083
-795
-211
143
418
984
1532
2035
2753
3672
4595
5133
5485
5449
4829
4201
3680
3193
2729
2468
2226
1848
1648
1583
1738
1770
1808
1877
1977
2159
2320
2482
2524
2294
1626
1148
745
519
586
598
461
160
-162
-344
-294
-304
-462
-671
-923
-1128
-1166
-919
-850
-946
-1692
-2349
-1827
-660
-265
14
493
304
-124
-222
53
-227
-899
-1390
-1379
-1464
-1619
-1650
-1680
-1968
-1943
-1427
-875
-262
252
490
449
377
433
384
321
34
-643
-1045
-1367
-1709
-2033
-2022
-1799
-1822
-1871
-1709
-1556
-1406
-1208
-821
-484
-262
-108
-163
-571
-864
-921
-993
-1039
-1064
-1086
-1279
-1595
-1730
-1598
-1391
-1208
-911
-514
-184
12
154
280
392
447
588
747
878
867
661
319
-183
-362
-456
-504
-306
36
555
881
1099
1485
2023
2481
2896
3456
4082
4549
4868
4802
4425
3857
3048
2448
2263
2066
1872
1636
1442
1345
1265
1309
1242
1247
1135
981
974
1056
847
355
-48
-340
-620
-704
-531
-525
-726
-1201
-1420
-1481
-1506
-1380
-1194
-1309
-1654
-1762
-1867
-1922
-1848
-1677
-1723
-1805
-1479
-903
-573
-482
-543
-815
-1069
-1041
-913
-808
-821
-1252
-1350
-1246
-1262
-1297
-1178
-1019
-762
-308
124
586
780
739
570
491
355
331
418
208
-392
-842
-1118
-1519
-1804
-1856
-1729
-1611
-1526
-1372
-995
-828
-814
-688
-403
-43
-51
-180
-453
-726
-1096
-1301
-1280
-1402
-1496
-1508
-1649
-1707
-1512
-1091
-698
-427
-23
417
627
628
721
705
736
724
746
767
661
427
62
-164
-148
26
255
663
1037
1583
2022
2415
2870
3323
3679
3875
4289
4772
5059
5056
4952
4553
3785
3148
2746
2379
2363
2247
1901
1535
1334
1202
1053
850
665
491
300
94
27
-130
-650
-989
-1183
-1388
-1566
-1424
-1368
-1623
-1913
-2200
-2388
-2335
-2211
-1929
-1767
-1730
-1799
-1927
-2049
-2118
-1979
-1939
-1966
-1665
-1147
-986
-963
-1180
-1314
-1304
-1304
-1038
-676
-499
-595
-556
-636
-782
-793
-691
-380
-108
165
327
205
135
59
-23
17
52
153
302
165
-241
-505
-778
-1030
-1127
-992
-752
-585
-563
-732
-779
-869
-895
-707
-524
-286
-105
-120
-552
-832
-736
-693
-653
-411
-362
-573
-660
-750
-774
-650
-521
-404
-342
-79
185
276
319
289
293
431
640
894
1145
906
669
446
422
493
732
1116
1395
1855
1994
2188
2494
2815
2961
3277
3532
3754
3995
3917
3649
3114
2607
2059
1765
1621
1499
1384
1260
1160
992
980
830
556
408
287
240
173
187
25
-244
-631
-1033
-1319
-1397
-1398
-1465
-1587
-1744
-1702
-1549
-1438
-1366
-1246
-1212
-1191
-1099
-1074
-1076
-1184
-1192
-1272
-1306
-1248
-1158
-903
-873
-953
-960
-896
-803
-530
-434
-376
-218
-209
-287
-432
-449
-484
-374
-350
-433
-364
-353
-413
-501
-545
-455
-490
-422
-321
-76
-168
-525
-729
-1115
-1408
-1597
-1585
-1418
-1248
-1187
-1340
-1222
-1062
-852
-624
-495
-354
-234
-219
-247
-31
63
-57
-135
-163
-116
-178
-318
-384
-306
-273
-170
93
213
368
502
519
593
758
944
1001
977
1011
954
872
879
933
827
846
881
1173
1613
1882
2279
2481
2604
2673
2992
3327
3275
3370
3467
3208
2662
2232
1903
1577
1200
1064
1008
883
684
404
421
178
-37
-297
-338
-406
-560
-506
-764
-1131
-1675
-2071
-2261
-2312
-2269
-2271
-2182
-2289
-2423
-2401
-2153
-1953
-1799
-1618
-1479
-1375
-1393
-1375
-1411
-1446
-1375
-1170
-1031
-955
-995
-1065
-1169
-1277
-1103
-797
-548
-421
-272
-67
176
261
322
447
463
512
665
890
960
969
960
759
604
585
573
610
600
480
448
320
87
-38
-106
-152
-279
-199
-6
159
221
213
266
259
301
418
733
678
486
535
464
459
338
111
-25
-135
-269
-313
-348
-354
-332
-280
-158
-78
215
452
400
333
309
320
241
78
3
-64
-231
-288
-266
-202
-8
229
373
510
727
966
1257
1614
1738
2013
2276
2319
2238
2059
1929
1618
1333
1090
869
750
551
199
96
-200
-416
-347
-375
-380
-420
-483
-605
-595
-663
-887
-902
-1189
-1357
-1384
-1405
-1405
-1575
-1636
-1719
-1707
-1648
-1521
-1338
-1210
-1118
-1008
-944
-908
-827
-807
-773
-782
-786
-644
-655
-650
-717
-813
-810
-794
-685
-435
-189
-29
-47
-97
37
76
134
188
336
481
547
618
553
430
200
-1
-207
-155
-76
-21
52
-42
-21
-103
-19
-19
28
206
255
347
354
460
526
509
543
502
603
651
563
436
393
344
366
485
444
380
409
316
265
362
381
521
621
733
817
923
944
699
627
677
616
717
766
573
370
265
206
248
380
566
703
858
1063
1294
1493
1795
1920
1971
1917
1902
2011
1957
1722
1312
857
382
9
-298
-557
-873
-1070
-1207
-1287
-1161
-980
-896
-922
-974
-957
-921
-867
-888
-1040
-1242
-1468
-1602
-1805
-1993
-2193
-2374
-2478
-2464
-2235
-2008
-1811
-1489
-1184
-1006
-787
-532
-391
-257
-144
-72
-220
-373
-510
-572
-665
-844
-903
-846
-692
-522
-214
68
301
553
789
948
1154
1344
1352
1308
1211
1066
815
518
354
188
51
-98
-240
-360
-308
-277
-133
123
283
368
428
439
175
92
51
25
136
250
197
53
-131
-262
-388
-463
-511
-468
-307
-78
121
33
-53
-138
-263
-225
-111
83
193
263
291
86
21
86
167
292
508
576
593
394
175
-13
-165
-205
-49
267
441
606
737
984
1150
1246
1539
1727
1890
2043
2217
2246
2077
1714
1254
911
622
531
456
407
267
156
127
224
374
457
617
686
597
538
576
547
414
36
-364
-689
-1009
-1174
-1365
-1522
-1685
-1850
-1785
-1599
-1346
-1025
-795
-570
-514
-518
-366
-317
-352
-409
-613
-826
-1049
-1212
-1376
-1541
-1604
-1753
-1633
-1366
-1073
-657
-379
-95
157
343
512
707
872
683
411
192
-119
-286
-401
-544
-637
-741
-797
-778
-686
-530
-338
-102
190
453
513
479
362
192
25
-73
-36
-92
-53
-122
-281
-467
-442
-503
-473
-294
-246
-33
133
272
250
184
77
51
241
433
484
556
478
426
373
319
317
285
267
239
159
85
-59
-205
-287
-275
-146
84
449
625
771
926
1024
1174
1398
1641
1774
1909
1847
1727
1638
1368
1048
715
499
420
463
492
572
568
478
602
808
1029
1229
1257
1159
929
607
334
-52
-263
-549
-991
-1249
-1506
-1600
-1667
-1698
-1681
-1529
-1253
-922
-669
-374
-272
-203
-81
-178
-142
-173
-183
-375
-627
-854
-1022
-1069
-1245
-1269
-1300
-1326
-1257
-1029
-722
-392
-63
164
411
516
617
681
635
510
207
-90
-303
-476
-691
-916
-995
-1043
-1000
-927
-748
-619
-514
-272
-45
126
225
242
201
4
-118
-264
-391
-470
-596
-762
-935
-943
-901
-862
-891
-884
-677
-438
-145
112
350
442
332
347
518
621
643
761
770
708
587
621
601
533
451
360
385
442
510
676
836
973
1221
1461
1602
1743
1944
2028
2190
2083
2192
2281
2139
1961
1840
1724
1538
1424
1211
1018
852
777
691
639
713
638
527
690
654
572
516
340
74
-215
-420
-726
-953
-1170
-1391
-1676
-1956
-2123
-2261
-2241
-2198
-2094
-1977
-1871
-1713
-1533
-1316
-1125
-1114
-931
-779
-769
-647
-488
-619
-695
-888
-1071
-1195
-1291
-1342
-1490
-1450
-1333
-1144
-836
-522
-237
108
352
559
698
819
900
751
576
270
31
-171
-500
-693
-793
-843
-866
-886
-662
-291
-17
332
563
776
977
894
822
668
445
228
72
-41
-112
-248
-409
-497
-598
-600
-491
-238
38
242
384
549
706
699
580
511
521
588
526
525
554
400
263
191
217
265
219
351
402
469
516
589
663
685
838
952
1059
1149
1212
1254
1217
1108
1173
1269
1292
1237
1192
1104
957
860
685
563
491
488
568
584
693
649
558
509
408
385
369
287
173
50
-119
-397
-610
-716
-871
-1023
-1100
-1123
-1124
-1212
-1348
-1242
-1240
-1156
-1035
-742
-557
-416
-316
-370
-253
-339
-376
-458
-383
-407
-591
-737
-875
-1007
-1200
-1191
-1175
-1053
-917
-801
-637
-390
-234
-163
-59
-116
-109
-70
-74
-160
-280
-543
-760
-1062
-1221
-1257
-1269
-1162
-1133
-927
-718
-478
-230
-77
33
129
99
150
89
54
22
-51
-81
-101
-79
-98
-138
-214
-349
-271
-132
-14
185
340
463
578
609
626
710
744
868
967
1026
1115
978
873
767
678
593
698
766
761
783
616
600
610
659
826
1088
1253
1408
1479
1538
1498
1469
1545
1609
1612
1520
1379
1173
970
709
491
351
405
378
543
607
551
449
127
-22
-86
-122
-37
-20
-113
-362
-569
-764
-969
-1192
-1278
-1369
-1510
-1427
-1424
-1530
-1568
-1644
-1762
-1618
-1444
-1136
-874
-770
-758
-673
-604
-548
-416
-352
-258
-263
-285
-336
-450
-574
-781
-883
-921
-870
-622
-306
-94
89
227
328
438
555
683
703
784
733
565
406
238
36
-154
-338
-266
-238
-207
-155
-172
-119
36
141
273
440
534
635
456
396
382
304
391
371
292
179
-6
-185
-344
-467
-457
-362
-239
-154
-96
-83
-112
-90
16
242
308
357
419
526
488
424
327
245
248
152
175
184
91
-95
-155
-131
68
331
540
714
817
808
873
949
1008
1150
1254
1345
1276
1123
998
852
690
533
429
438
441
449
484
428
269
145
22
108
125
108
90
-15
-141
-428
-636
-861
-1104
-1270
-1363
-1459
-1512
-1456
-1556
-1693
-1734
-1873
-1745
-1613
-1396
-1165
-1007
-863
-786
-690
-656
-531
-523
-495
-537
-604
-669
-717
-816
-988
-1026
-1033
-927
-704
-465
-322
-246
-145
-77
79
229
256
352
376
268
55
-87
-213
-434
-546
-612
-661
-608
-539
-487
-447
-276
-100
225
512
742
934
964
958
881
806
762
764
781
718
641
401
291
200
129
291
463
753
941
1081
1210
1317
1339
1406
1465
1545
1635
1661
1704
1552
1403
1261
1074
1011
1002
1013
1020
925
852
800
729
823
895
1005
1058
1099
1083
980
945
879
843
812
829
772
721
586
319
66
-187
-418
-469
-522
-550
-539
-561
-654
-786
-817
-800
-876
-874
-847
-932
-936
-1132
-1297
-1489
-1714
-1873
-1985
-1938
-1965
-2012
-2002
-2056
-2078
-2003
-1807
-1520
-1207
-1029
-881
-692
-620
-515
-342
-274
-284
-197
-158
-204
-399
-471
-633
-772
-846
-796
-606
-490
-301
-175
-108
16
136
227
335
358
441
421
199
17
-62
-334
-593
-748
-750
-724
-708
-579
-565
-408
-200
-10
257
536
742
897
976
933
836
717
638
485
438
375
231
168
48
-14
8
76
242
436
637
801
912
1026
1073
1192
1258
1262
1366
1323
1305
1101
987
981
921
862
799
860
877
877
750
758
808
865
989
1164
1288
1315
1311
1286
1290
1256
1331
1335
1372
1284
1170
982
802
676
460
306
238
249
220
190
164
75
-53
-129
-202
-310
-394
-493
-633
-813
-1012
-1247
-1374
-1554
-1606
-1705
-1776
-1713
-1783
-1813
-1792
-1845
-1899
-1822
-1786
-1637
-1506
-1323
-1263
-1243
-1213
-1152
-1059
-1079
-1076
-1133
-1201
-1253
-1314
-1399
-1450
-1462
-1420
-1376
-1140
-927
-788
-620
-432
-203
-31
125
153
252
280
237
200
131
49
-58
-148
-186
-144
35
121
247
487
617
778
981
1098
1121
1230
1225
1147
1087
928
862
778
696
556
533
387
239
180
172
239
329
570
682
815
919
1012
1066
1195
1248
1333
1350
1287
1223
1063
934
730
597
471
369
376
347
243
167
160
113
168
275
314
472
540
569
609
617
611
574
563
468
405
299
200
130
2
-106
-194
-194
-101
-147
-161
-142
-201
-211
-253
-238
-241
-277
-400
-471
-536
-597
-705
-825
-982
-1120
-1175
-1225
-1196
-1155
-1108
-1014
-978
-942
-750
-641
-536
-414
-370
-306
-245
-226
-164
-134
-123
-223
-223
-286
-353
-435
-522
-584
-700
-618
-594
-466
-328
-221
-158
-42
81
153
204
181
140
64
8
-52
-168
-360
-473
-679
-666
-591
-509
-359
-310
-197
-102
78
202
372
511
473
591
496
448
410
289
211
120
132
116
115
80
93
4
78
147
320
503
612
774
768
820
963
1002
1054
1174
1073
1048
881
751
671
566
498
437
423
359
353
337
306
274
261
258
381
482
561
575
610
639
583
565
500
439
370
267
237
56
-6
-141
-209
-226
-326
-338
-371
-340
-357
-258
-298
-340
-384
-417
-440
-545
-685
-761
-832
-994
-1092
-1184
-1235
-1300
-1273
-1322
-1272
-1124
-1097
-1021
-938
-880
-670
-609
-564
-429
-386
-245
-119
23
106
147
219
168
178
165
65
39
4
30
104
212
320
385
518
592
622
786
846
841
863
836
752
625
497
264
101
-63
-153
-135
-68
-27
-21
41
7
55
135
221
300
340
301
287
306
102
20
-36
-121
-200
-291
-250
-298
-307
-367
-295
-273
-116
38
34
95
58
32
55
77
58
77
17
-32
-57
-123
-104
-129
-105
-110
-117
-72
-42
-78
-147
-90
-90
49
121
199
272
265
250
269
320
373
411
450
632
681
673
662
606
510
455
401
303
363
315
256
214
194
145
44
12
3
2
-74
-122
-173
-223
-222
-336
-382
-364
-368
-291
-251
-284
-264
-332
-476
-480
-462
-425
-414
-393
-345
-315
-258
-234
-258
-303
-288
-331
-448
-517
-614
-632
-707
-715
-746
-691
-623
-638
-508
-466
-403
-270
-135
-139
-38
-11
-20
23
-39
-40
-25
-75
-116
-108
-91
-73
23
11
64
175
245
378
441
570
508
505
495
393
368
357
358
261
239
265
293
309
260
251
217
252
338
423
532
535
544
501
477
518
593
566
540
518
426
402
304
313
273
234
238
214
256
208
271
264
215
211
131
193
191
166
180
213
200
186
285
258
268
270
211
209
213
166
96
47
-53
-69
-167
-205
-317
-311
-412
-515
-460
-583
-551
-562
-578
-530
-503
-510
-503
-557
-521
-534
-468
-502
-535
-494
-539
-426
-459
-449
-388
-373
-308
-237
-178
-125
-41
-24
12
-17
-39
-27
-71
-99
-189
-185
-144
-164
-179
-191
-145
-161
-67
-42
-28
57
45
124
110
125
143
84
62
-15
-84
-147
-259
-192
-191
-171
-139
-142
-132
-176
-160
-91
-115
-74
-45
-26
13
-40
-71
-103
-137
-138
-116
-131
-99
-148
-133
-140
-123
-43
26
113
123
210
184
142
239
257
250
245
192
286
292
321
360
391
406
434
514
541
581
521
537
517
406
483
539
551
551
625
643
652
706
698
714
759
785
800
807
735
694
564
428
381
245
174
89
-67
-219
-278
-367
-428
-462
-438
-408
-371
-328
-341
-361
-390
-410
-476
-475
-534
-526
-508
-606
-515
-518
-528
-555
-571
-515
-520
-434
-366
-376
-330
-318
-371
-376
-438
-421
-469
-495
-478
-489
-475
-515
-523
-517
-542
-547
-516
-457
-332
-300
-287
-257
-213
-191
-152
-140
-50
-15
-79
-61
-44
-75
-12
-9
-74
-56
-83
16
62
211
249
397
455
456
548
556
580
545
596
515
607
525
586
648
577
575
545
483
526
577
544
519
500
472
442
455
453
495
441
449
423
444
390
395
421
400
455
448
494
450
456
421
317
294
275
231
227
271
270
271
330
293
306
288
373
369
367
242
171
35
-95
-192
-407
-489
-649
-685
-731
-812
-833
-842
-901
-906
-863
-867
-804
-726
-805
-769
-761
-810
-731
-718
-705
-683
-654
-659
-590
-622
-603
-549
-611
-555
-500
-476
-416
-330
-369
-253
-274
-226
-156
-165
-105
-154
-178
-211
-181
-208
-168
-193
-150
-106
-71
-41
9
77
59
168
195
268
314
335
273
246
229
169
