SAMPLES:	8788
BITSPERSAMPLE:	16
CHANNELS:	1
SAMPLERATE:	16000
NORMALIZED:	FALSE
-64
-41
7
36
38
43
23
-7
-32
-54
-64
-71
-55
-11
-22
4
-48
-83
-92
-113
-134
-144
-128
-154
-150
-171
-140
-175
-181
-171
-213
-191
-197
-181
-168
-120
-102
-85
-42
-72
-96
-113
-119
-123
-170
-161
-160
-147
-138
-137
-141
-158
-143
-165
-161
-179
-157
-151
-155
-120
-147
-147
-136
-169
-155
-131
-139
-108
-96
-61
-41
-25
-34
-52
-21
-14
-25
2
50
56
102
89
82
107
86
108
100
120
115
96
94
87
95
109
96
97
117
121
118
103
103
91
106
116
143
150
167
189
175
161
168
158
178
170
150
173
152
165
159
166
148
150
159
173
182
159
133
103
79
61
23
9
13
17
17
1
-3
20
9
-11
-12
-20
-12
-25
-1
-7
-20
-35
-51
-51
-57
-22
-29
-16
-8
-24
-19
-30
-33
-47
-49
-49
-43
-30
-23
4
-9
9
2
-8
-11
-44
-43
-59
-18
-48
-59
-31
-51
-46
-34
-27
-32
-7
16
24
30
44
31
61
52
51
50
46
97
89
77
46
39
51
62
75
84
92
127
135
131
131
82
88
94
113
103
95
107
95
74
38
13
-9
-34
-40
-73
-105
-94
-107
-116
-155
-140
-140
-169
-172
-184
-189
-217
-205
-251
-263
-248
-248
-250
-250
-245
-255
-238
-269
-292
-290
-272
-247
-257
-220
-238
-208
-192
-214
-186
-179
-169
-169
-150
-117
-118
-98
-63
-58
-27
7
0
23
80
56
85
110
123
133
177
181
185
244
252
255
275
269
281
284
274
297
322
339
335
300
283
240
219
184
168
159
164
204
197
243
247
219
207
209
173
163
153
138
130
125
122
121
107
115
110
72
86
100
75
70
50
25
26
9
-15
-54
-55
-86
-65
-86
-97
-74
-110
-144
-163
-180
-183
-192
-205
-185
-174
-151
-136
-127
-137
-135
-145
-182
-192
-232
-241
-223
-220
-218
-185
-161
-177
-117
-113
-135
-98
-115
-67
-35
-40
-32
-28
0
-6
47
43
39
58
65
78
70
63
50
46
34
44
44
51
63
58
54
48
51
43
13
-7
-35
-50
-57
-78
-86
-101
-123
-137
-128
-166
-172
-187
-175
-139
-157
-106
-115
-81
-45
-92
-83
-88
-100
-71
-63
-76
-35
-26
1
2
13
26
39
52
59
85
111
139
138
148
137
114
138
141
115
122
148
167
181
173
161
172
172
188
194
181
190
155
139
119
122
102
71
97
92
97
132
130
148
162
152
145
110
95
61
32
61
28
25
54
48
73
67
56
35
18
15
-23
-29
-28
-37
-25
-32
-57
-77
-85
-82
-113
-112
-99
-126
-120
-143
-159
-204
-197
-225
-233
-232
-244
-234
-231
-239
-260
-256
-244
-224
-240
-219
-211
-162
-132
-140
-127
-117
-147
-123
-115
-121
-71
-75
-48
-33
-29
-31
-27
-11
8
15
8
10
-34
-18
-36
-27
-29
22
47
83
117
152
188
189
186
169
181
162
204
205
203
181
184
150
161
145
137
137
126
131
146
138
93
76
25
-19
-67
-59
-87
-88
-73
-79
-66
-86
-75
-66
-42
-2
18
13
1
12
-8
27
32
49
54
49
73
74
106
95
106
97
79
99
101
114
106
116
139
187
199
191
201
210
192
199
184
166
163
159
180
150
148
172
144
135
154
153
166
193
162
136
126
84
54
16
-28
-61
-92
-114
-120
-136
-116
-122
-123
-145
-173
-178
-201
-214
-198
-209
-240
-250
-288
-290
-292
-303
-286
-314
-276
-301
-310
-293
-331
-318
-301
-345
-349
-326
-339
-287
-268
-249
-269
-249
-267
-266
-243
-241
-212
-217
-206
-177
-173
-175
-133
-152
-107
-98
-57
-31
-1
34
46
71
114
150
140
189
161
133
118
108
118
113
157
181
212
229
240
230
252
271
253
277
246
241
260
245
267
269
288
295
302
259
267
254
210
246
236
260
288
312
316
305
246
237
221
183
198
198
180
162
161
111
77
73
40
29
13
-3
-71
-111
-110
-139
-80
-84
-66
-4
18
27
27
65
16
-13
-30
-52
-38
-62
-43
-65
-43
-23
-28
-30
-16
-33
-22
-37
-55
-45
-79
-71
-95
-86
-76
-59
-53
-75
-58
-86
-66
-59
-70
-55
-83
-50
-56
-98
-121
-135
-115
-121
-96
-73
-75
-85
-60
-53
-68
-62
-63
-107
-128
-141
-155
-165
-200
-222
-248
-233
-193
-201
-162
-133
-162
-159
-208
-233
-187
-230
-239
-218
-248
-227
-219
-213
-192
-183
-182
-145
-164
-136
-102
-128
-122
-127
-126
-137
-108
-92
-121
-130
-88
-62
-15
40
63
87
98
87
91
106
86
77
86
98
110
108
124
129
76
67
63
102
124
147
152
177
160
192
214
197
194
190
172
154
193
170
125
123
108
150
181
208
245
215
215
167
86
34
50
-13
-15
80
181
317
382
365
369
280
117
30
-49
-174
-267
-152
-63
58
201
298
356
345
317
265
240
140
87
55
77
223
259
126
67
92
115
6
37
111
135
232
497
629
539
471
344
158
53
-94
-276
-366
-334
-199
-22
294
547
635
653
691
679
639
503
401
354
221
-359
-1723
-3092
-3640
-3808
-4245
-4357
-3262
-1220
1011
3374
5475
6522
6307
5240
3575
1241
-1501
-4160
-6226
-7217
-6775
-5181
-3011
-741
1238
2770
3589
3842
3443
2203
572
-359
-538
-683
-783
-474
-350
-732
-1028
-1298
-1616
-1917
-1816
-1086
74
1545
2799
3484
3688
3277
2363
879
-681
-1958
-2880
-3226
-2803
-1865
-759
335
1204
1893
2226
2419
2373
2033
1708
1581
1337
978
591
-164
-1057
-1887
-2562
-2871
-3107
-2950
-1953
-572
690
2256
3704
4447
4571
4192
3284
1955
314
-1394
-2792
-3661
-3870
-3619
-2989
-2218
-1239
-171
708
1436
1978
2133
2168
2017
1343
129
-1253
-2414
-4285
-6475
-7115
-6293
-5277
-3599
-827
2383
5311
7552
8866
8531
6796
4257
1365
-1724
-4298
-5728
-6384
-6189
-4829
-2449
-126
1623
2952
3651
3339
2696
2405
2014
1480
1503
1952
1888
1710
1376
570
-1138
-2874
-3912
-4583
-4632
-3580
-1871
-234
1829
3765
4979
5351
5168
4236
2507
311
-1662
-2949
-4405
-5685
-5105
-3613
-2609
-1491
462
2317
3647
4556
4972
4776
4167
3437
2563
1285
-268
-1814
-3469
-4685
-5333
-5553
-5141
-4227
-2716
-610
1483
3614
5199
5634
5215
4433
3309
1559
-585
-2304
-3627
-4612
-4786
-4303
-3624
-2725
-1553
-432
795
1917
2596
2831
2846
2881
2426
1429
390
-525
-1395
-1901
-2044
-2174
-2102
-1363
-221
860
1552
1843
1939
1709
1384
914
230
-568
-1173
-1207
-924
-561
-361
-73
237
-190
-3109
-6915
-7869
-6765
-7058
-7692
-5335
-761
3653
7551
10867
12029
10398
7636
3818
-1118
-5565
-8555
-10698
-11904
-10158
-5339
-320
3185
5857
7379
6840
5356
4156
1878
-1306
-2663
-1670
-682
626
3157
4599
3476
1608
573
-1015
-2812
-3451
-3061
-2182
-151
3188
5925
7049
7140
6284
4129
1591
-261
-1367
-2638
-3048
-2060
-317
1497
2906
3444
2483
1116
-32
-620
-1106
-1309
-791
402
2078
4138
5365
4744
3073
870
-1672
-3907
-5167
-5930
-6179
-5022
-2653
99
2497
4097
4558
3609
2060
352
-1340
-2868
-4019
-4254
-3672
-2805
-1752
-636
-312
-747
-1360
-1493
-1376
-1481
-1203
-646
-56
682
971
-137
-1429
-2023
-2967
-3793
-3687
-3117
-2049
-779
437
2070
3041
2803
2581
2467
1908
1219
794
282
-182
-805
-1077
-888
-742
-682
-537
-301
-48
676
1671
2437
2200
-856
-5561
-7247
-6062
-6378
-8070
-7108
-3204
1370
5979
10278
12574
12051
9689
6397
2282
-1955
-5760
-9343
-12246
-12386
-8948
-4360
-796
1920
4108
4670
4655
5052
4291
1999
655
1271
2057
2999
4830
5568
3610
799
-1425
-3712
-6212
-7559
-7498
-6675
-4272
-163
4059
7222
9202
9850
8696
6585
4566
2593
265
-1995
-3011
-2767
-1839
-725
-371
-1652
-2351
-1249
-654
-1349
-754
1255
2668
4501
6760
7501
6275
4297
1814
-954
-3667
-5664
-6923
-7593
-6640
-3911
-740
1449
3211
4741
4837
4275
3764
2455
345
-1387
-1733
-2012
-2964
-3398
-3247
-3579
-3641
-2651
-1715
-1174
-46
1195
2183
2704
2593
1607
-106
-1645
-2884
-3449
-3961
-3746
-2596
-1262
281
1508
2431
2964
2871
2197
1449
963
282
-719
-1542
-2085
-2416
-2758
-2917
-2239
-1667
-1388
-1306
-3370
-6978
-7657
-5413
-5103
-6460
-4988
-634
3587
7151
10368
11625
10049
6938
3530
-798
-5566
-9050
-11535
-13173
-11759
-6425
-561
3397
6369
8673
8762
7047
5544
3519
-13
-2606
-2564
-1614
-324
2260
4496
3811
1935
1127
180
-2049
-3787
-3929
-3450
-2079
723
4241
6955
8358
8510
6882
4216
2080
366
-1877
-4201
-4684
-3350
-1632
549
2679
3596
2921
1677
1497
1204
-45
-752
-664
-338
856
2799
3087
1895
566
-1134
-2956
-3711
-3686
-3556
-2612
-428
2490
4914
6043
6267
5386
2668
-331
-2071
-3500
-5325
-6004
-4774
-3136
-1957
-556
807
1468
1562
1604
1367
1245
1635
1691
1138
476
-99
-1285
-2873
-4171
-4916
-5339
-5300
-4148
-2297
-432
1337
2994
3670
3775
3537
2351
836
-391
-1504
-2477
-2844
-2985
-3077
-3105
-2856
-2329
-2066
-2335
-3768
-6624
-8017
-6190
-4361
-4434
-3380
413
4575
7622
10122
11662
10366
6796
3021
-869
-5128
-8485
-10475
-12112
-11755
-7635
-2028
1950
4492
6830
7467
6382
5414
4563
2263
-586
-1460
-999
-546
695
2230
1763
-52
-743
-341
-596
-1133
-464
726
1420
3273
5844
7121
6784
5794
4310
2159
1031
883
29
-1546
-1965
-585
1053
2195
3286
2983
1112
726
2003
1774
545
344
612
640
1519
3039
3126
1256
-833
-2335
-3268
-4188
-4859
-4577
-3577
-1505
1445
4168
5325
5490
5016
3134
895
-785
-2687
-5160
-6391
-5970
-5486
-4747
-3388
-1910
-1013
-11
1692
2919
3044
2971
2979
2317
910
-750
-2408
-4192
-5665
-6226
-5667
-4367
-2502
-164
1778
2963
4183
4738
3808
2643
1774
624
-848
-1625
-1950
-2619
-2960
-2872
-3187
-3465
-3089
-3427
-6211
-8887
-7863
-5263
-4554
-3867
-507
3859
7128
9855
11844
11519
8769
5243
1274
-3472
-7086
-8898
-10555
-11864
-10268
-5552
-1024
1874
4227
5735
5596
4996
4431
2877
691
-47
174
151
1146
3113
3835
2100
-101
-1293
-2340
-3531
-3989
-3442
-2044
247
3141
5638
7146
7763
7529
5839
3761
2657
2103
1260
285
166
490
1172
1805
1209
-174
-671
-203
-393
-256
1558
3407
4205
5107
6214
5982
4373
2048
-887
-4123
-6335
-7241
-7632
-7156
-4970
-1539
1644
4194
6661
7634
6259
4356
2639
-73
-3308
-5210
-6116
-7078
-7050
-5220
-3590
-2895
-1807
-130
1053
1577
2091
2593
2269
1637
987
-204
-1745
-2942
-3784
-4476
-4189
-3233
-1951
-481
830
1914
2668
2683
1941
1597
1064
199
-449
-1092
-1586
-1601
-1478
-1746
-1812
-2252
-4839
-8135
-8623
-7141
-6934
-6766
-4209
96
4312
8207
11503
12976
11920
9227
5583
1063
-3545
-7399
-10643
-13001
-12532
-9040
-5023
-1674
1889
5005
6153
5923
5651
4556
2215
464
252
149
397
2079
3221
2469
1088
264
-1092
-3234
-4211
-3985
-3495
-1866
1125
4468
7040
8348
8261
6845
4938
3217
1425
-790
-2072
-1501
-329
818
2326
3535
2827
1697
1849
1375
-254
-627
326
823
2033
4368
5590
4826
3168
1211
-1472
-4120
-5850
-6950
-7419
-5985
-2714
835
3547
5776
7083
6391
4616
2429
-376
-3929
-6523
-7257
-7186
-6738
-5047
-2819
-1473
-544
876
2067
1900
1591
1659
1383
1036
904
305
-928
-1828
-2605
-3581
-3977
-3472
-2614
-1662
-441
870
2319
3157
3070
2407
1334
171
-646
-1160
-2165
-2855
-2517
-1798
-1281
-719
-1443
-4617
-7358
-7122
-6250
-6709
-5938
-2808
940
4541
8449
11837
12576
10657
7371
3060
-1673
-5801
-8913
-11451
-12830
-10962
-6305
-1811
1969
5393
7007
6339
5321
4319
2016
-662
-1857
-1862
-1852
-422
2434
3689
2743
1557
876
-263
-1579
-1923
-1861
-1647
-79
2664
4784
6127
6973
6638
4778
2635
1482
920
56
-804
-206
1523
3340
3977
3463
3213
3090
1592
-560
-1308
-1119
-1026
-597
921
3041
4237
4127
3446
2229
478
-1116
-2327
-3445
-3674
-2118
-350
1005
2745
4003
3473
1714
-207
-2363
-4586
-6219
-6858
-6696
-5484
-2999
-396
1230
1818
2548
2550
1335
-168
-1515
-2755
-3836
-3997
-3442
-2923
-2078
-1104
-870
-859
-245
256
-176
-660
-620
-770
-1110
-976
-869
-1261
-1643
-1332
-994
-1173
-784
166
194
-416
-873
-2791
-5748
-6675
-6155
-6567
-6506
-3653
810
4521
7316
10030
11496
10028
7116
3793
-614
-5377
-8277
-9607
-10454
-9237
-5539
-1872
498
3168
5368
5371
3867
2616
1226
-739
-1503
-695
-22
598
2445
4322
3883
2281
1456
343
-1563
-2593
-2088
-1507
-779
1381
3964
5323
6113
6684
6039
4244
3152
2728
1607
629
909
1742
2273
2532
3009
3186
2505
1837
1549
1143
628
961
1563
1762
2373
3123
3138
2471
1486
249
-789
-971
-832
-816
-299
1045
2516
3242
3376
3201
2103
-418
-3190
-5151
-6636
-7610
-7634
-6510
-4934
-2961
-355
1735
2570
2271
1492
592
-559
-1909
-3288
-4292
-4522
-4049
-3744
-3233
-2140
-1221
-1169
-1370
-998
-907
-1919
-2722
-2733
-2576
-2214
-1586
-995
-845
-637
-482
-547
-973
-1504
-1943
-3131
-5376
-7127
-6687
-5620
-5537
-4526
-1464
2270
5595
8210
9989
10303
8695
5919
2622
-986
-4287
-6913
-8653
-9174
-7639
-4139
-558
2021
3861
4799
4303
2938
1474
-275
-2240
-2908
-1730
76
2262
5032
7079
7128
5878
4264
2115
-598
-2761
-3869
-4549
-4110
-1962
920
3197
4968
6250
6399
5623
5192
5038
4025
2818
2506
2543
2008
2283
3378
3424
2465
1983
2143
1898
1550
2043
2423
1936
1834
2447
2576
1845
779
-29
-806
-1220
-656
204
1039
1992
3170
3644
3372
2555
949
-1394
-3988
-6125
-7611
-8080
-7245
-5645
-3926
-1749
863
2976
3848
3434
2032
392
-1319
-3273
-4838
-5734
-5986
-5498
-4493
-3202
-1462
277
1196
998
487
-92
-1091
-2716
-4270
-4916
-4943
-4744
-3853
-2316
-868
252
814
798
256
-832
-3448
-6991
-8555
-7875
-7713
-7509
-4960
-444
3979
7394
10303
11878
10630
7800
4858
1015
-3573
-6850
-8577
-9920
-9295
-5726
-1339
1408
3544
5694
6258
5201
3896
2387
-256
-2536
-2755
-1769
-470
1589
3953
5057
4981
5080
4764
3092
954
-223
-867
-1436
-983
779
2204
2750
3189
3291
2470
1509
1373
975
127
-75
837
2087
2979
3948
4957
5551
5339
4770
4301
3443
2264
1057
124
-307
-354
-208
-258
-286
-71
-152
3
723
1252
1792
2633
3501
4149
4542
4248
2744
635
-1454
-3670
-6066
-7910
-8489
-8107
-7270
-5535
-2894
-197
1841
3248
3796
3198
1865
326
-1350
-3259
-4540
-4876
-4976
-4882
-3963
-2592
-1699
-1374
-1409
-1681
-2017
-2505
-2823
-3360
-3794
-3596
-2996
-2052
-1089
-518
-190
256
206
-518
-2710
-5406
-6273
-6038
-6483
-6431
-4260
-626
2782
5706
8597
10717
10651
8768
6048
2581
-1201
-4430
-6732
-8307
-8333
-6051
-2724
172
3053
5590
6441
5900
4787
3249
1191
-754
-1541
-1755
-1229
518
2611
4087
4546
4525
3975
2671
1140
4
-953
-1640
-1353
-181
1332
2796
3933
4216
3465
2316
1541
555
-1123
-2647
-2981
-2155
-985
461
2130
3899
5038
5463
5365
4719
3158
1571
304
-960
-1594
-1189
-564
-178
83
600
1304
1405
1308
1298
1448
1674
2262
2774
2882
2755
2123
828
-550
-1760
-3093
-4544
-5424
-5555
-5371
-4894
-3817
-2488
-1375
-611
72
653
797
666
157
-408
-837
-992
-940
-1323
-2041
-2525
-2931
-3404
-3865
-4288
-4869
-5411
-5517
-4996
-4099
-3094
-1928
-864
-332
-174
-19
-298
-2196
-5474
-7260
-6689
-6142
-6007
-4374
-893
2721
5786
8232
9953
10098
8288
5501
2099
-1291
-3900
-5996
-7647
-7752
-5649
-2417
534
3112
5437
6427
6079
5091
3793
2115
563
-452
-1404
-1725
-544
1494
2586
2740
3146
3333
2939
2615
2703
2614
2000
1623
1807
2270
2864
3394
2911
1720
941
1012
1091
528
203
64
-36
216
902
1454
1933
2420
2748
3153
3623
3933
3751
2819
1830
1549
965
-263
-1026
-1209
-1466
-1372
-608
114
974
2049
3012
3628
4019
4101
3516
2199
366
-1306
-2813
-4278
-5181
-5421
-5357
-4712
-3470
-2258
-1562
-897
-255
-323
-1009
-1658
-1970
-2420
-3056
-3221
-2945
-2632
-2178
-1411
-1058
-1142
-1175
-1400
-2170
-3277
-4257
-4805
-5416
-5834
-5425
-4672
-4049
-3419
-2637
-1796
-1658
-2042
-3351
-5784
-7246
-6555
-5910
-6018
-4374
-498
3463
6171
8503
10556
10702
8304
5189
2096
-1498
-4839
-6862
-8013
-8063
-6039
-2313
1059
3412
5724
7419
7230
5729
4270
2581
701
-509
-828
-913
-214
1540
3231
3799
3703
3948
3809
2983
2435
2557
2672
2323
2434
3158
3719
4020
3695
2380
657
-106
-445
-1352
-2164
-1673
-616
-142
1160
3114
4299
4413
4538
4407
3738
3099
2339
1418
387
-185
129
280
-353
-745
-461
-477
-531
-18
1081
2177
3244
4524
5348
5868
6063
4936
2468
-64
-2298
-4396
-6376
-7557
-7516
-6826
-5909
-3988
-1403
504
1374
1489
1436
912
39
-1082
-2377
-3668
-4496
-4551
-4176
-3494
-3001
-2597
-2545
-2555
-2084
-1851
-2292
-2609
-2641
-2925
-2946
-2630
-2554
-2870
-3353
-3624
-3629
-3582
-4015
-5852
-8130
-8377
-7057
-6767
-6716
-4528
-823
2541
5275
8092
10267
10229
8165
5549
2500
-1107
-3930
-6080
-8067
-8290
-5959
-2649
162
2872
5624
6755
6257
5621
4395
2318
512
-602
-1235
-973
473
2505
3654
3946
4381
4581
4117
3320
2988
2761
2214
2175
2591
3173
4005
4357
3818
2489
1682
951
-806
-2435
-2751
-2323
-2085
-1039
825
2678
4479
5991
6387
6146
5703
4667
3215
1414
225
-289
-1221
-1954
-1682
-1198
-1202
-925
32
996
1888
3274
4913
5847
6314
6834
6608
5027
2693
566
-1607
-4258
-6271
-7214
-7584
-7311
-6170
-4399
-2217
-252
911
1457
1556
1189
156
-1324
-2484
-3263
-3747
-4052
-4041
-3849
-3678
-3701
-4050
-4296
-4630
-4781
-4709
-4539
-3993
-2986
-1866
-856
-187
199
134
-561
-1522
-2781
-4705
-7733
-10301
-10358
-9348
-8873
-7291
-3307
1248
4949
8074
10795
11957
10434
7682
4779
1204
-2380
-4842
-6567
-7793
-7319
-4671
-1691
742
3437
5720
6143
5393
4701
3692
1937
116
-680
-538
63
1371
3068
3854
3663
3494
3298
2595
1859
1931
2074
1705
1793
2641
3709
4235
4019
3419
2736
1941
848
-254
-973
-1368
-1563
-1740
-1147
615
2271
3036
3724
4625
4746
4443
4048
3319
2420
1311
172
-619
-1157
-1661
-2002
-2022
-1702
-795
298
1759
3618
5263
6143
6725
7114
6305
4560
2469
155
-2466
-4724
-6012
-6602
-6620
-5452
-3416
-1450
-159
940
1597
1145
250
-624
-1649
-2893
-3405
-3387
-3439
-3303
-2551
-1779
-1688
-2375
-2997
-3303
-4082
-4898
-5170
-5165
-5317
-4957
-3795
-2386
-1260
-349
226
119
-175
-526
-2228
-5596
-8470
-9217
-9185
-9869
-8794
-4988
-662
2903
6495
9966
11372
10209
7680
4580
595
-3117
-5483
-7200
-8179
-6999
-3724
-228
2840
5701
7539
7350
5666
3999
2035
-699
-2666
-3127
-2622
-978
1818
4689
6594
7252
7143
6350
4539
2677
1128
-317
-1494
-1575
-345
1257
2576
3263
3408
3006
2317
1554
743
-256
-919
-712
258
1194
2135
3437
4211
4240
3710
2726
1755
1153
369
-271
-494
-398
-324
-360
-386
-252
-93
85
487
1126
2269
3424
4383
5378
5846
5253
3992
2447
471
-1574
-3373
-4743
-5592
-6056
-5626
-4121
-2223
-799
261
865
720
319
-118
-847
-2039
-2695
-2727
-2849
-2776
-2101
-1486
-1584
-2085
-2411
-2539
-2983
-3388
-3684
-4108
-4442
-4319
-3838
-3447
-2953
-2224
-1691
-1263
-502
165
-63
-1694
-4609
-6563
-6415
-6768
-7903
-7257
-4230
-476
2812
5966
9108
10509
8975
6350
3459
-282
-3919
-6555
-8570
-9470
-7808
-3714
457
3576
6520
8437
7988
6183
4455
1884
-1581
-3876
-4403
-3778
-1802
1433
4711
6523
7003
7407
6871
4995
2858
856
-1048
-2579
-2445
-788
698
1886
2960
3279
2667
2034
1324
-341
-1869
-2129
-1818
-1175
478
3028
5022
5998
6413
5924
4652
2845
1054
-603
-2250
-3520
-3410
-2450
-1758
-735
664
1605
1981
2518
3087
3583
4047
4416
4549
4541
4337
3718
2828
1515
-298
-2297
-3855
-5243
-5933
-5506
-4565
-3314
-1711
-198
808
1406
1514
1301
369
-916
-2067
-2725
-3037
-3171
-2899
-2638
-2629
-2489
-2208
-2247
-2664
-3384
-4080
-4410
-4477
-4349
-3792
-2984
-2323
-1523
-878
-677
-636
-829
-1261
-2616
-5271
-7514
-7385
-6674
-7193
-6571
-3593
186
3232
5925
8546
9956
9119
6738
3789
398
-3326
-6153
-8125
-9474
-8706
-5433
-1338
1822
4808
7224
7701
6523
4895
2952
312
-1841
-2588
-2135
-693
1814
4793
6659
7150
7132
6606
4691
2394
645
-966
-2309
-2362
-737
1138
2725
3862
4264
3771
2915
2090
646
-920
-1857
-2046
-1636
-286
1757
3487
4478
5237
5460
4561
3416
2475
1069
-868
-2208
-2336
-2308
-2379
-1829
-909
-317
84
1259
2479
3141
3712
4190
4204
3946
3760
3271
2222
658
-791
-2314
-3803
-4747
-5137
-5156
-5015
-4435
-3326
-2094
-1260
-473
52
236
398
327
-38
-187
-283
-481
-924
-1791
-2314
-2598
-3152
-3829
-4189
-4288
-4518
-4692
-4604
-4077
-2810
-1916
-1493
-466
513
1009
1133
1033
751
-302
-3324
-6795
-7905
-7770
-8483
-8527
-6326
-2649
1176
4863
8219
10420
10652
8760
5752
2176
-1691
-5151
-7889
-9734
-9523
-6958
-3326
-156
2583
4855
5435
4530
3325
1710
-497
-2164
-2305
-1558
-90
2225
4904
6644
6998
6402
5311
3566
1139
-1104
-2560
-3128
-2724
-1040
1417
3605
4840
5313
5231
4467
3096
1241
-585
-1792
-2478
-2245
-915
1060
2846
4489
5996
6749
6891
6542
5714
4053
2135
630
-493
-1404
-1867
-2110
-2017
-1432
-486
821
2339
3737
4639
5478
5828
5722
5273
4596
3264
1292
-774
-2738
-4433
-5720
-6481
-6411
-5901
-5053
-3608
-1809
-360
171
537
925
508
-471
-1203
-1548
-1811
-1934
-2084
-2247
-2366
-2518
-2900
-3618
-4137
-4722
-5434
-5934
-5830
-4968
-3645
-2595
-1955
-932
-148
52
211
-23
-632
-1417
-2653
-4899
-7162
-7871
-7376
-7346
-7306
-5251
-1589
2013
4902
7283
9216
9416
7428
4656
1738
-1914
-5177
-7041
-8119
-7901
-5594
-2113
736
2823
4737
5752
4944
3118
1261
-454
-1366
-1184
-597
610
2743
5178
6757
7193
7240
6561
4635
1971
119
-828
-1455
-1458
-645
515
1648
2781
3966
4214
3621
2754
1568
403
-466
-648
-281
295
917
2382
4238
5432
5997
6100
5438
4053
2413
773
-610
-1781
-2614
-2824
-2484
-1640
-106
1486
2702
3539
4261
4908
5146
4870
4333
3627
2576
986
-879
-2606
-4175
-5428
-6233
-6400
-6073
-5184
-3722
-1907
-449
359
858
1312
891
-253
-941
-1427
-1984
-2595
-2793
-2639
-2531
-2377
-2122
-2266
-2702
-3095
-3413
-3961
-4457
-4266
-3806
-3505
-3100
-2084
-1150
-613
-434
-170
-162
-821
-1211
-1686
-3284
-5898
-7608
-7406
-6884
-6911
-5778
-2674
658
3299
5902
8303
9196
7941
5339
2506
-403
-3339
-5436
-6833
-7315
-5987
-3349
-809
1379
3543
4740
4196
2707
1412
442
-380
-808
-309
909
2693
5068
7108
8125
7996
6814
4862
2366
260
-980
-1863
-2291
-1908
-632
1210
3422
5020
5548
5123
4209
3013
1511
555
55
-534
-792
172
2147
3912
5108
5895
5975
4893
3357
1871
353
-1372
-2696
-3288
-3370
-2738
-1164
509
1468
2201
2935
3563
3704
3826
3684
3077
2245
1521
493
-979
-2297
-3671
-5036
-5936
-6269
-6153
-5381
-4259
-2886
-1656
-665
215
650
362
-397
-847
-1205
-1842
-2333
-2500
-2314
-2067
-1775
-1585
-1786
-2287
-2991
-3492
-3889
-4063
-3890
-3521
-3101
-2316
-1424
-615
129
358
98
-225
-424
-565
-499
-761
-2064
-4371
-5947
-5964
-5821
-6236
-5978
-3774
-691
2107
4967
7846
9381
8857
7064
4631
1514
-1787
-4349
-6356
-7631
-7233
-5161
-2484
-179
1994
3550
3891
3175
2171
1262
516
311
874
1990
3569
5597
7137
7595
6885
5377
3321
638
-1829
-3350
-3873
-3908
-3048
-1053
1348
3803
5768
6606
5944
4672
3317
1751
-238
-1531
-1218
-670
-250
1055
3432
5165
5214
4497
3761
2590
925
-509
-928
-1041
-1042
-604
345
1252
1861
2276
2021
1382
1034
1382
1799
1905
1980
1881
1665
913
-163
-1185
-2417
-3706
-4951
-5366
-5092
-4354
-3458
-2413
-1651
-969
-138
213
111
-162
-355
-768
-1254
-1426
-1256
-1100
-1255
-1373
-1633
-1997
-2421
-3061
-3815
-4222
-4305
-4501
-4495
-4188
-3282
-1997
-1055
-149
793
1284
1491
1671
1504
1079
344
-1054
-3194
-6098
-8070
-8186
-8056
-8097
-6845
-3632
94
3482
6678
9484
10797
9465
6905
4365
1300
-2291
-5311
-7383
-8497
-8013
-5829
-2919
-281
1894
3408
3736
3341
3109
3159
3018
3028
3591
4633
5556
6326
6879
6442
4626
2057
-271
-2336
-3678
-3984
-3492
-2567
-907
1630
4375
6411
7224
6974
5594
3573
1975
1119
418
-200
-487
97
1420
2632
3425
3660
3338
2491
1448
407
-225
-139
-151
-573
-552
112
803
1069
777
366
79
-328
-662
-550
-132
355
404
123
36
-82
-940
-2270
-3470
-4173
-4508
-4614
-4214
-3436
-2825
-2412
-1635
-740
-333
-476
-734
-1058
-1275
-1349
-1257
-1091
-1026
-1002
-1080
-1135
-1326
-1662
-2618
-3860
-4616
-4588
-4377
-4388
-3749
-2487
-1035
214
1192
2069
2590
2409
1761
1101
472
-420
-1627
-2992
-4824
-6873
-7653
-7077
-6521
-6000
-4394
-1324
2048
5127
7680
9522
10130
8825
6581
4182
1031
-2251
-4757
-6848
-8043
-7295
-5063
-2505
-100
2139
3785
4765
5288
5655
5922
5771
5218
4725
4739
4933
5026
4681
3639
1915
367
-870
-1969
-2628
-2686
-2219
-1205
596
2569
4361
5436
5348
4759
4213
3491
2372
1579
916
203
-22
299
910
1538
1865
1808
1815
1695
1226
952
879
669
367
206
99
177
405
78
-530
-1116
-1595
-2073
-1937
-1119
-463
-5
224
78
-310
-939
-1849
-2947
-3895
-4491
-4613
-4301
-3831
-3189
-2266
-1607
-1285
-1078
-993
-1133
-1513
-1698
-1762
-1606
-1085
-688
-629
-636
-772
-1340
-2434
-3664
-4505
-5049
-5899
-6197
-5326
-3946
-2672
-1355
55
1129
2058
2422
2172
1619
804
-434
-1652
-2655
-3271
-3581
-4325
-5761
-6521
-5817
-5036
-4417
-3238
-907
2020
4678
6934
8842
9848
9130
7135
4538
1566
-1643
-4371
-6409
-7688
-7336
-5192
-2250
506
3104
5340
6811
7426
7430
7060
6225
4980
3846
3205
2887
2883
2881
2255
1275
441
-118
-594
-822
-578
104
1031
2322
3526
4220
5045
5801
5298
4237
3709
3259
2366
1585
1355
1195
1099
1277
1700
2051
2150
2067
1906
1537
1072
1025
1098
570
266
538
213
-699
-1399
-1973
-2840
-3356
-3043
-2661
-2218
-1430
-711
-491
-591
-702
-1309
-2291
-3410
-4130
-4270
-4208
-4062
-3675
-3283
-2916
-2429
-2145
-2321
-2487
-2448
-2447
-2439
-2161
-1399
-936
-998
-1191
-1474
-2178
-3065
-3981
-4937
-5706
-5762
-5303
-4663
-3543
-2225
-792
391
1257
2009
2225
1884
1030
90
-551
-1417
-2129
-2240
-2266
-2521
-3189
-4204
-4850
-4584
-3988
-3568
-2413
-7
2793
5420
7548
9148
9675
8721
6655
4062
899
-2433
-5030
-6435
-6811
-6010
-3600
-500
2414
4788
6818
8002
7887
6939
5660
4261
3059
2342
1981
1878
2114
2521
2780
2484
1966
1448
1018
448
40
546
1374
2139
2518
2949
3863
4542
4053
3321
2986
2729
2332
2044
1891
1885
2178
2180
1933
1790
1794
1381
850
377
263
516
375
-29
-199
-437
-981
-1645
-2089
-2677
-3004
-2896
-2854
-2915
-2469
-1639
-1384
-1524
-1628
-1600
-1814
-2143
-2613
-2700
-2756
-3215
-3424
-3400
-3391
-3385
-3225
-3163
-3029
-2740
-2363
-1982
-1576
-1162
-884
-955
-1376
-1766
-2323
-3176
-4062
-4707
-4943
-4665
-4172
-3616
-2669
-1654
-969
-200
269
234
35
-68
-318
-737
-731
-652
-624
-642
-568
-467
-799
-1652
-2772
-3662
-3934
-3695
-3135
-1989
-37
2394
4882
6888
8321
9139
8726
6844
4327
1834
-791
-3046
-4351
-4692
-4008
-2213
207
2538
4487
5956
6503
6132
5084
4063
3086
1957
1278
1280
1754
2238
2790
3277
3439
2865
2075
1421
656
19
-490
-691
-276
663
1359
2188
3147
3730
3988
3982
3716
3386
2986
1957
1202
828
329
15
-79
91
316
514
691
990
1063
738
303
-87
-552
-1057
-1464
-1922
-2334
-2758
-2927
-2811
-2916
-2862
-2399
-1895
-1647
-1284
-757
-513
-713
-1186
-1520
-1807
-2303
-2797
-3166
-3400
-3414
-3382
-3147
-2796
-2431
-2022
-1777
-1560
-1376
-1307
-1448
-1853
-2323
-2528
-2733
-3013
-3416
-3648
-3466
-3339
-3126
-2821
-2440
-1993
-1742
-1460
-827
-76
246
657
942
885
722
480
106
-551
-1447
-2549
-3528
-4116
-4055
-3442
-2493
-1245
576
2734
4857
6617
7846
8104
7316
5756
3887
1795
-381
-2048
-3056
-3337
-2739
-1419
165
2011
3506
4388
4810
4759
4374
3562
2688
2178
1931
1746
1732
2143
2672
2951
3102
3021
2555
2040
1271
208
-536
-454
82
469
923
1955
3082
3718
4057
4333
4245
3689
2917
2242
1629
983
592
312
29
174
743
1012
899
888
774
306
-241
-638
-1057
-1668
-2238
-2485
-2579
-2705
-2577
-2420
-2401
-2219
-1617
-951
-694
-621
-696
-998
-1572
-2190
-2644
-3397
-4023
-4058
-3802
-3447
-3079
-2748
-2452
-2312
-2242
-2189
-2335
-2396
-2498
-2725
-2728
-2455
-2204
-2141
-2390
-2709
-2843
-3071
-3555
-3688
-3511
-3394
-3070
-2326
-1356
-410
414
1283
1715
1735
1825
1635
940
-154
-1113
-1855
-2482
-2971
-3342
-3254
-2577
-1501
-146
1232
2621
4215
5469
6024
6458
6772
6150
4774
3219
1858
660
-514
-1211
-1519
-1484
-752
387
1520
2606
3454
4019
4036
3780
3604
3471
3112
2435
2145
2096
2082
2113
2089
2007
1727
1061
257
-215
-50
60
-346
-112
1167
2359
3168
4008
4502
4426
4027
3269
2455
1871
1041
76
-326
-496
-212
625
1138
1178
1151
1006
524
-1
-551
-1290
-1984
-2650
-3018
-3154
-2948
-2622
-2461
-2372
-2007
-1500
-1012
-576
-466
-485
-659
-1122
-1587
-2125
-2868
-3661
-4273
-4520
-4413
-3992
-3529
-3117
-2512
-1861
-1418
-1198
-1056
-1127
-1489
-1756
-1899
-2015
-2101
-2328
-2713
-2883
-3155
-3581
-3878
-3910
-3903
-3581
-2878
-1998
-852
214
1002
1713
2211
2058
1663
1099
464
-206
-1016
-1483
-1740
-1976
-2016
-1883
-1543
-1246
-648
223
1026
1851
2702
3713
4453
5021
5413
5335
4764
3914
2982
1892
791
-10
-519
-941
-1071
-629
247
1130
1941
2697
3309
3695
3919
3931
3876
3745
3378
2833
2508
2683
2698
2399
2262
2307
2111
1676
1458
1463
1281
1144
1287
1565
2004
2304
2573
2697
2440
2213
2346
2254
1948
1949
2097
2045
1836
1804
1639
1228
317
-560
-1327
-2198
-2788
-3168
-3501
-3635
-3300
-2677
-2032
-1421
-664
-90
225
80
-206
-669
-1427
-2351
-3135
-3775
-4379
-4555
-4545
-4296
-3842
-3480
-3380
-3338
-3182
-3151
-3213
-3279
-3163
-3019
-2802
-2743
-2557
-2411
-2402
-2571
-2946
-3368
-3748
-3883
-4104
-4095
-3841
-3460
-2875
-2071
-1235
-423
34
251
342
214
9
-222
-460
-683
-711
-503
-423
-276
-192
-77
0
-14
49
384
884
1446
2353
3266
3852
4214
4429
4367
4054
3506
2755
2058
1558
1290
1433
1771
2145
2466
2682
2877
2944
2986
3085
3089
2880
2830
3029
3162
3276
3420
3385
3297
3086
2843
2736
2650
2440
2088
1726
1455
1297
1343
1279
1207
1242
1347
1778
2199
2571
2856
3008
2963
2841
2755
2424
1941
1328
728
259
-61
-385
-719
-976
-1225
-1554
-2064
-2410
-2651
-2906
-3061
-3102
-2808
-2221
-1568
-1077
-523
-384
-570
-890
-1494
-2290
-3110
-3856
-4683
-5146
-5271
-5219
-5060
-4816
-4547
-4138
-3721
-3489
-3100
-2729
-2583
-2578
-2514
-2458
-2535
-2654
-2711
-2814
-3089
-3313
-3663
-3810
-3702
-3757
-3688
-3483
-3111
-2601
-1973
-1472
-803
-150
259
579
887
1197
1069
905
641
365
338
258
391
740
1044
1362
1607
1909
2405
2650
2550
2567
2708
2787
2821
2962
3096
3283
3341
3188
3104
3231
3307
3151
2830
2599
2626
2625
2434
2333
2367
2480
2426
2520
2743
2876
3059
3265
3181
3027
3044
2941
2652
2338
2011
1723
1623
1463
1269
1274
1278
1157
1174
1278
1445
1747
1929
2010
2109
2120
2181
1960
1603
1269
783
450
229
-29
-213
-521
-843
-1120
-1261
-1342
-1639
-2026
-2333
-2493
-2555
-2556
-2397
-2236
-2187
-2138
-1968
-1823
-1889
-2149
-2549
-3111
-3555
-3763
-3935
-4241
-4484
-4474
-4415
-4287
-4061
-3744
-3584
-3510
-3406
-3206
-2941
-2829
-2692
-2693
-2742
-2624
-2541
-2681
-2848
-2983
-3171
-3367
-3365
-3034
-2703
-2428
-2076
-1428
-920
-427
77
516
874
1126
1516
1805
1940
1991
2005
1888
1629
1502
1489
1221
1060
1058
1250
1540
1890
2384
2864
3276
3625
3939
4122
4116
3828
3371
3027
2587
2180
2002
1845
1675
1627
1733
1960
2240
2373
2549
2821
2923
2916
2932
2991
2944
2690
2436
2114
1746
1400
1174
938
771
721
753
1008
1326
1680
1939
2102
2118
1983
1602
1177
799
449
99
-279
-297
-254
-210
-151
142
250
114
137
-89
-358
-613
-1020
-1422
-1840
-2102
-2366
-2553
-2606
-2664
-2700
-2769
-2894
-3176
-3331
-3428
-3458
-3366
-3263
-3050
-2632
-2227
-2026
-1978
-2205
-2740
-3362
-3952
-4449
-4749
-4842
-4690
-4353
-3799
-3079
-2332
-1765
-1389
-1316
-1248
-1192
-1266
-1361
-1443
-1446
-1446
-1382
-1265
-1108
-1045
-835
-549
-213
285
836
1336
1605
1943
2163
2130
1958
1735
1602
1577
1581
1650
1912
2023
2158
2344
2406
2501
2694
2819
2907
2987
3104
3311
3328
3209
3028
2947
2767
2487
2212
2031
1842
1666
1658
1796
2217
2544
2745
2945
3066
3036
2798
2357
1944
1516
1015
684
422
313
320
320
192
77
84
2
-190
-427
-468
-369
-190
53
262
524
685
533
272
-64
-480
-902
-1275
-1590
-1707
-1603
-1380
-1113
-978
-799
-818
-919
-1027
-1233
-1388
-1505
-1637
-1726
-1742
-1767
-1675
-1718
-1933
-2198
-2292
-2414
-2635
-2670
-2511
-2262
-2026
-1818
-1466
-1239
-1337
-1551
-1843
-2243
-2677
-2992
-3175
-3096
-2974
-2741
-2318
-1886
-1619
-1364
-1200
-1218
-1093
-909
-653
-469
-394
-226
-134
-133
-179
-180
-181
-386
-322
-9
473
974
1354
1753
2011
2148
2034
1902
1679
1393
1252
1327
1453
1798
2231
2650
3033
3342
3645
3690
3618
3362
3014
2610
2260
1984
1902
1805
1776
1824
1836
1880
1808
1871
1908
1755
1561
1577
1721
1687
1661
1741
1759
1424
958
555
153
-199
-589
-780
-914
-856
-632
-446
-364
-456
-510
-706
-867
-907
-886
-828
-680
-420
-93
181
294
392
217
-273
-632
-899
-1254
-1429
-1256
-1094
-902
-618
-278
-223
-354
-440
-735
-1037
-1219
-1355
-1379
-1424
-1484
-1389
-1385
-1469
-1580
-1758
-1944
-2190
-2210
-2087
-1998
-1851
-1716
-1648
-1567
-1521
-1549
-1683
-1763
-1830
-1920
-1872
-1837
-1686
-1540
-1486
-1500
-1494
-1702
-1917
-1951
-1930
-1673
-1232
-799
-256
330
869
1229
1394
1413
1116
724
334
62
-125
-217
-100
147
396
714
873
955
975
927
985
1061
1172
1376
1763
2336
2782
3191
3623
3755
3695
3361
2811
2322
1692
985
386
87
157
303
659
1110
1632
2087
2310
2446
2439
2235
1852
1492
1260
1077
942
812
673
559
438
265
178
88
-49
-108
-27
137
172
262
253
131
48
60
23
-6
19
-1
79
257
327
376
382
175
26
-139
-313
-387
-480
-536
-541
-548
-553
-548
-519
-566
-653
-726
-880
-1052
-1137
-1246
-1369
-1508
-1703
-1806
-1963
-2103
-2101
-2008
-1929
-1836
-1764
-1711
-1813
-2018
-2173
-2339
-2410
-2486
-2458
-2258
-2039
-1687
-1426
-1254
-1209
-1321
-1467
-1739
-1971
-2153
-2307
-2352
-2100
-1637
-1013
-373
360
1025
1417
1655
1734
1621
1256
906
484
112
-175
-151
-33
65
353
625
947
1049
1120
1247
1251
1288
1595
1828
2160
2596
2943
3253
3444
3520
3440
3158
2588
2039
1454
988
605
353
303
463
825
1357
1801
2229
2451
2407
2286
2065
1839
1509
1203
942
694
431
227
-1
-233
-451
-577
-646
-783
-989
-911
-705
-531
-338
74
451
813
1107
1116
905
546
51
-429
-863
-1218
-1477
-1445
-1177
-930
-596
-304
-120
-143
-364
-539
-719
-976
-1210
-1400
-1329
-1054
-946
-862
-741
-825
-984
-1192
-1465
-1845
-2093
-2214
-2185
-1927
-1575
-1229
-936
-793
-646
-589
-770
-1022
-1286
-1485
-1544
-1517
-1406
-1227
-1060
-985
-925
-1020
-1104
-1192
-1346
-1412
-1398
-1235
-1048
-753
-331
77
355
648
1013
1200
1272
1312
1207
944
603
396
227
5
-157
-130
-152
-11
194
358
587
644
681
785
773
745
833
1034
1249
1471
1755
1960
2101
2225
2019
1628
1314
864
577
333
135
132
251
504
811
1168
1574
1870
1975
2030
1910
1734
1495
1040
712
529
346
204
115
89
124
7
-90
-101
-167
-258
-246
-214
-119
101
305
488
514
537
460
245
-70
-245
-373
-509
-594
-567
-327
-174
-117
61
151
55
-19
-147
-227
-246
-228
-171
-128
54
261
298
159
-131
-595
-1122
-1655
-2122
-2355
-2370
-2166
-1844
-1362
-809
-196
214
338
300
55
-301
-754
-1117
-1387
-1720
-1881
-1970
-1867
-1665
-1527
-1337
-1326
-1397
-1348
-1240
-1172
-1019
-740
-408
-142
288
668
989
1107
1066
1004
779
442
218
12
-342
-492
-674
-701
-623
-468
-213
18
149
304
477
496
492
516
640
688
769
962
1219
1397
1522
1653
1760
1729
1630
1457
1131
967
850
632
577
536
535
728
776
848
924
1013
1072
1036
1098
1111
1143
946
826
712
529
289
23
-210
-534
-773
-962
-1022
-1005
-833
-648
-394
-39
338
607
678
545
420
335
106
-140
-326
-429
-461
-527
-544
-458
-429
-530
-576
-474
-431
-286
-101
106
206
306
335
205
3
-271
-645
-1083
-1395
-1666
-1701
-1684
-1545
-1298
-1003
-637
-286
54
388
612
634
560
438
196
-150
-540
-891
-1144
-1356
-1539
-1525
-1408
-1259
-974
-676
-415
-103
239
494
598
663
705
742
678
646
641
589
544
463
393
187
30
-117
-298
-428
-470
-417
-254
-143
34
200
248
230
102
-68
-199
-385
-452
-317
-180
19
325
659
896
1074
1196
1186
1059
919
775
439
176
-4
-138
-101
-120
15
212
405
481
593
880
1058
1207
1220
1242
1138
956
691
390
41
-272
-477
-639
-626
-456
-274
-132
79
265
476
595
658
726
648
566
467
302
221
159
29
-139
-213
-284
-272
-216
-188
-113
-83
-28
118
246
276
294
262
209
75
-98
-291
-525
-599
-699
-829
-982
-1010
-1089
-1114
-1081
-963
-723
-538
-371
-202
-46
38
60
-17
-216
-502
-810
-1152
-1427
-1666
-1701
-1761
-1709
-1576
-1316
-942
-683
-338
-141
29
115
71
36
-39
-149
-308
-381
-414
-345
-270
-118
-53
68
166
124
123
57
97
139
183
190
257
403
490
458
412
418
337
276
323
390
590
795
1039
1274
1422
1531
1625
1581
1452
1357
1182
937
669
489
431
353
316
492
612
815
1063
1284
1450
1465
1439
1309
1056
770
529
248
-83
-279
-394
-407
-375
-338
-186
-117
-77
3
119
177
229
226
253
204
207
253
193
142
52
-174
-322
-394
-529
-691
-820
-772
-767
-628
-400
-188
47
169
141
56
-47
-265
-524
-835
-1084
-1309
-1357
-1350
-1352
-1278
-1185
-1054
-984
-869
-632
-454
-316
-341
-297
-322
-469
-611
-879
-1226
-1517
-1667
-1739
-1637
-1517
-1280
-951
-660
-391
-97
145
269
222
149
-1
-85
-196
-276
-357
-414
-285
-239
-180
-117
-153
-194
-358
-454
-579
-648
-639
-557
-430
-324
-98
28
184
297
369
462
495
463
531
630
640
778
971
1063
1251
1426
1491
1567
1644
1584
1533
1403
1184
1073
1009
971
980
1102
1310
1556
1807
2051
2275
2449
2385
2217
1961
1749
1457
1080
851
640
473
324
325
376
384
459
522
619
609
682
761
773
700
638
576
414
215
-64
-267
-609
-880
-1032
-1212
-1303
-1376
-1354
-1357
-1257
-1054
-994
-966
-912
-899
-926
-1040
-1146
-1353
-1684
-1865
-2010
-2114
-2092
-2039
-1990
-1952
-1769
-1542
-1445
-1283
-1162
-1144
-1108
-1057
-1000
-940
-1040
-1174
-1205
-1334
-1457
-1452
-1471
-1440
-1341
-1225
-957
-717
-468
-227
-29
113
247
284
319
357
205
139
50
-23
-77
32
194
288
459
576
656
703
680
650
580
575
552
621
750
801
929
1075
1231
1363
1394
1463
1425
1489
1581
1629
1690
1811
1974
2029
2039
2013
1929
1752
1504
1225
1027
870
804
727
696
804
961
1170
1307
1443
1543
1560
1453
1293
1171
971
700
390
104
-122
-227
-381
-407
-410
-417
-356
-271
-147
4
203
281
365
399
426
312
69
-173
-517
-812
-1003
-1151
-1198
-1216
-1291
-1305
-1243
-1178
-1081
-947
-927
-878
-778
-649
-587
-637
-711
-858
-1042
-1302
-1478
-1547
-1726
-1845
-1876
-1865
-1749
-1555
-1325
-1145
-1071
-951
-939
-948
-975
-1048
-1146
-1349
-1422
-1461
-1492
-1534
-1539
-1464
-1412
-1244
-1092
-863
-630
-434
-234
-132
-65
-15
-26
-141
-246
-285
-273
-260
-212
-158
-7
194
316
479
644
748
854
924
922
903
934
870
864
951
1073
1148
1291
1410
1389
1453
1520
1630
1799
1946
2087
2165
2193
2265
2168
2026
1848
1560
1296
1120
1030
963
1027
1037
1091
1209
1413
1581
1756
1790
1772
1712
1518
1334
1008
748
465
189
2
-162
-249
-370
-451
-477
-515
-456
-426
-351
-298
-232
-151
-96
-125
-251
-383
-656
-867
-1139
-1370
-1555
-1749
-1857
-1901
-1926
-1862
-1769
-1707
-1549
-1385
-1264
-1121
-1029
-889
-805
-798
-784
-895
-1075
-1269
-1352
-1427
-1485
-1545
-1488
-1373
-1217
-1002
-801
-576
-434
-310
-146
-35
22
18
-38
-96
-186
-193
-190
-211
-199
-166
-139
-11
47
130
263
374
503
556
687
744
745
718
624
520
338
305
238
264
374
379
486
607
674
659
629
525
434
314
323
361
353
434
526
496
551
573
559
632
728
864
1049
1142
1227
1257
1228
1198
1074
959
776
574
390
276
156
83
69
136
221
390
611
860
1008
1086
1167
999
846
603
371
92
-168
-339
-490
-549
-608
-605
-560
-531
-447
-359
-292
-101
-39
69
131
95
62
-25
-184
-351
-532
-785
-931
-1071
-1227
-1265
-1289
-1241
-1164
-1097
-880
-687
-565
-388
-242
-170
-90
-46
-177
-308
-420
-640
-801
-954
-1081
-1174
-1169
-1183
-1103
-975
-907
-795
-741
-629
-542
-469
-500
-469
-493
-539
-548
-589
-578
-517
-450
-368
-230
-186
-81
1
73
200
319
460
467
519
552
580
495
384
327
228
201
210
327
484
604
737
875
981
1093
1153
1199
1141
1079
1033
957
903
867
892
946
1061
1129
1189
1287
1331
1349
1329
1307
1325
1368
1313
1244
1185
1066
962
810
651
461
263
184
63
50
128
197
301
460
601
682
685
564
406
109
-205
-496
-775
-961
-1130
-1236
-1207
-1128
-1083
-1132
-1102
-1085
-992
-909
-861
-808
-794
-810
-944
-1037
-1190
-1276
-1427
-1588
-1650
-1706
-1642
-1560
-1425
-1333
-1219
-1056
-929
-752
-594
-512
-401
-399
-419
-442
-508
-566
-660
-715
-765
-748
-670
-603
-489
-408
-351
-226
-9
120
194
263
292
353
352
333
220
117
23
-87
-70
-44
25
136
214
270
391
521
682
769
776
861
851
806
804
684
648
502
351
393
419
475
555
723
844
963
1089
1154
1136
1050
902
777
668
610
609
600
652
653
763
904
896
971
992
979
1029
939
921
909
828
747
658
603
551
495
393
282
271
221
208
243
286
403
529
637
801
929
921
815
554
322
71
-245
-486
-570
-649
-682
-658
-556
-457
-474
-553
-707
-692
-789
-829
-811
-867
-918
-976
-1095
-1253
-1300
-1461
-1561
-1651
-1732
-1704
-1642
-1574
-1511
-1343
-1175
-1047
-924
-837
-828
-812
-824
-920
-942
-1032
-1010
-1021
-1015
-937
-926
-862
-789
-705
-654
-559
-503
-462
-349
-186
-170
-147
-151
-198
-150
-204
-201
-169
-143
-36
67
224
407
534
622
650
724
773
844
951
934
934
1010
1075
1071
1096
990
906
847
810
872
903
978
1025
1111
1187
1169
1174
1188
1129
1070
1005
941
918
910
849
865
860
877
975
946
993
978
948
955
935
909
917
904
855
835
838
827
730
578
452
326
215
138
122
176
300
401
396
467
481
400
284
89
-185
-398
-645
-901
-1042
-1170
-1227
-1246
-1147
-1058
-994
-966
-928
-987
-999
-1131
-1250
-1284
-1334
-1340
-1343
-1361
-1412
-1459
-1606
-1673
-1690
-1700
-1548
-1410
-1273
-1113
-946
-774
-786
-749
-743
-771
-787
-760
-736
-705
-671
-694
-655
-637
-527
-411
-311
-195
-144
-82
-18
12
32
54
47
45
67
64
109
119
122
167
143
130
174
215
250
321
360
414
457
453
487
522
555
619
615
649
690
699
742
787
774
778
803
778
793
796
889
979
1057
1088
1086
1035
996
1019
977
977
998
1002
1020
1073
1095
1090
1059
945
855
791
795
819
874
897
888
894
798
737
676
596
527
476
490
475
494
542
545
487
422
368
278
205
94
-69
-242
-399
-491
-633
-659
-755
-810
-811
-893
-931
-985
-1008
-1078
-1092
-1134
-1127
-1122
-1128
-1170
-1242
-1268
-1309
-1263
-1299
-1348
-1313
-1291
-1300
-1265
-1207
-1150
-1116
-1088
-958
-976
-850
-738
-726
-691
-676
-641
-603
-548
-556
-503
-465
-430
-319
-254
-220
-180
-151
-148
-179
-98
-31
125
274
346
420
429
490
500
516
523
501
483
399
391
374
415
418
463
516
543
647
747
851
884
965
961
931
932
825
780
731
660
612
607
689
632
649
596
495
429
338
295
235
277
367
346
341
336
321
309
267
299
279
268
323
373
370
360
321
248
185
122
61
32
4
52
58
96
198
256
288
279
260
156
147
122
114
135
88
26
-47
-117
-202
-288
-391
-511
-634
-724
-708
-765
-840
-909
-942
-961
-1006
-948
-956
-884
-862
-810
-768
-750
-703
-691
-665
-726
-725
-726
-741
-727
-761
-727
-692
-626
-483
-447
-422
-361
-292
-183
-115
-54
23
47
59
142
124
172
136
71
42
55
48
1
51
82
176
211
281
293
314
317
328
371
394
413
453
466
473
531
560
608
599
636
653
646
640
649
719
675
698
631
505
513
386
283
204
103
121
75
103
170
250
309
351
308
229
255
249
266
279
263
234
259
262
207
141
149
164
194
239
239
273
251
209
177
94
51
79
79
88
84
68
82
30
5
-90
-160
-178
-219
-189
-147
-71
8
18
-42
-107
-215
-298
-373
-498
-581
-658
-751
-773
-727
-734
-744
-741
-742
-691
-617
-550
-532
-543
-512
-487
-433
-394
-376
-342
-367
-411
-494
-513
-499
-465
-392
-300
-201
-112
-30
35
33
3
54
51
67
136
160
209
207
245
291
214
172
122
87
115
173
208
278
309
377
440
438
404
413
361
285
306
345
376
403
474
464
465
525
531
542
506
433
434
296
214
176
101
79
75
40
19
20
-6
-43
-98
-133
-144
-162
-101
-59
-23
62
8
34
90
65
108
91
77
65
110
150
163
205
242
293
288
307
317
348
300
260
308
280
274
265
243
216
212
139
119
131
30
3
-2
-49
-15
38
23
20
-28
-166
-300
-450
-533
-650
-716
-747
-778
-738
-706
-714
-684
-678
-711
-737
-769
-720
-712
-677
-652
-675
-701
-691
-739
-787
-846
-838
-799
-762
-653
-614
-531
-431
-331
-273
-249
-170
-154
-189
-208
-230
-285
-255
-323
-315
-242
-195
-79
36
119
160
192
212
148
123
83
93
148
173
212
259
301
356
368
382
410
450
571
666
729
848
871
897
919
917
938
864
790
731
659
619
648
672
680
705
730
675
720
759
755
794
746
705
654
625
516
538
546
479
502
529
510
539
580
522
465
490
508
544
592
584
549
513
427
319
244
153
111
58
4
39
65
65
91
43
-18
-70
-188
-227
-268
-374
-428
-527
-646
-762
-848
-946
-998
-1004
-1067
-1048
-1037
-1029
-1039
-1116
-1150
-1164
-1153
-1165
-1161
-1122
-1061
-993
-916
-914
-905
-893
-948
-935
-956
-897
-886
-881
-846
-883
-838
-818
-785
-690
-615
-537
-438
-337
-251
-192
-160
-159
-180
-186
-183
-183
-106
-65
10
90
190
227
206
215
242
244
280
335
403
483
590
716
768
813
832
849
814
863
827
833
818
801
821
810
777
722
699
644
592
521
552
595
671
746
786
759
763
710
678
603
550
540
512
537
506
554
587
675
691
699
726
741
757
772
756
783
765
782
801
735
661
597
502
350
265
181
184
165
131
123
112
63
43
28
-47
-99
-154
-229
-340
-456
-547
-615
-707
-730
-818
-898
-878
-963
-975
-1027
-1071
-1090
-1073
-1074
-1110
-1153
-1129
-1151
-1117
-1109
-1189
-1103
-1107
-1050
-1000
-954
-961
-999
-1051
-1096
-1085
-1114
-1100
-1062
-988
-843
-712
-613
-511
-468
-420
-345
-290
-196
-144
-89
-8
62
106
129
169
129
144
178
220
279
340
329
321
380
420
498
574
665
692
748
784
779
795
748
734
745
805
836
833
809
779
750
699
663
583
601
544
562
587
579
607
629
674
660
687
653
612
638
642
596
600
553
519
447
368
333
300
236
199
128
107
103
87
82
78
109
121
169
189
148
92
14
-86
-177
-261
-318
-298
-259
-195
-76
-75
-60
-53
-139
-232
-288
-435
-531
-591
-605
-601
-572
-563
-586
-615
-635
-608
-644
-620
-597
-571
-550
-585
-603
-567
-585
-594
-585
-600
-575
-535
-522
-468
-403
-358
-342
-336
-326
-333
-306
-276
-263
-199
-116
-14
-8
25
68
-5
56
48
39
14
58
62
65
122
94
109
88
69
76
51
12
49
38
125
105
164
193
239
282
238
325
299
324
340
336
325
392
376
356
317
280
248
256
208
181
159
172
190
236
332
368
475
492
527
529
507
479
390
389
328
344
385
409
429
456
467
425
352
319
326
305
376
379
390
407
424
414
341
276
183
134
46
-63
-54
-65
-79
-92
-131
-136
-160
-208
-246
-254
-295
-327
-417
-542
-603
-727
-847
-944
-1017
-1045
-1033
-1004
-946
-908
-868
-831
-832
-867
-895
-895
-939
-917
-887
-822
-764
-764
-704
-679
-589
-569
-514
-436
-390
-273
-218
-103
-11
128
210
251
279
282
320
366
361
431
481
575
687
784
900
949
964
976
935
926
905
902
857
807
772
742
708
707
790
766
833
819
837
849
804
814
704
647
552
537
464
399
342
232
196
160
136
104
87
36
10
0
-39
-58
-75
-188
-203
-206
-202
-244
-255
-277
-331
-359
-448
-486
-516
-517
-471
-420
-368
-328
-343
-327
-400
-430
-502
-526
-539
-559
-595
-623
-615
-636
-621
-633
-577
-554
-525
-479
-447
-434
-370
-340
-348
-302
-288
-278
-316
-332
-351
-325
-305
-289
-186
-97
-12
53
58
80
61
60
63
21
50
40
59
67
56
44
56
69
98
139
144
196
202
219
204
175
151
174
167
144
184
184
207
211
209
164
157
145
152
188
194
231
251
269
289
268
234
166
132
71
8
-48
-90
-60
-90
-73
-22
-6
61
70
110
131
142
201
259
274
252
283
257
261
243
