SAMPLES:	6837
BITSPERSAMPLE:	16
CHANNELS:	1
SAMPLERATE:	16000
NORMALIZED:	FALSE
573
681
687
584
642
490
387
335
270
273
265
267
217
311
323
326
362
349
376
312
304
203
50
113
-68
-53
-191
-259
-261
-309
-263
-383
-346
-262
-275
-389
-418
-424
-512
-418
-546
-562
-517
-558
-542
-559
-438
-517
-474
-405
-394
-392
-351
-309
-332
-324
-355
-411
-474
-490
-459
-451
-418
-324
-296
-322
-199
-208
-295
-252
-242
-152
-125
-51
-109
-72
-59
40
-55
-77
-3
42
157
164
273
245
273
328
374
449
519
533
596
614
529
580
516
508
536
465
512
448
481
422
321
196
134
26
-82
-27
-150
-121
-139
-196
-121
-80
-95
-7
-28
-24
7
-154
-129
-248
-327
-345
-421
-485
-571
-541
-577
-489
-508
-361
-400
-450
-408
-432
-372
-441
-339
-323
-309
-311
-290
-206
-239
-74
-85
-117
20
53
92
60
111
91
230
205
263
382
406
498
579
741
782
854
767
630
612
537
449
253
177
243
214
274
322
333
428
578
570
689
667
674
622
556
492
396
419
468
439
454
474
430
502
544
455
327
368
289
153
96
67
-97
-132
-155
-174
-127
-147
-201
-326
-329
-390
-408
-388
-528
-534
-661
-701
-680
-705
-583
-732
-619
-617
-641
-652
-791
-800
-745
-833
-836
-770
-738
-767
-688
-651
-705
-533
-554
-473
-429
-416
-256
-304
-251
-285
-326
-201
-232
-213
-105
-16
30
33
46
-30
-6
-49
-37
46
84
266
263
309
330
314
346
220
297
340
301
256
270
277
348
323
383
401
393
427
404
362
305
339
183
196
149
159
264
180
188
192
173
148
101
127
70
108
150
91
138
132
120
76
159
184
218
181
179
207
165
196
246
270
155
222
315
275
260
314
334
310
300
379
353
387
328
269
333
273
286
297
233
192
14
-15
-128
-207
-213
-222
-108
-158
-113
-89
-83
-136
-114
-66
-101
-24
-16
39
110
228
166
117
48
86
83
217
193
104
128
18
-36
-205
-319
-307
-382
-447
-327
-422
-352
-295
-423
-423
-467
-521
-437
-499
-464
-470
-478
-515
-539
-576
-667
-473
-494
-528
-367
-281
-282
-240
-325
-410
-397
-426
-325
-297
-312
-312
-289
-255
-351
-332
-248
-252
-176
-249
-195
-79
-58
-67
-51
-5
-38
112
155
235
286
183
166
156
106
88
176
167
302
439
499
516
575
565
553
549
574
565
588
611
614
692
617
621
472
462
428
454
263
145
126
33
65
-39
-80
-92
-67
-117
-104
-138
-127
-138
-185
-99
-124
-152
-14
32
-51
-48
140
157
160
174
146
20
-4
112
-20
-48
-30
-11
-38
-16
12
63
15
76
97
64
137
141
88
72
112
-2
-13
-166
-369
-263
-340
-316
-304
-172
-129
-27
10
-37
33
-149
-99
-114
-70
0
-53
-76
-136
-172
-147
-179
-90
-16
-69
103
76
55
-10
7
47
-45
-15
-98
-157
-246
-187
-290
-324
-256
-339
-265
-855
-2679
-2846
-1145
-464
-546
170
412
-450
-266
897
1724
1282
424
134
544
1314
1846
1820
1175
361
-47
207
913
705
-173
-652
-583
-160
242
471
507
415
203
816
1369
529
-434
-1004
-1788
-2450
-2511
-2578
-2834
-2388
-976
207
804
1152
1365
1708
1889
2032
2079
1777
958
599
1059
1310
1280
1038
643
301
172
400
527
51
-394
-459
-558
-408
-183
-309
-549
-604
-309
399
998
1352
1583
1302
837
631
204
-260
-470
-793
-852
-758
-674
-551
-595
-522
-367
-150
-161
162
386
434
444
319
413
484
365
122
107
-293
-974
-1091
-1128
-1556
-1705
-1620
-1632
-1760
-1530
-1064
-891
-705
-461
-229
23
307
480
551
463
389
289
258
270
127
-48
-176
-99
-141
-135
-147
-1183
-2967
-3858
-3860
-3941
-3647
-2837
-2119
-1526
-414
773
1285
1474
1291
751
835
1347
1761
1968
1945
1643
1373
1254
1127
928
628
558
811
1114
1180
1197
840
481
393
474
849
1220
1484
1480
1546
1563
1666
1860
1837
1617
1386
1009
462
76
-276
-627
-686
-665
-351
249
799
824
767
975
1071
1400
1748
1817
1638
1236
807
634
518
287
104
-92
-290
-259
-35
-402
-768
-749
-532
-371
-375
-101
66
-202
-407
-492
-537
-235
257
780
644
-545
-3332
-7078
-8558
-6617
-5003
-5315
-4924
-2808
-1381
-966
1597
4627
3933
1246
730
2171
3528
4161
3597
1642
-988
-2334
-2229
-1480
-1098
-1518
-2733
-3751
-2515
-294
188
-516
-444
105
386
1308
3091
3950
2835
1920
2269
3107
3365
2738
1757
562
-751
-1248
-1148
-1044
-806
-774
-772
-257
905
1283
802
779
1361
1869
2219
3062
3365
2824
2032
1359
845
222
-348
-1142
-1830
-2437
-2784
-3768
-5412
-5385
-3892
-2833
-1779
277
1564
1873
2642
3713
4251
4033
3502
2835
2092
1342
323
-940
-2185
-3143
-3677
-3480
-2961
-2322
-1905
-2051
-1882
-1028
-23
568
922
1637
1970
1784
1678
1540
1039
644
822
1018
730
208
-291
-1029
-1667
-1721
-1019
-519
-300
410
1478
2129
2311
2581
2333
1900
1967
2356
3011
3322
2883
2101
1218
617
-141
-606
-473
-1120
-2425
-2669
-2036
-2062
-2113
-1478
-751
-249
429
1168
1530
1839
1567
427
-1767
-5138
-7737
-7643
-6558
-6838
-7198
-5664
-4006
-3121
-1131
1928
2762
1258
775
1739
3485
5161
5852
4820
2578
596
-224
-417
-580
-815
-1611
-2735
-3036
-1560
-481
-1032
-1206
-845
-356
879
3118
4803
5228
4944
4656
4733
4936
4722
4022
3104
1727
443
-73
-456
-581
-632
-1141
-1639
-1359
-590
-203
96
1213
2454
2972
2817
2691
3268
3566
2703
1942
1832
1207
25
-471
-751
-1551
-3127
-4583
-5242
-4953
-4186
-3498
-2466
-1440
-1073
-851
-28
824
1149
1005
1358
1952
1868
1191
151
-1194
-2674
-3950
-4430
-3980
-3504
-3524
-3402
-3287
-3239
-3054
-2532
-1737
-857
66
1082
1986
2076
1688
1198
998
1147
1368
1071
677
696
195
-580
-516
-211
-509
-604
3
538
1153
2128
2386
2337
2229
1654
1486
2119
2440
2173
1827
991
-1033
-4699
-7803
-7425
-4959
-4415
-4931
-3504
-1092
-99
818
3837
6009
4416
2170
2524
4458
5545
5787
4952
2618
-208
-1905
-2498
-2631
-2683
-3193
-4479
-5382
-4156
-1969
-1682
-1994
-1116
-162
558
1871
3741
4784
4463
3458
2795
3017
3000
2298
1207
-103
-1591
-2567
-2986
-2550
-1658
-1422
-1380
-550
882
1479
1918
3151
4145
4233
4557
5632
5917
4484
2224
1253
1121
294
-317
-398
-754
-1499
-1772
-1785
-1852
-1774
-1377
-383
1168
2929
3390
3132
2945
2321
1561
1576
2118
1794
510
-804
-1819
-2662
-3745
-4656
-4807
-4362
-4073
-2995
-1838
-1722
-1916
-2113
-2247
-2280
-1787
-1391
-1227
-1168
-1781
-2917
-3301
-3297
-3354
-3137
-2911
-2327
-1473
-979
-773
-300
332
583
1025
1848
2449
2250
1581
768
683
637
354
465
443
-383
-1046
-1133
-906
-951
-1738
-4184
-7649
-8320
-5232
-2662
-2407
-1659
84
834
1250
3719
6560
6003
2734
1052
2062
3850
5005
5122
3412
534
-1687
-2100
-1383
-310
25
-1237
-2876
-2541
-682
-101
-446
170
1181
1828
2993
5037
6210
5314
3575
2682
2576
2739
3102
2811
1415
-193
-1364
-2054
-2384
-1966
-1059
-515
-10
1356
2689
3072
2833
3096
3334
3263
3875
4623
3660
1336
-103
-585
-1449
-2185
-2763
-3431
-3728
-3478
-2976
-2221
-1532
-1217
-1113
30
1703
3032
3791
3634
2644
1412
770
503
532
196
-952
-2389
-3287
-4124
-5055
-4906
-4124
-3315
-2287
-1332
-816
-398
-241
-665
-851
-387
255
941
1614
1236
95
-1166
-2267
-2080
-999
-229
304
1111
892
69
193
819
883
896
1262
1503
1702
1488
920
302
-653
-1434
-1681
-1728
-1377
-586
-629
-1308
-2165
-3246
-5732
-8482
-8458
-5551
-3810
-3950
-2944
-901
115
501
2239
4602
4197
1548
331
1438
2689
3094
2776
1390
-199
-1424
-2163
-1778
-628
-776
-2353
-3361
-2585
-980
-202
-417
27
1414
2479
3391
5103
6479
5933
4443
3896
4149
4396
4305
3657
2337
887
-440
-1658
-1992
-1580
-1315
-913
317
1987
3174
3357
3224
3531
4018
4663
5295
5086
3561
2182
1293
-43
-1025
-1270
-2124
-3441
-3398
-3017
-3263
-3548
-3594
-3129
-2142
-181
2222
3764
4124
3856
3201
2454
2114
2078
1799
1170
-16
-1258
-2607
-4154
-5153
-5231
-4560
-3544
-1910
-628
-279
-143
-230
-537
-811
-771
-96
936
873
211
-379
-1680
-3057
-3184
-2395
-1855
-1166
-791
-1236
-2001
-2136
-1506
-602
290
1462
2715
3585
3259
2743
2246
1169
-341
-835
-384
-334
-825
-1563
-2802
-5837
-9304
-9715
-6397
-3767
-3454
-2818
-256
1333
1477
3148
5838
5708
3170
1667
2200
3231
3316
2553
1153
-548
-2062
-2442
-2462
-2488
-2522
-3249
-4540
-4075
-2022
-794
-894
-509
350
728
1624
3695
6165
6931
5825
4718
4464
3811
2650
2273
2128
914
-1155
-2274
-2304
-1921
-1699
-1903
-1296
-1
1276
2395
3900
5340
5425
4955
4439
3623
3326
3648
2795
1138
-66
-1291
-2864
-3837
-3792
-3620
-4032
-4984
-4851
-3082
-1252
127
1376
2644
3013
2944
3788
4618
4262
3022
1985
971
119
-768
-1533
-2554
-3765
-4914
-5244
-4431
-3612
-2825
-1569
-520
-318
-76
331
356
444
1095
1919
2436
2360
1875
1175
399
223
33
-576
-1149
-1329
-1693
-1884
-1342
-1173
-950
-329
-48
707
1673
1529
1056
431
-364
-877
-671
-554
-1030
-2344
-5137
-8590
-9950
-7252
-4298
-3853
-3261
-757
857
1503
3562
6513
6814
3962
1562
1976
3103
2765
1866
493
-1950
-3975
-4168
-3742
-2968
-2613
-3623
-4940
-4052
-1837
-805
-372
563
1087
614
586
2107
4582
5779
5102
4804
4982
4112
2983
2490
1854
754
9
-478
-259
763
1532
1529
971
768
996
1636
3136
4999
6230
5908
4275
3289
3662
3203
2365
1975
1277
142
-846
-1255
-1452
-2533
-4903
-6386
-6050
-4526
-3084
-1007
1417
2448
1838
1473
2324
2932
2576
2279
2174
1551
276
-958
-1550
-2492
-3693
-4179
-4341
-4436
-3921
-3088
-2639
-2006
-1447
-1743
-1699
-1020
-111
824
1544
2330
2947
3136
2933
2810
2397
1188
-276
-1040
-1450
-1783
-1687
-1381
-1621
-2034
-2218
-2119
-1120
-565
-973
-1096
-616
-256
-169
309
318
-968
-4195
-8060
-9140
-6081
-3635
-3804
-3340
-1131
109
450
3025
6401
6383
3368
1421
2217
3773
3756
3093
2201
516
-1673
-2341
-2101
-2039
-2469
-3972
-5619
-4458
-1890
-720
-535
15
213
8
472
2162
4348
5460
4778
3722
3964
4344
3436
2479
1939
1173
-36
-995
-963
339
1397
1158
1328
2454
2713
2191
2602
3740
4297
4550
5001
4837
4339
3804
2368
526
-252
-238
-841
-1205
-827
-787
-2244
-4695
-5460
-4581
-3765
-3099
-1107
1321
2216
1882
2017
2381
1723
950
1206
1517
1214
826
-125
-1470
-2454
-2995
-3586
-3547
-2778
-2166
-2401
-2880
-2179
-1229
-1541
-2180
-1872
-1226
-1247
-1166
-176
633
651
877
1694
1908
2066
2199
1694
583
-51
-63
-37
-194
316
923
-217
-1740
-1875
-1752
-2766
-3062
-1834
-1194
-1456
-1197
-935
-2178
-5618
-8870
-8227
-4651
-2972
-3214
-2483
-824
-477
338
3567
6611
5845
2754
1140
1962
3104
3361
3157
1970
187
-1460
-2139
-2325
-2187
-2472
-3824
-4776
-3344
-1167
-266
-47
672
879
467
1074
3519
5666
5520
4167
3695
3929
3335
2693
2845
2661
866
-1230
-1711
-812
279
761
1061
1952
2976
3305
3439
4313
5276
5307
4958
5075
5593
6018
4631
1794
-30
-958
-1898
-1856
-530
-177
-1737
-3629
-4603
-4986
-4581
-3303
-1648
249
1816
2277
2342
2267
1511
213
-133
303
961
1302
625
-885
-2729
-4372
-5585
-5609
-4671
-3964
-3061
-2009
-1701
-2003
-1872
-1524
-1585
-1908
-1406
-609
-651
-890
-827
-809
-615
14
682
1202
1431
1386
1747
2029
2081
2319
2524
2317
2012
1610
769
-647
-2031
-2628
-2607
-2292
-1615
-863
-899
-1481
-2550
-4909
-7560
-7336
-4382
-2465
-2731
-2312
-97
1132
1654
4044
6681
5410
1904
408
1322
2376
2659
2358
1409
-750
-3386
-4140
-3382
-2839
-3105
-3557
-3550
-2568
-905
31
-6
291
326
435
1841
4585
6366
6186
5086
4101
3449
2821
2729
2802
1906
456
-750
-1101
-595
552
1640
1688
1412
1959
2818
3472
4478
5427
5277
4233
3593
4181
4985
3904
1937
469
-676
-1623
-1297
-240
-431
-2080
-4082
-5251
-5280
-4475
-2902
-856
586
840
1013
1701
2010
1231
458
584
625
271
-115
-239
-924
-3118
-5367
-6219
-6305
-6018
-4724
-2946
-2077
-2062
-2157
-2135
-1687
-1303
-1247
-837
-281
-226
-731
-1437
-1907
-1778
-1355
-1226
-559
517
1029
600
1030
2177
2856
2521
2508
2704
1757
503
-75
-181
-802
-1278
-1483
-901
-406
-918
-2717
-5659
-8348
-7576
-4294
-2471
-2084
-576
1060
655
1265
4353
6387
4592
2265
1808
2614
3348
3409
2614
1192
-1004
-2683
-2193
-1018
-1244
-2300
-3571
-4280
-3015
-1109
203
1082
1592
1398
756
1311
3715
5952
6321
6136
6224
5932
4820
3741
3098
1590
-250
-1224
-912
-5
1082
1745
1594
544
-279
308
1713
3398
4856
5899
6210
5307
3924
3662
3315
1306
-271
-474
-1003
-2039
-1986
-2371
-4051
-6017
-6386
-5415
-4466
-3164
-1036
551
467
669
1531
1566
777
510
1180
1311
383
-906
-2128
-3369
-4504
-4999
-4960
-4821
-4644
-4561
-4361
-3444
-2018
-899
-998
-871
155
338
-405
-25
513
-180
-1231
-1765
-1414
-1213
-1574
-1316
-561
-319
-227
612
1478
2101
2189
2189
2761
2930
2238
2078
2104
1180
-166
-892
-336
60
-748
-1762
-2739
-5643
-8895
-8414
-4882
-3329
-3178
-1677
1054
1875
2390
4462
6323
5033
2619
2324
3486
4184
4393
3778
1772
-921
-3016
-3403
-3294
-3406
-3692
-4326
-5489
-4979
-2955
-1592
-1181
-339
468
862
2140
4418
6260
6561
5876
5441
5322
5065
4348
3248
1663
64
-1243
-1649
-903
255
927
643
262
507
1376
2266
3464
5148
6699
7563
7307
6306
5239
4069
1941
-18
-560
-631
-1139
-2050
-2926
-3846
-5418
-6608
-6215
-4290
-2239
-236
1396
2222
2168
1395
1012
1118
860
869
1180
683
-702
-2315
-3930
-5385
-6119
-6289
-5487
-4562
-4213
-3552
-2959
-2871
-2462
-1131
-256
-73
94
675
946
271
-679
-1400
-1692
-1808
-1874
-1731
-1479
-1114
-1199
-1224
-186
1056
1632
2012
2946
3802
3624
2466
2062
1941
791
-493
-475
-158
-643
-1299
-1258
-1811
-4161
-7767
-9372
-7297
-4458
-3465
-2270
531
2959
3273
4105
6304
6995
4651
2335
2038
3332
4238
4002
2603
344
-2253
-4129
-4522
-3838
-3060
-2901
-3699
-4200
-3236
-1626
-931
-723
190
1449
2708
4263
6146
7155
6314
4769
4047
4141
3895
3046
2468
1159
-761
-2194
-2426
-1391
-87
321
215
682
1596
1965
2421
4001
5715
6691
6945
6647
5913
4356
2232
149
-1747
-3227
-3972
-4179
-4460
-5066
-6017
-6655
-7038
-6053
-3298
50
1868
2099
2142
1788
1518
1323
1465
1385
611
-523
-1488
-2060
-2939
-4355
-5670
-6391
-6044
-4726
-3200
-1879
-1026
-912
-1225
-429
908
1586
1598
1862
2048
1587
880
258
-67
-348
-701
-523
-182
-85
214
683
1241
1858
2863
3288
3286
3618
3650
3244
3194
2682
1235
-8
-736
-830
-850
-1052
-1131
-1027
-1638
-3868
-7367
-9138
-7588
-5162
-4275
-2739
517
2894
2454
2987
5422
6081
3045
326
430
2024
2482
2176
1779
300
-3006
-5478
-5424
-4005
-2652
-2121
-2742
-3712
-3216
-2108
-1446
-709
605
1624
2170
3397
5588
7093
6449
4664
3532
3245
2853
2635
3062
2249
-192
-2350
-2806
-2047
-1150
-429
394
1107
1398
1834
3239
5149
6204
6361
6086
5375
4164
3174
1826
-533
-2556
-3565
-3898
-4280
-4331
-4317
-4901
-6073
-6164
-4306
-1410
908
2191
2596
2512
2468
2466
2117
1739
1065
97
-923
-1337
-2093
-3654
-5358
-6279
-6290
-5991
-4991
-3562
-2295
-1692
-1856
-1686
-419
457
657
1153
1695
1829
1525
769
147
-144
-589
-1061
-746
-365
-386
-336
40
173
367
1061
1814
2451
3304
3695
3496
2900
1980
1402
1321
956
304
102
-266
-814
-1072
-1101
-2817
-6630
-9085
-7627
-4676
-2683
-971
1166
2252
2057
3085
5813
7109
4977
2430
1488
1631
2189
2789
2597
669
-2429
-4332
-4324
-3455
-2364
-1605
-2180
-3444
-3292
-1700
-9
681
1165
1957
2604
3694
5762
7735
7589
5745
4115
3039
2202
1665
1846
1217
-955
-3255
-4107
-3643
-2949
-2231
-1227
-304
659
1983
3822
5589
6473
6297
5425
4178
3480
3145
1293
-1489
-3447
-4227
-5006
-5875
-5917
-5450
-6010
-6735
-5823
-3031
-534
532
1420
2302
2701
2493
2495
2327
1610
535
-354
-982
-1365
-2062
-3730
-5449
-6494
-6953
-6945
-6216
-4427
-2622
-1858
-1999
-1282
836
2376
2362
2462
3253
3297
2790
2501
2129
1132
-127
-1199
-1612
-1107
-497
-483
-386
-356
-621
-397
819
2150
3152
3422
3045
2839
2785
2151
1386
1095
804
15
-734
-741
-270
-1063
-4249
-8435
-9966
-7453
-4591
-3264
-1268
1678
2531
2134
3891
6758
6747
4020
2030
2187
2965
2937
2579
1481
-1117
-3701
-4543
-3874
-2820
-1802
-1592
-2692
-3316
-1989
240
1467
1991
2798
3622
3885
5129
7691
8971
7554
5530
4531
3481
2030
1399
1286
-262
-2616
-4034
-3821
-2739
-1956
-1320
-426
546
1762
3275
5307
7052
7645
6407
4259
2719
1962
830
-1463
-3441
-4488
-5550
-6621
-6677
-6283
-6434
-6872
-6632
-5154
-2379
298
1817
2335
2527
2167
1548
1590
1768
1302
142
-1013
-1871
-2687
-3628
-4916
-6049
-6555
-6820
-6504
-5005
-3040
-1757
-1435
-1281
-262
1423
2622
3090
3587
3820
3700
3086
2182
1677
837
-708
-2021
-1774
-1107
-818
-518
-115
-176
-432
151
1119
1954
2556
3026
2755
2570
2468
2081
1345
527
-177
-767
-1084
-1099
-1060
-3289
-7583
-10213
-8585
-5559
-3896
-2163
375
2059
2112
3014
5828
7118
4946
2288
1792
2896
3036
2287
1233
-590
-3447
-5252
-4959
-3687
-2676
-2327
-2931
-3325
-2309
-515
1097
2237
2768
2779
3425
4632
6353
8057
8352
6791
4975
3981
2969
1879
1258
396
-1197
-2559
-2695
-1727
-475
57
305
947
2014
3460
5339
7559
8660
7835
5901
3546
1733
827
-258
-1971
-3758
-5357
-6293
-6387
-6541
-6547
-6254
-5832
-4983
-2931
158
2721
3541
2906
1888
1385
1526
1423
1149
358
-985
-2815
-4216
-4869
-5407
-6026
-6694
-7050
-6420
-5171
-4243
-3202
-1782
-724
-192
868
2326
2919
2476
2056
2163
2086
1193
221
-135
-509
-1341
-2231
-2583
-2474
-1958
-1018
132
1328
2030
1451
1048
1653
2914
3756
3806
3474
3182
1986
567
364
43
-1066
-1834
-1451
-1210
-1942
-4011
-7092
-9113
-7807
-4723
-2263
-344
2244
3982
3561
3865
5984
6584
4421
2068
1589
1957
1708
1426
909
-971
-3749
-5027
-4350
-2886
-1393
-678
-1194
-1606
-548
1027
2008
2649
3819
4721
4785
5248
6882
7957
6578
4117
2586
1578
365
-235
-161
-895
-2283
-3021
-3083
-2615
-1200
448
1645
2844
4350
5963
7261
7596
6648
4816
2585
896
401
-265
-1974
-3950
-5259
-6418
-7725
-7684
-6540
-5494
-4868
-3991
-2205
212
1767
2239
2613
2841
2635
2254
1849
1262
100
-1605
-3408
-4532
-5024
-5584
-6197
-6229
-5852
-5471
-5082
-3955
-1832
295
1623
2553
3821
4461
3576
2231
2073
2389
2333
1746
1015
148
-1071
-2414
-3230
-2752
-2018
-1311
169
1791
2204
2375
2044
1326
1183
1980
2858
3242
3236
2855
1831
434
-305
-824
-1694
-2454
-2345
-2581
-3660
-5167
-7660
-9657
-8702
-5159
-2185
-220
1614
3089
3503
3534
4891
6094
5033
2473
904
586
593
462
59
-1408
-3402
-4507
-4467
-3348
-1617
-293
-271
-963
-444
1042
2374
2925
3733
4804
5348
5632
6476
7486
6432
3989
2128
1065
188
-282
-176
-621
-1751
-2774
-2996
-1971
-152
1700
2961
4108
5517
6607
7179
7166
6307
4955
3132
1110
-141
-490
-1476
-3866
-5648
-6414
-7267
-8142
-7841
-5854
-4283
-3789
-2819
-782
1356
2646
3394
3829
3483
2105
818
186
-342
-1936
-3997
-5324
-5966
-6590
-6690
-6088
-5367
-4782
-4030
-2756
-715
1516
2749
3152
3545
3976
3310
2186
1586
1601
1481
973
416
-167
-938
-2213
-3393
-3179
-2318
-1654
-296
1119
1567
1135
1362
1588
1965
3342
4789
5448
5657
5261
3920
2398
949
-907
-2573
-3218
-3105
-3038
-3090
-2996
-3096
-3956
-6422
-8498
-6371
-2255
-346
554
2651
4377
3757
3342
4748
5757
3537
174
-939
200
517
-243
-562
-1443
-3291
-4393
-3522
-1335
456
734
230
121
917
1784
2581
3429
4264
4646
4302
3490
3181
3335
2307
566
-46
29
-325
-1086
-1481
-1699
-2271
-2492
-1827
-437
1244
3069
4630
5834
6279
6064
5412
4009
2813
1863
646
-342
-830
-1531
-3194
-4881
-5521
-6295
-7110
-6356
-4240
-2883
-2579
-1427
294
1480
1948
2375
2689
2363
1189
268
166
-691
-2544
-4063
-4623
-4903
-5074
-4401
-3409
-2936
-2965
-2694
-1272
718
2461
3645
4321
4073
3090
1980
1329
1264
1379
1109
595
121
-837
-2065
-3107
-3153
-2395
-1377
-400
551
1134
1101
573
641
1834
3040
3880
4972
5448
4752
3322
2080
695
-1250
-2895
-3276
-2945
-3346
-4197
-4520
-4156
-3730
-2971
-3175
-4895
-5492
-2784
-447
-166
209
2093
2882
2149
3086
5465
5169
908
-2444
-2518
-1249
-340
708
1252
168
-2149
-3021
-1775
356
1869
2364
1805
1674
2361
2991
2936
2587
2939
2845
2316
2224
3133
3382
1655
-327
-1090
-865
-596
-121
749
1019
224
-887
-1120
-237
1330
2951
4185
4947
4651
3067
1357
582
12
-580
-906
-851
-1134
-1927
-3160
-5092
-6349
-6809
-6920
-6308
-4252
-2157
-1011
-670
-526
-149
249
416
947
2251
2964
2123
672
-704
-2416
-3364
-3139
-2299
-1431
-1089
-1631
-2320
-2092
-1191
-248
1069
2494
3227
3255
3138
3225
3329
2754
1666
1502
1982
1871
1123
221
-777
-1616
-1622
-1178
-845
-700
-676
-977
-1203
-101
1807
3008
3486
3842
3933
3832
3596
3196
1996
427
-1000
-2169
-2925
-3334
-3842
-4433
-4396
-3878
-2812
-1072
-938
-4021
-6802
-5467
-2647
-1911
-1167
1119
2503
1206
501
2025
2913
712
-1962
-1847
127
1020
1129
1211
441
-1553
-2712
-1562
448
1929
2138
1459
510
114
252
515
1213
2419
2945
2353
1851
2385
2666
1511
517
866
1893
2252
2319
2828
2498
478
-1578
-2030
-658
1029
2373
3538
3726
2466
789
275
737
1113
1305
1335
1246
567
-530
-1978
-3460
-4687
-5722
-5542
-3923
-1967
-858
-808
-1841
-2526
-1998
-963
633
2558
3509
3058
1829
932
26
-966
-1345
-854
-459
-1140
-2177
-2719
-3175
-3780
-3950
-2874
-1374
-292
592
1649
2337
2365
2246
1969
1882
1774
1747
1676
931
-302
-1628
-3174
-4387
-4107
-3093
-2970
-2582
-1317
-108
601
1805
3102
3769
4136
4239
4119
3741
3043
1800
201
-1373
-3122
-4115
-4010
-3548
-3017
-2123
-1072
-708
-577
-1558
-3857
-5096
-3082
-377
338
587
1734
2164
1316
1264
2725
3209
1209
-731
-346
1577
2689
2852
2355
1153
-310
-1060
-131
1346
2067
1396
19
-945
-1001
-183
415
1106
1911
2245
1902
1456
2015
2473
1744
1241
1993
2988
3365
2759
1648
371
-1613
-3281
-3156
-1708
-189
749
1265
1286
846
615
680
647
618
668
883
702
211
-500
-2034
-4158
-5446
-5172
-4475
-3832
-2935
-1813
-2100
-3227
-2791
-649
986
1742
2903
3947
3981
3369
2727
1848
995
230
-423
-981
-1493
-2340
-3435
-4415
-5117
-4893
-3981
-2831
-1211
852
2429
2842
3295
3891
3339
2440
2522
2660
2013
879
-428
-1677
-3113
-3741
-3600
-3433
-3152
-2530
-1526
-515
532
1290
1811
2429
2856
3126
3264
3358
2862
1589
-259
-2011
-3064
-3689
-3855
-3149
-1931
-1077
-647
-9
957
1528
1097
-908
-4178
-5607
-3935
-2515
-2565
-2019
-256
294
-92
1538
4312
4720
2979
2005
2897
4150
4384
4049
3209
1843
417
-20
468
753
178
-753
-1671
-2069
-1291
275
1831
2528
2567
2352
2361
3067
4212
5165
5499
5127
4094
2755
1499
259
-1175
-2769
-4017
-4807
-4867
-3881
-2130
-535
14
-63
-293
-502
-73
973
1807
2269
1647
-138
-2197
-2797
-2597
-3056
-4032
-4610
-4549
-4268
-3455
-2561
-1494
-1271
-1729
-1333
575
2851
4664
5332
4879
3522
1672
386
-227
-494
-913
-2306
-4153
-5215
-5639
-5706
-4927
-3424
-1992
-361
1568
3505
4913
5017
4156
3368
2969
2419
1809
1331
429
-919
-2569
-4068
-4454
-3493
-2675
-2424
-1786
-424
326
114
631
1697
2475
2298
2351
3378
3598
2472
1085
-176
-1677
-2776
-2860
-1932
-764
145
449
246
-15
-346
-1679
-4440
-6144
-4634
-2765
-2437
-1948
298
1576
849
1249
3715
4883
3172
1535
2150
3526
3471
2935
2506
1486
-631
-2318
-2468
-1626
-1237
-2111
-3008
-2487
-1314
-428
309
1463
2695
3152
3254
4208
5967
6639
5559
4328
4068
3371
1830
815
347
-911
-3161
-4689
-4601
-3504
-1932
-227
1599
2621
2502
2284
2549
3238
3322
2853
2345
1665
395
-1249
-3002
-4223
-5010
-5691
-5999
-5159
-3148
-1723
-1721
-1830
-794
385
1547
3350
5533
7034
6499
4603
2810
1207
-582
-2028
-2762
-3935
-5778
-7014
-7526
-7550
-6975
-5937
-4437
-2347
410
2761
3965
4655
5229
4900
3747
3064
2790
1967
379
-1532
-2762
-3619
-4719
-5226
-4692
-4325
-4708
-4303
-2693
-1202
-527
251
1774
2604
2326
2564
3377
3242
2089
1266
919
455
-265
-649
-667
-1072
-1463
-1662
-1208
-949
-901
-741
-507
-438
-471
-842
-1837
-2473
-1847
-828
-487
-282
782
1945
2414
3200
4538
5343
4227
2634
2083
1854
1237
646
599
428
-728
-1871
-1799
-1168
-1189
-1441
-897
542
2129
3202
4317
4975
4652
3481
2526
2322
2545
2878
2637
1808
773
-336
-1459
-2378
-2991
-3140
-3016
-2602
-1656
-211
722
731
376
347
89
-131
416
1659
1626
375
-682
-1489
-1938
-2336
-2146
-1494
-1292
-1682
-1560
-594
472
1086
1608
1996
2116
2645
3276
3488
2878
1404
-516
-1853
-2412
-3178
-4167
-4634
-4780
-4971
-4548
-3200
-1587
-368
547
1339
2499
3899
4551
4200
3770
2970
1593
22
-1031
-1549
-2142
-2891
-3341
-3416
-3401
-3708
-3626
-2592
-1482
-450
620
1455
1749
1460
794
327
-108
-584
-541
-343
-523
-945
-1096
-1123
-1070
-838
-221
267
116
-1405
-4262
-6082
-5713
-4371
-3087
-1238
1322
2951
3428
3988
4841
4274
2219
934
1739
3443
4178
4224
3420
1486
-868
-2024
-1409
-365
-73
-466
-1244
-1927
-1816
-1082
-724
-444
571
2185
3552
4519
5460
5507
4488
3101
2164
2305
2844
2860
2114
643
-999
-2364
-3095
-3124
-2693
-1729
-531
270
776
960
638
-188
-538
-25
453
1019
1429
1285
372
-1176
-2670
-3479
-3790
-3557
-2744
-1957
-1500
-1208
-1351
-1521
-899
567
2073
2891
3361
3744
3729
2711
1180
221
-621
-1834
-2892
-3415
-4017
-5015
-5653
-5046
-3809
-2802
-1669
-158
1506
2676
3327
3970
4426
4285
3803
3341
2797
2053
755
-400
-882
-731
-1279
-2451
-3023
-3311
-3478
-3643
-2826
-1390
-530
-540
-582
155
1010
861
818
1862
2392
2180
2101
2283
1606
-76
-1576
-2348
-2355
-2028
-1543
-1193
-907
-1133
-1555
-1726
-2065
-2896
-3484
-2916
-1572
-499
108
323
238
323
953
2623
3939
3882
2744
1358
515
191
81
173
200
-192
-971
-1376
-981
-680
-1123
-1164
-331
845
1769
2637
3274
3348
2826
2296
2430
3078
3747
3714
3223
2517
1551
377
-835
-1865
-2131
-2091
-2415
-2193
-1328
-798
-873
-406
860
1810
2225
2706
3191
2899
1798
804
-23
-787
-1091
-502
-119
-244
-513
-842
-1088
-1455
-1245
-433
250
323
145
158
-162
-718
-818
-698
-592
-419
-577
-1571
-2464
-3177
-3336
-3287
-2807
-1799
-1013
-441
62
711
1048
1144
1394
1927
2502
2750
2491
1658
350
-918
-1542
-1663
-1743
-1619
-1601
-1782
-2276
-2021
-1542
-1162
-765
-555
-739
-763
-280
-45
-386
-651
-127
736
1513
1886
1813
1081
-446
-1697
-2248
-2773
-3385
-3588
-3168
-2645
-2092
-908
402
1300
1867
2932
3868
3751
3494
2930
2024
1292
1293
1454
1125
425
-173
-513
-804
-1036
-845
-571
-568
-410
-62
238
403
550
515
530
605
1076
1903
2464
2644
2642
2700
2372
2010
1936
2194
2249
1988
1500
526
-525
-1755
-2737
-3102
-2569
-1982
-1502
-899
-238
249
583
1266
1858
2375
2377
1995
1488
1356
621
-1029
-2244
-2739
-3310
-3312
-2257
-1340
-1150
-1519
-1606
-994
-206
570
1431
1911
1974
1650
1517
1534
1432
868
-131
-1403
-2413
-3103
-3682
-3736
-3347
-3190
-3389
-2953
-1772
-454
520
1588
2761
3226
3363
3657
3767
3600
3048
2051
1074
251
-426
-1159
-2057
-3012
-3795
-4185
-4283
-4111
-3550
-2881
-2351
-1705
-810
198
988
1629
1946
2340
2582
2410
2235
1529
385
-563
-1036
-1281
-1303
-1499
-2087
-2626
-2831
-2545
-2075
-1671
-1526
-1140
-696
-402
193
911
1362
1323
1419
2126
2686
2765
2356
1771
1247
706
368
635
891
579
-178
-682
-974
-1026
-490
281
1012
1714
2290
2844
3388
3445
3535
3612
3427
3385
3397
2944
2304
1627
797
-28
-478
-640
-657
-542
-258
-153
-56
68
161
196
289
619
936
1051
691
509
446
-4
-735
-960
-922
-1455
-1843
-1426
-1010
-1306
-1821
-2156
-2204
-2176
-1933
-1371
-1025
-1194
-1562
-1623
-1299
-818
-501
-421
-668
-1367
-2008
-2384
-2536
-2544
-2722
-3070
-3134
-2819
-2165
-1475
-872
-188
256
503
1052
1507
1788
1753
1513
954
175
-511
-1184
-1835
-2422
-2679
-2704
-2320
-1531
-778
-414
-219
127
229
230
544
1118
1807
2105
2056
2019
1672
934
560
514
562
471
338
-130
-617
-626
-373
-19
388
1041
1764
2166
2371
2801
2940
2555
2012
1747
1778
1736
1619
1374
1113
976
605
603
866
1245
1475
1322
1128
862
603
125
62
439
733
971
1315
1897
2337
2689
2840
2991
2660
2048
1671
1465
1344
1087
724
8
-917
-1883
-2510
-2909
-2883
-2599
-1911
-914
-120
277
406
316
20
-462
-727
-462
-253
-320
-963
-1674
-2195
-2997
-3761
-3795
-3275
-2792
-2405
-1989
-1582
-1646
-1724
-1694
-1605
-986
-130
542
850
691
-339
-1586
-2525
-2944
-3075
-2815
-2416
-2405
-2612
-2694
-2496
-2429
-2100
-1429
-294
747
1556
1904
2001
1747
1172
602
453
631
671
305
-156
-838
-1886
-2977
-3704
-3934
-3581
-2550
-1463
-683
-307
-95
40
235
758
1641
2654
3377
3557
3522
3466
3125
2440
2102
2088
2092
1992
1871
1550
1081
652
325
381
848
1371
1797
2180
2462
2348
2379
2593
2980
3486
3844
3999
3864
3271
2634
1896
1510
1401
1234
930
485
212
-89
-234
-290
-125
104
676
1384
2258
3063
3245
3077
2866
2354
1760
1179
854
204
-825
-1709
-2330
-2486
-2814
-3210
-3144
-2836
-2860
-2785
-2224
-1747
-1596
-1597
-1724
-1691
-1477
-1494
-1843
-2082
-2297
-2631
-3162
-3532
-3658
-3711
-4035
-4162
-3484
-2979
-2749
-2590
-2419
-2176
-2237
-2227
-1902
-1342
-1052
-1032
-954
-835
-1127
-1724
-1880
-1704
-1753
-1700
-1503
-1047
-822
-833
-525
-123
185
451
1107
1760
2254
2413
2531
2696
2640
2499
2308
1994
1792
1626
1299
806
328
-62
-621
-614
140
1226
2176
2453
2723
2843
2640
2344
2368
2639
2549
2306
2068
1675
1267
764
265
-122
-312
-278
-175
33
269
569
600
635
795
1292
1840
2115
2428
2455
2274
1837
1462
1201
1093
1096
1053
943
492
381
211
-179
-288
-380
-419
-496
-566
-359
87
301
474
727
960
1133
1271
1269
952
438
-83
-711
-1434
-1802
-2038
-2080
-2032
-2067
-2072
-2138
-2397
-2455
-2500
-2348
-1987
-1363
-714
-163
106
-60
-485
-1130
-1617
-1944
-2118
-2108
-1976
-1917
-2140
-2686
-3062
-3055
-2819
-2432
-1764
-1089
-669
-533
-372
-104
-216
-417
-433
-360
-302
-90
90
-284
-784
-1253
-1614
-1762
-1549
-931
-300
143
160
53
188
366
610
1167
1636
2021
2251
2182
2066
1713
1498
1189
856
772
881
1108
1228
1130
916
656
230
168
514
1208
1607
1706
1989
1760
1453
1337
1393
1524
1708
2064
2205
2130
1939
1846
1542
1378
1400
1337
1252
1137
1020
517
-255
-743
-873
-784
-612
-246
407
617
650
755
1044
1044
781
854
870
738
472
301
96
-265
-522
-709
-682
-598
-449
-432
-452
-576
-533
-423
-464
-334
-198
-199
-365
-462
-330
-424
-927
-1428
-1522
-1438
-1423
-1177
-997
-1022
-1246
-1491
-1645
-1741
-1690
-1765
-1753
-1691
-1926
-2188
-2276
-2249
-2156
-2046
-2039
-1726
-1607
-1624
-1567
-1510
-1270
-1057
-628
-93
118
-121
-376
-708
-1046
-987
-575
-87
37
116
216
217
323
374
604
689
703
685
632
761
857
962
975
1158
1315
1348
1383
1533
1591
1417
1261
1354
1593
1770
1924
1900
1520
840
474
467
570
564
361
235
141
155
546
1199
1811
1974
1851
1711
1492
1353
1274
1120
950
953
927
689
308
-202
-718
-936
-936
-711
-291
-165
-290
-430
-361
-102
207
636
980
1267
1409
1470
1361
1015
747
438
66
21
331
475
159
-407
-828
-1077
-1040
-795
-337
-88
-34
-135
-109
210
492
324
-123
-417
-777
-1001
-1305
-1416
-1350
-1603
-1865
-2138
-2170
-2009
-1914
-1802
-1774
-1590
-1466
-1295
-1046
-808
-672
-672
-672
-687
-615
-526
-575
-844
-1330
-1844
-2112
-2135
-1882
-1513
-1400
-1395
-1325
-859
-334
-61
36
19
122
295
534
933
1124
810
318
-157
-400
-273
-146
-222
-7
337
424
428
564
749
850
985
1427
1999
2098
2096
1924
1746
1703
1384
1216
1183
1161
1121
1131
986
809
642
521
242
210
649
733
779
835
778
835
1017
1424
1624
1595
1355
1040
920
744
619
494
334
188
88
15
-72
-39
-173
-277
-340
-504
-486
-567
-336
-104
21
111
14
-10
169
420
392
367
545
444
170
136
227
-37
-311
-512
-583
-347
-19
358
376
295
-32
-228
-305
-335
-360
-420
-685
-1180
-1411
-1447
-1528
-1705
-1767
-1766
-1867
-1954
-1753
-1519
-1290
-1082
-927
-710
-467
-372
-416
-610
-883
-1121
-1239
-1249
-1164
-1081
-1189
-1358
-1239
-1124
-1051
-696
-308
102
169
252
278
141
47
-123
-156
-95
-205
-367
-458
-436
-282
-221
-19
265
715
1102
1373
1671
1790
1702
1419
1232
1293
1167
930
924
738
453
138
-68
216
430
492
462
563
638
719
777
862
993
852
849
786
680
400
65
-92
-224
-79
177
308
534
846
984
922
895
892
991
1005
1092
1190
1167
880
537
201
-49
-115
44
110
-64
-44
-152
-284
-264
0
355
508
695
994
1116
1061
692
467
244
228
244
390
523
358
-3
-309
-429
-595
-546
-411
-264
-352
-516
-767
-988
-1086
-1108
-1066
-1004
-923
-963
-1149
-1465
-1626
-1667
-1590
-1478
-1452
-1302
-1260
-1269
-1412
-1484
-1504
-1603
-1560
-1426
-1079
-882
-932
-962
-805
-753
-685
-391
-296
-318
-511
-643
-688
-593
-461
-369
-139
-139
-262
-379
-640
-757
-483
-136
224
555
931
1196
1140
1163
1236
1151
1164
1153
1387
1454
1171
868
487
357
98
-131
-6
66
13
-38
-15
447
815
974
1022
1054
945
717
612
754
995
930
792
395
46
-282
-470
-331
-219
-80
-76
69
400
482
612
657
695
745
959
1374
1545
1483
1158
885
518
311
138
-29
-41
-42
-79
-81
-115
-304
-285
-197
28
363
796
1121
1450
1629
1531
1456
1332
1291
1107
838
633
454
145
-243
-554
-714
-812
-813
-605
-286
59
179
269
303
331
250
68
94
159
101
-240
-529
-893
-1418
-1584
-1814
-1888
-1746
-1622
-1561
-1476
-1407
-1439
-1323
-1294
-1256
-1140
-997
-825
-665
-586
-611
-804
-920
-899
-855
-893
-1021
-898
-745
-522
-349
-326
-604
-1121
-1335
-1336
-1112
-780
-418
-251
-199
-236
-283
-179
-201
-193
116
290
489
669
715
439
7
-260
-487
-475
-504
-440
-376
-389
-402
-604
-457
-197
-53
223
490
839
911
954
1075
1007
719
645
619
360
322
356
245
118
26
115
352
556
1028
1406
1687
1697
1640
1647
1565
1419
1495
1738
1586
1418
1278
905
636
376
298
445
642
747
758
828
649
659
848
881
963
1072
1096
1026
922
859
692
591
492
341
330
446
522
351
345
414
408
292
370
382
90
-236
-399
-298
-422
-398
-315
-429
-679
-992
-1112
-959
-841
-705
-555
-688
-724
-970
-1175
-1333
-1535
-1711
-1840
-1729
-1548
-1454
-1511
-1517
-1402
-1285
-1200
-1014
-737
-659
-756
-950
-868
-893
-1073
-1014
-811
-928
-1261
-1345
-1456
-1596
-1555
-1294
-1017
-687
-555
-378
-185
-161
0
61
210
209
258
109
-290
-450
-570
-588
-548
-426
-282
-87
-28
20
201
304
467
689
996
1095
1156
1182
892
743
648
833
940
954
1059
885
757
489
332
408
508
577
761
1078
1331
1596
1901
2093
2115
2124
2075
2105
2112
2019
1688
1161
682
186
135
116
23
71
110
-20
-78
151
345
630
865
1061
1204
1382
1301
1032
744
461
198
16
-139
-408
-648
-929
-1142
-1296
-1168
-940
-857
-505
-124
175
324
385
433
290
96
-175
-233
-258
-445
-825
-1183
-1384
-1641
-1663
-1498
-1435
-1446
-1493
-1481
-1286
-1283
-1222
-1085
-950
-831
-637
-327
-253
-178
-290
-359
-500
-684
-852
-799
-711
-751
-876
-865
-657
-604
-574
-501
-288
-216
-60
97
324
440
451
401
336
386
316
221
231
117
16
1
-39
-70
79
33
-102
-178
-171
-185
-178
47
167
126
105
474
683
759
672
432
229
90
8
140
196
206
219
36
11
100
223
346
384
360
569
900
1086
1357
1454
1363
1108
910
962
925
794
506
276
134
91
195
204
244
264
370
369
336
378
484
543
462
439
367
249
163
-24
-113
-82
63
241
310
515
387
128
-97
-187
-44
32
119
224
177
12
-286
-589
-749
-925
-1130
-1084
-912
-647
-565
-615
-749
-921
-1036
-957
-751
-613
-532
-679
-939
-1073
-1118
-1080
-876
-732
-545
-454
-358
-457
-523
-438
-462
-304
-119
36
114
214
45
-251
-375
-341
-244
90
237
177
180
190
265
248
421
492
477
583
681
750
718
709
703
750
724
713
697
502
301
125
80
147
331
478
463
361
171
32
2
108
221
379
314
116
-89
-149
36
163
270
244
333
117
-176
-514
-505
-471
-528
-392
-205
25
130
246
108
175
235
332
438
452
461
133
-211
-445
-718
-833
-988
-822
-827
-893
-916
-1084
-993
-808
-463
-164
106
228
310
240
139
31
64
138
295
462
467
388
153
-78
-251
-286
-164
100
299
288
248
282
125
305
532
608
671
667
822
836
691
450
293
166
110
133
227
246
68
-28
-176
-198
-36
112
226
305
307
349
380
316
296
377
393
421
426
516
439
143
-84
-311
-420
-361
-305
-357
-376
-488
-661
-503
-262
-42
147
130
127
96
64
-177
-204
-223
-409
-635
-606
-649
-932
-1137
-1295
-1073
-862
-640
-373
-285
-302
-423
-318
-69
156
442
593
610
542
279
14
-352
-378
-317
-356
-303
-374
-465
-620
-678
-513
-236
72
270
543
809
712
609
703
704
560
450
313
154
-80
-337
-651
-971
-1011
-803
-539
-349
-201
-64
-129
-378
-290
2
259
512
524
631
515
114
-79
-100
-193
-206
10
132
211
117
86
-51
-111
-77
233
634
853
955
860
536
165
-82
-131
30
163
327
427
376
87
-160
-79
-29
-17
369
657
791
748
827
780
671
595
621
661
787
902
741
660
282
12
-77
34
64
287
336
111
-57
-302
-314
-242
-1
310
514
524
386
214
9
-134
-290
-363
-359
-336
-275
-424
-471
-519
-501
-586
-438
-351
-355
-367
-535
-595
-662
-787
-701
-545
-605
-529
-637
-698
-911
-955
-861
-702
-636
-386
-191
-313
-333
-362
-391
-500
-516
-566
-575
-511
-369
-236
-209
-224
-262
-291
-163
7
81
223
117
1
-68
-276
-209
-117
-225
-341
-354
-134
28
78
158
276
251
72
84
175
339
383
394
321
206
197
263
197
125
166
172
170
378
657
946
1004
973
1011
947
1052
1087
1155
1081
934
842
645
490
359
316
172
100
154
147
288
459
529
563
549
583
590
595
515
539
479
244
183
49
-92
-252
-499
-640
-772
-800
-690
-532
-252
1
221
362
324
188
-20
-130
-198
-270
-224
-231
-318
-473
-652
-739
-772
-737
-761
-768
-665
-548
-652
-586
-741
