SAMPLES:	8932
BITSPERSAMPLE:	16
CHANNELS:	1
SAMPLERATE:	16000
NORMALIZED:	FALSE
-80
-88
-94
-122
-127
-113
-115
-95
-63
-41
-40
-25
-37
-60
-32
-34
-33
-11
-9
25
30
62
42
43
74
54
65
44
34
36
24
30
11
9
11
15
0
-19
-43
-50
-52
-49
-39
2
19
61
93
100
119
113
94
91
76
95
100
118
137
137
193
248
253
296
365
355
400
384
381
386
376
393
378
379
388
387
379
355
341
323
322
316
291
301
248
269
232
242
227
212
227
201
217
196
182
155
149
163
172
180
182
178
178
156
137
105
125
136
128
129
106
113
73
53
16
-33
-48
-27
-64
-70
-73
-95
-122
-160
-221
-270
-282
-308
-297
-300
-278
-293
-316
-328
-388
-368
-385
-391
-347
-363
-332
-325
-348
-383
-381
-385
-405
-401
-419
-428
-402
-426
-423
-445
-449
-428
-407
-366
-359
-338
-305
-334
-336
-345
-388
-398
-395
-403
-403
-365
-339
-326
-326
-326
-339
-309
-290
-265
-250
-235
-210
-178
-167
-144
-104
-111
-67
-47
-27
-10
9
65
58
80
98
119
129
172
228
264
302
323
333
359
381
370
375
367
355
360
415
408
442
434
414
422
414
405
429
451
462
472
459
467
465
470
456
479
478
484
515
505
511
517
502
498
435
407
384
330
301
294
249
222
211
160
146
102
76
64
60
54
53
40
22
-19
-37
-83
-115
-140
-163
-171
-231
-204
-214
-216
-208
-225
-242
-290
-298
-346
-345
-348
-371
-400
-416
-459
-477
-496
-510
-540
-576
-583
-571
-567
-573
-547
-562
-535
-523
-519
-503
-494
-459
-430
-394
-381
-342
-320
-313
-291
-284
-276
-243
-212
-187
-144
-117
-101
-68
-23
-9
36
61
71
135
148
161
182
210
229
244
267
278
324
356
374
403
444
460
457
450
466
449
460
484
489
522
559
571
556
534
516
492
465
480
453
469
468
442
437
369
359
323
291
267
241
234
217
225
213
215
218
196
164
148
139
129
114
68
44
7
-29
-77
-73
-113
-134
-112
-119
-103
-163
-185
-218
-252
-295
-312
-344
-356
-340
-387
-393
-410
-399
-413
-406
-406
-382
-371
-364
-364
-369
-384
-381
-390
-394
-375
-346
-318
-328
-299
-278
-250
-242
-263
-248
-237
-231
-192
-174
-158
-128
-106
-99
-76
-88
-78
-71
-35
-9
20
32
36
73
24
16
9
10
31
60
102
134
151
187
201
212
211
210
196
192
169
146
136
127
133
129
173
175
176
163
118
89
49
68
35
45
101
124
153
155
138
101
62
14
-11
-50
-55
-73
-88
-56
-72
-98
-103
-130
-109
-116
-107
-46
-89
-64
-53
-101
-74
-75
-106
-91
-95
-82
-7
-12
4
34
58
89
121
163
168
237
200
186
201
186
172
170
181
177
198
227
243
248
241
226
218
184
145
105
104
64
78
55
56
46
39
26
-28
-17
-42
-25
-5
6
47
36
51
42
31
4
40
23
52
72
57
108
99
104
61
27
19
21
9
-6
-35
-20
-53
-43
-37
-53
-86
-94
-103
-133
-147
-198
-202
-229
-245
-232
-223
-209
-174
-142
-150
-131
-126
-148
-133
-136
-136
-134
-154
-170
-150
-174
-179
-160
-146
-153
-159
-143
-171
-155
-148
-172
-148
-155
-160
-156
-170
-178
-158
-149
-165
-152
-177
-175
-162
-135
-144
-130
-110
-93
-76
-89
-79
-89
-69
-52
-19
-3
11
53
66
92
107
107
142
124
148
180
198
232
239
238
227
274
261
254
289
298
319
344
339
317
321
259
239
230
180
214
195
240
217
203
213
164
143
138
112
93
97
103
107
68
54
40
14
22
26
23
38
22
24
6
-6
-33
-94
-98
-98
-125
-124
-126
-129
-123
-133
-166
-184
-197
-227
-213
-241
-236
-208
-186
-167
-164
-151
-159
-209
-174
-155
-159
-137
-83
-31
15
59
78
100
79
28
13
-9
-25
7
-13
3
25
83
126
140
183
201
186
152
148
111
121
110
129
155
151
187
175
165
127
107
109
94
122
142
175
225
230
276
276
265
248
193
168
117
124
98
79
76
64
81
77
82
82
65
29
19
-18
-28
-38
-112
-163
-173
-163
-200
-216
-254
-261
-296
-304
-310
-319
-279
-294
-269
-286
-287
-264
-278
-345
-378
-414
-448
-424
-418
-372
-376
-327
-292
-286
-224
-260
-243
-240
-279
-275
-230
-215
-201
-185
-160
-123
-117
-74
-110
-101
-97
-142
-124
-172
-245
-217
-140
-113
-87
36
83
70
171
129
146
147
56
24
41
54
69
158
191
220
307
359
400
440
427
336
331
321
260
232
243
313
369
369
397
468
495
452
476
439
382
375
322
334
377
409
404
422
453
572
601
561
536
451
304
245
287
224
225
211
218
242
266
265
259
212
114
24
1
40
31
-15
-36
-81
-113
-99
-132
-152
-220
-318
-396
-368
-352
-417
-399
-396
-394
-374
-240
-165
-174
-219
-315
-362
-411
-531
-626
-650
-654
-582
-392
-191
-90
-78
-166
-303
-433
-559
-724
-874
-908
-837
-684
-520
-307
-138
-110
-35
5
0
-53
-100
-267
-411
-423
-470
-461
-391
-302
-240
-85
74
236
355
364
305
263
249
120
64
34
-100
-120
26
136
227
461
554
557
652
606
458
360
210
54
6
40
191
326
496
572
678
761
727
643
462
404
224
161
205
243
336
519
609
671
769
646
426
188
-91
-316
-328
-270
-62
281
656
1103
1562
1792
1323
-457
-3000
-4618
-5195
-5721
-6004
-5121
-2849
137
3305
6271
8519
9035
7521
4706
1301
-2106
-5003
-7343
-9085
-9166
-6964
-3458
57
3072
5367
6091
5111
3676
2278
824
-471
-1200
-1360
-903
404
1625
1705
369
-1395
-2926
-4175
-4779
-4116
-2453
-421
2269
5126
7415
8611
8326
6296
3102
-363
-3201
-5243
-6559
-6677
-5451
-3461
-1159
1573
3871
5216
5616
5374
4470
3306
2186
795
-628
-1760
-2720
-3393
-3600
-3746
-3568
-3042
-2152
-856
904
2498
3840
4954
5002
4200
3291
1790
-384
-2234
-3696
-4425
-4172
-3365
-2172
-531
750
1634
2656
3185
3010
2807
2145
811
92
-348
-1062
-1711
-2406
-2911
-3012
-4268
-7697
-10331
-9484
-7513
-6924
-5516
-1496
3640
8154
11365
13607
14050
11556
6625
886
-4638
-9336
-12375
-14202
-14697
-11714
-5479
761
5285
8845
11078
10690
8357
5591
2804
-50
-2332
-3767
-4275
-3487
-1608
-405
-926
-2118
-2767
-3226
-3835
-3282
-987
1660
3857
6222
8751
9982
9172
6483
2369
-2125
-5560
-7438
-8268
-7867
-5652
-2382
844
4084
6987
8448
8149
7056
5336
3196
1364
94
-761
-1207
-1405
-1385
-1217
-1447
-2098
-2649
-2832
-2517
-1805
-485
1581
4049
5973
6738
6850
6138
3928
911
-2347
-5025
-6788
-7767
-7412
-5764
-3819
-1485
1062
2829
4125
5072
4986
4075
3110
2251
1315
45
-1105
-2397
-3817
-4947
-5235
-4802
-3932
-2557
-826
1220
3212
5070
6610
6888
6069
4657
2785
381
-2066
-4078
-5791
-6555
-6500
-5804
-3993
-1868
-1747
-4899
-7753
-6928
-5349
-5930
-5775
-2426
1888
5610
8952
11640
12478
10221
5466
-141
-5559
-9660
-11949
-13608
-14104
-11120
-5072
964
5473
9059
10749
9145
5651
2213
-846
-3335
-4624
-5098
-4856
-2540
1194
3751
4202
3384
2176
205
-1956
-2522
-1211
238
1221
2946
5106
6605
7065
6253
3952
896
-1462
-2484
-2482
-1494
381
1890
2547
3233
4873
6018
5166
3508
2182
1594
1660
1883
2180
2769
2519
922
-576
-1575
-2718
-3780
-4367
-3966
-2157
600
3561
6431
7977
7877
6752
4623
1716
-1644
-4707
-7007
-8083
-7801
-6325
-4211
-2044
42
1690
2503
2940
3388
3283
2583
1404
315
-685
-1669
-2594
-3794
-5147
-6137
-6064
-4941
-3171
-1142
986
2821
3735
4076
3887
2652
933
-979
-2968
-4200
-4526
-4307
-3795
-3449
-4320
-6913
-8801
-7792
-5938
-5498
-4449
-823
4056
8435
11770
13961
13993
11001
5825
124
-5283
-9575
-12207
-13932
-13967
-10796
-4922
956
5333
8428
9792
8756
6269
3752
1144
-1625
-3976
-5205
-5428
-4169
-1545
392
767
419
-126
-696
-759
307
2088
3639
4736
5924
7871
9127
8596
6334
2729
-1302
-4479
-6149
-6534
-5678
-3919
-1913
68
3257
7025
9182
9357
8249
6613
5281
4141
2503
671
-866
-2872
-5025
-5811
-5438
-5083
-5070
-4749
-3003
-2
3198
6288
8537
9352
8968
7553
5305
2525
-860
-4405
-7683
-10119
-10402
-8987
-7186
-4935
-1816
1343
4140
6631
8478
8711
7196
5067
2776
185
-2549
-4561
-6291
-7474
-7187
-5707
-3272
-871
1135
3059
4308
4715
4845
4352
2770
801
-1167
-3160
-4425
-4875
-5343
-5543
-5540
-6319
-8144
-9684
-8398
-5592
-4373
-3233
64
4468
8384
10877
11689
10667
7442
2357
-2945
-7812
-11396
-13220
-13954
-13450
-10131
-4384
1488
5922
8885
10283
9456
7132
4225
1045
-2236
-4765
-6522
-7359
-6452
-3950
-1303
325
1080
1770
2745
3452
4451
5978
7300
8022
8595
8957
8525
7071
4210
289
-3620
-6436
-7501
-6679
-4576
-2249
84
3205
6789
9125
10107
10207
8956
7102
5348
3119
775
-1010
-2788
-4691
-6070
-6479
-5977
-5314
-4722
-2969
203
3293
5714
8089
9830
9988
8578
6255
3174
-648
-4428
-7913
-10689
-11632
-10536
-8513
-6182
-3241
527
4066
6638
7956
8490
7950
5878
3215
422
-2493
-4995
-7119
-8648
-9019
-8070
-6185
-3582
-788
1616
3991
5831
6525
6166
4924
2344
-788
-3997
-6734
-8204
-8608
-8477
-7629
-5821
-4680
-5419
-6461
-5074
-2873
-2542
-2448
-257
3546
7075
9205
9999
9813
7674
3541
-1107
-5887
-9844
-11939
-12921
-13004
-10180
-4440
1517
6175
9570
11573
11574
9656
6691
3155
-485
-3757
-6366
-7830
-7502
-5498
-3037
-1242
27
1349
2853
3967
4941
6197
7235
7703
7638
7471
7068
5917
3636
518
-2559
-4674
-5777
-5971
-5548
-4793
-2916
439
3701
6082
8604
10313
10648
10181
8584
5981
3038
-352
-3752
-6077
-7871
-8740
-8180
-7114
-5515
-2579
934
3931
6349
7970
9081
9412
8520
6477
3584
424
-2963
-6454
-9372
-10766
-10581
-9166
-7002
-4218
-512
3223
5971
7506
8181
7838
6380
3845
947
-1345
-3323
-5467
-7121
-7532
-6704
-4912
-2525
-131
1898
3673
4830
4747
3909
3207
1688
-1048
-3827
-5747
-6691
-7023
-7287
-7083
-6140
-6404
-8173
-8751
-6622
-4031
-2863
-1665
1256
5406
8960
10736
11049
9861
6356
1217
-4336
-9134
-12082
-13152
-13501
-12702
-8710
-2422
3501
7812
10456
11202
9824
7076
3856
843
-1863
-4116
-5776
-6424
-5442
-3216
-1198
-403
-55
707
1544
2610
4313
6320
8043
9292
10096
10291
9729
7819
4447
175
-3896
-6712
-7786
-7881
-7243
-4976
-1273
2228
5233
8591
10654
11165
10951
9596
7626
5326
2234
-1016
-3380
-5647
-7647
-8350
-7870
-6583
-4645
-1996
1228
4846
7718
9420
10659
10981
9428
6402
2968
-726
-4512
-7937
-10346
-11074
-9962
-7217
-3950
-847
2575
5533
7169
7289
6625
5613
3419
221
-2375
-4171
-5757
-6836
-7654
-7672
-6661
-5010
-2966
-772
1049
2505
3686
3527
2519
1277
-537
-3294
-5828
-7589
-8800
-9090
-8623
-7533
-6312
-6117
-7669
-8364
-6406
-4728
-4516
-3064
206
4150
7657
10005
11016
10327
7255
2496
-2738
-7541
-10884
-12560
-13246
-12342
-8152
-1643
4373
8631
11376
12213
10831
8185
4956
1498
-1581
-3854
-5206
-5425
-4264
-2106
-241
488
604
976
1602
2449
3825
5433
6863
8291
9651
10593
10643
9213
6199
2121
-2103
-5274
-6801
-7575
-7499
-5585
-2293
859
4247
7724
9927
10958
10749
9281
7142
4664
1560
-1339
-3689
-5984
-7516
-7820
-7081
-5542
-3611
-1198
1801
4750
6935
8377
9354
9290
7533
4578
1459
-1694
-4996
-7919
-9953
-10575
-9378
-6667
-3676
-724
2634
5548
6904
6876
6662
5514
3389
840
-1892
-4191
-5872
-7123
-8165
-8040
-6955
-5288
-2951
-700
1291
3045
3883
3287
2026
787
-956
-3249
-5190
-6412
-6971
-6813
-6168
-5448
-4773
-4889
-6716
-8596
-8297
-6407
-5355
-4270
-1391
2871
7435
10425
11645
11571
9247
4578
-863
-6041
-10419
-12908
-13624
-13305
-10391
-4407
2234
7350
10832
12411
11906
9453
5851
2055
-1318
-3906
-5361
-5714
-4802
-2516
11
1744
2315
2557
2950
2882
2806
3575
5000
6526
7782
8971
9672
9204
7404
4194
220
-3159
-5378
-6849
-7444
-6183
-3161
-192
2425
5642
8122
9507
10084
8886
6766
4320
1281
-1370
-3347
-5473
-7097
-7472
-6852
-5329
-3336
-891
1731
4305
6053
7064
8095
8485
7346
4738
2253
-285
-3024
-5544
-7527
-8433
-7793
-6147
-4259
-1943
834
3321
4505
4679
4518
4174
3239
1562
-186
-1552
-2801
-4314
-5714
-6577
-6802
-6196
-5011
-3666
-1801
392
2085
2995
2873
2148
1014
-1164
-3566
-5240
-6295
-6770
-6949
-6601
-5619
-4759
-5309
-7339
-8358
-7236
-5760
-5373
-3791
255
5042
8700
10798
11690
10775
7516
2404
-2961
-7758
-10983
-12150
-12153
-10454
-5662
942
6318
9798
11864
12284
10455
6756
2941
-253
-2793
-4205
-4448
-3998
-2273
477
2568
3307
3222
3046
2717
2317
2613
4163
5849
6888
7789
8461
8196
6734
3889
121
-3880
-6875
-8377
-8755
-7287
-4376
-1611
1502
4893
7252
8988
9637
8577
6520
3885
881
-1442
-3103
-5059
-6755
-7562
-7482
-6584
-5057
-3036
-425
2414
4477
6049
8091
9530
9164
7167
4355
1350
-1713
-4833
-7111
-7948
-7354
-5879
-3782
-916
2373
5186
6484
6599
6210
5292
3642
1725
-265
-2151
-3649
-5013
-6237
-6733
-6069
-5024
-3886
-2498
-793
1129
2789
3350
3143
2683
1016
-1157
-3278
-5702
-7551
-8270
-8558
-8197
-7048
-6041
-5671
-6777
-8134
-6808
-4707
-4367
-3692
-755
3082
6545
8588
9445
9023
6216
1837
-2744
-7097
-10196
-11360
-11520
-10208
-6226
-284
5485
9310
11438
12288
10699
6959
3180
-263
-3412
-5085
-5623
-5229
-3406
-249
2893
4732
5189
5156
4920
4110
3618
4362
5431
5941
6491
7189
7352
6427
4473
1520
-1989
-4946
-6485
-6553
-5070
-2745
-339
2733
5672
7694
9161
9249
7513
5172
2228
-1117
-3114
-4313
-5565
-6188
-6241
-5462
-3720
-1978
-519
1262
2838
3449
3819
4651
5394
5169
3757
1770
-84
-1480
-3057
-4724
-5402
-5096
-4010
-2631
-999
1336
3369
4289
4626
4516
4050
3112
1425
-837
-2949
-4499
-5904
-7183
-7620
-7188
-6111
-4297
-2167
-103
1862
3187
3432
2694
1427
-119
-1970
-4362
-6727
-7820
-7893
-8027
-7487
-6085
-5307
-5069
-6025
-7383
-6633
-3930
-2699
-2236
410
4455
8237
10273
10607
9791
7065
2348
-2771
-7045
-9900
-11033
-10723
-9033
-5374
395
6193
9627
11201
11623
10115
6713
3483
756
-1828
-3375
-3743
-3245
-1982
33
2098
3113
2785
2205
1989
1737
1741
2871
4438
5605
6666
7801
7998
6554
4091
1002
-2683
-5908
-7465
-7377
-5826
-3623
-1149
1883
5070
7250
8120
7892
6638
4677
2468
213
-1428
-2307
-3244
-4352
-5106
-4997
-4223
-3432
-2773
-1439
841
2959
4506
6259
7952
8326
6915
4371
1980
-272
-2961
-5436
-6748
-6527
-5207
-3084
-661
1724
3943
5211
5267
4924
4520
3524
1427
-693
-2353
-3702
-4628
-5736
-6599
-6511
-5821
-4742
-2898
-1264
380
2263
2810
2512
2225
1195
-694
-2483
-4628
-6511
-7221
-7773
-7712
-7190
-6799
-5906
-5376
-6474
-7283
-5756
-3629
-2993
-2281
681
4558
7275
8619
9060
8039
5213
997
-3386
-6972
-9590
-10558
-10016
-8158
-4362
1099
5997
8770
10138
9946
7632
4449
1333
-1617
-3680
-4190
-3530
-2315
-351
2265
4331
4693
3940
3187
2458
1740
1542
2420
3500
4359
5684
6657
6524
5215
3116
330
-2818
-5086
-5831
-5332
-4149
-2157
799
3930
6454
7920
8309
7687
6199
4121
1912
-150
-1649
-2673
-3551
-4032
-3757
-2942
-2020
-1300
-733
432
1775
2624
3565
4760
5710
5782
4841
3765
2441
603
-1575
-3715
-4861
-4879
-4045
-2674
-977
900
2519
3627
4207
4386
4135
2816
813
-1321
-3177
-4734
-6059
-6987
-7523
-6959
-5296
-3139
-744
1404
2651
3201
3163
2086
210
-1783
-4028
-6505
-7982
-8465
-8361
-7374
-5991
-4991
-3558
-2208
-2841
-4784
-5884
-5278
-4502
-4748
-3718
-120
3854
6705
8593
9670
9154
6283
2348
-1754
-5750
-8266
-8982
-8801
-7322
-3410
1528
5589
7796
8519
8051
6078
3037
-11
-2364
-3646
-3571
-2871
-1811
267
2766
4059
3980
3617
3272
2775
2246
2160
2757
3657
4469
5038
5053
4170
2848
920
-1741
-4041
-5047
-4782
-3960
-2711
-524
2028
4364
5805
6084
5935
5457
4033
2228
655
-644
-1628
-2532
-3056
-3174
-2747
-1992
-1331
-834
117
1510
2671
3513
4392
5464
6047
5361
4063
3219
2092
309
-1431
-2333
-2510
-2115
-1232
-123
983
2259
3351
3424
3246
3073
2543
1496
-106
-1727
-2900
-3868
-5199
-6208
-6064
-5052
-3826
-2000
226
1811
3047
3786
3054
1601
-23
-2596
-5272
-7107
-8551
-9113
-8356
-7471
-6117
-4139
-2412
-1262
-1362
-3705
-5769
-5338
-5091
-6117
-5317
-1790
2135
5153
7155
8534
8716
6551
2795
-1439
-5295
-7834
-8726
-8544
-7520
-4206
649
4367
5927
6617
6537
4530
1403
-1380
-3063
-3361
-2895
-1861
-481
1407
3237
4061
3658
2857
2248
1587
981
1093
2458
4353
5318
5408
5221
4195
2545
574
-1824
-3716
-4268
-3822
-2680
-867
1568
4120
5803
6031
5857
5687
4712
3018
1550
385
-702
-1183
-1074
-838
-624
-58
109
-185
-198
350
1199
1892
2333
3680
5401
5824
5663
5237
4085
2522
528
-1711
-3129
-3650
-3552
-2790
-1876
-281
1741
2760
2963
2881
2615
1590
-290
-1922
-3169
-4305
-5327
-5885
-5656
-4624
-3144
-1855
-545
822
1847
2108
1794
774
-862
-2685
-4301
-5859
-7276
-7727
-7461
-6900
-5693
-4113
-2525
-890
96
-680
-3137
-5292
-5317
-4950
-6044
-5748
-2384
1450
4187
6534
8709
9485
7906
4520
1048
-2641
-5591
-6534
-7127
-6987
-4226
-65
3156
5028
6177
6584
4991
2139
-34
-1598
-2810
-3085
-2603
-1762
-140
1915
3364
3880
3594
3063
2447
1558
1414
2222
2617
2375
2411
2282
1738
1292
306
-1085
-2283
-2590
-2051
-1330
-330
1304
2845
3329
3369
3531
3734
3421
2471
1544
733
-175
-572
-673
-1029
-1119
-751
-572
-600
-75
650
1199
1792
2467
3558
4438
4827
4992
4768
3950
3049
1914
351
-975
-1754
-1895
-1961
-1656
-364
784
977
980
1535
1542
437
-633
-1555
-2546
-3444
-3862
-3910
-3646
-2847
-1938
-861
246
1047
1451
1346
468
-705
-1770
-3249
-5070
-6477
-7375
-7718
-7235
-6008
-4584
-2966
-918
397
1068
908
-1362
-4523
-5690
-5894
-7017
-7101
-4526
-841
2505
5366
7945
9657
9293
6756
3388
52
-3304
-5647
-6702
-7237
-6278
-3188
-29
2014
3525
4752
4590
3038
1246
-200
-1156
-1512
-1323
-1091
-52
1656
2911
3481
3606
3396
2908
2089
1361
1260
1659
1546
1047
862
929
1130
1198
758
226
328
737
826
972
1817
2641
2626
2235
2277
2563
2827
2634
1902
1324
1002
686
254
-68
-257
-294
-563
-991
-809
-508
-278
229
890
1825
2919
4022
4776
4845
4461
4058
3106
1226
-229
-1121
-2153
-2794
-2515
-1677
-1020
-628
-200
314
313
-418
-1334
-2080
-2844
-3646
-3694
-3241
-2897
-1967
-687
116
500
718
835
580
-142
-983
-2180
-3952
-5210
-5995
-6796
-6903
-6262
-5433
-3824
-1796
-193
1717
3168
3076
1690
-1346
-5155
-6526
-6784
-8357
-8440
-5649
-2064
1763
5651
8857
10949
10690
8062
4833
1251
-2288
-4899
-7018
-8420
-8062
-5469
-2161
377
2687
4528
4551
2897
1197
-69
-1312
-2416
-3056
-2485
-673
1541
3747
5295
5530
4810
3531
1707
-77
-1165
-2005
-2917
-3064
-1932
268
2211
3345
4109
4551
4214
3351
2649
2118
1463
800
481
776
1808
3139
4060
4244
4048
3560
2868
2160
1575
902
494
181
81
447
789
1094
1507
1833
1923
2309
3188
3965
4323
4515
4431
4067
3199
1890
593
-687
-1924
-2689
-2825
-2746
-2573
-1868
-1165
-1014
-922
-916
-1384
-2253
-2874
-3163
-3222
-2934
-2216
-1229
-532
-508
-534
-514
-925
-1622
-2807
-4354
-5664
-6655
-7196
-6878
-6164
-5290
-4164
-3001
-1665
-99
1178
1359
780
-567
-3651
-6813
-7735
-7336
-8017
-8260
-5889
-1914
2048
5684
8748
10641
10488
7953
4970
1937
-1657
-4580
-6763
-8832
-9117
-6837
-3907
-1344
1261
3649
4684
4053
3087
2342
1171
-390
-1354
-1469
-579
1006
2705
3940
4182
3895
3258
2016
352
-476
-765
-1587
-1819
-570
1587
3614
5015
5518
5500
4903
3686
2480
1126
81
-369
-634
-432
952
2932
4501
5269
5342
5128
4572
3492
2499
1750
914
97
-413
-766
-636
-160
-21
334
947
1861
3184
4433
5300
5748
5969
5465
4085
2231
365
-1333
-2923
-4120
-4530
-4277
-3784
-3092
-2099
-1023
-302
-180
-538
-1164
-2010
-2376
-2668
-2934
-2561
-1947
-1455
-1202
-847
-348
-391
-1367
-2510
-3660
-4796
-5583
-5899
-5590
-5006
-4437
-3442
-2212
-1010
370
985
433
-239
-920
-2284
-4787
-7663
-8378
-7516
-7915
-7583
-4342
-134
3522
6531
8868
10461
10225
7697
4426
772
-3482
-6947
-9238
-10966
-10819
-8220
-4525
-1059
2284
5189
6459
5924
4372
2565
462
-1570
-2561
-2529
-1504
514
2583
4293
5094
4789
3763
2068
84
-1108
-1778
-2274
-1647
378
2603
4600
5997
6533
6167
4710
2789
1213
-152
-1184
-1223
-590
604
2552
4688
6132
6775
6471
5484
3925
2146
729
-43
-669
-1188
-1041
-328
417
874
1565
2328
2642
3048
3833
4674
5132
5474
5305
4130
2345
293
-1469
-3000
-4426
-5374
-5567
-5322
-4655
-3056
-1310
-101
582
458
27
-523
-1117
-1770
-2219
-2541
-2940
-3071
-2689
-2089
-1528
-1308
-1815
-2293
-2634
-3207
-3822
-4135
-4074
-4231
-4272
-3812
-2879
-1616
-369
-37
-169
289
75
-984
-2956
-6152
-7998
-7587
-7856
-8241
-5597
-1409
2491
6016
8823
11141
11938
9793
5971
1985
-2385
-6529
-9454
-11215
-11350
-9301
-5450
-1236
2313
5427
7355
6896
5033
3217
1010
-1029
-2196
-2646
-1884
-23
2005
3780
4982
4682
3457
1950
15
-1347
-1662
-1726
-1281
478
2822
4902
6394
6992
6415
4520
2187
350
-1200
-2091
-1781
-806
364
2175
4519
6381
6852
6144
5228
3661
1489
119
-206
-510
-886
-925
-465
-27
144
512
899
1060
1124
2096
3772
4907
5843
6435
5723
3844
1759
-246
-2453
-4566
-6238
-7221
-7235
-6419
-4874
-2650
-631
456
1012
1351
894
263
-154
-1233
-2331
-3030
-3590
-3506
-2975
-2722
-2621
-2581
-2904
-2905
-2565
-2543
-2631
-2603
-2718
-3149
-3056
-2195
-1720
-1474
-907
-679
-468
326
474
200
-737
-3881
-7311
-7908
-7690
-8054
-6728
-3663
258
4238
7850
10953
12831
11947
8496
4203
-628
-5424
-8952
-11182
-12362
-11354
-7463
-2525
1682
5450
8141
8303
6293
3887
1336
-1215
-2927
-3609
-3027
-1217
1289
3930
5613
5766
4960
3488
1166
-923
-1696
-1984
-1846
-650
1526
3863
5789
6791
6410
4881
2778
901
-459
-1337
-1175
-197
867
2369
4398
5951
6377
5781
4501
2777
1162
268
-151
-517
-706
-555
-255
1
308
670
666
502
786
1858
3253
4479
5408
5879
5169
3562
1722
-211
-2587
-5019
-7025
-8349
-8431
-7189
-5127
-2949
-1039
215
1158
1835
1923
1251
170
-1100
-2476
-3549
-4202
-4424
-4226
-4255
-4502
-4353
-3614
-2553
-1521
-757
-649
-968
-1577
-1978
-1983
-2027
-2142
-1901
-1525
-1229
-120
635
499
292
-1072
-3975
-6888
-8236
-8089
-7550
-6707
-4057
362
4671
8301
11239
12486
11323
7899
3243
-1620
-6110
-9409
-11223
-11541
-10022
-6139
-1436
2565
5987
7791
7543
5744
3197
620
-1709
-3363
-3611
-2493
-718
1574
4033
5760
6070
5313
3881
2021
480
-723
-1451
-1060
92
1915
3932
5331
5882
5571
4414
2711
1200
75
-511
-391
164
1091
2672
4317
5109
5284
5010
4340
3111
1810
1071
658
145
-426
-455
-285
-185
-228
-337
-137
293
1066
2287
3446
4206
4953
4980
3863
2600
1369
-374
-2821
-5046
-6381
-6914
-6748
-5665
-4048
-2463
-1162
-162
784
1205
881
157
-697
-1783
-2626
-3102
-3171
-3124
-3249
-3325
-3437
-3368
-2693
-1788
-1253
-843
-669
-733
-762
-866
-1602
-2281
-2447
-2945
-3420
-2743
-1757
-1137
-286
502
492
154
-464
-2977
-6332
-7734
-7612
-7576
-6860
-4482
-539
3580
6489
8582
10231
9873
6562
2205
-2116
-6300
-9218
-10099
-9995
-8644
-5061
-802
2553
5156
6709
6349
4324
1386
-1175
-2278
-2162
-1624
-525
1582
4003
6024
7255
7417
6512
4551
1503
-1331
-2612
-2652
-2252
-1219
446
2178
3692
5190
6210
6013
4848
3613
2309
937
227
403
795
817
1215
2282
3554
4200
4265
4009
3369
2185
1018
572
339
31
-129
-149
-48
557
1397
2126
2426
2484
2700
2939
3231
3177
2622
1727
294
-1587
-3367
-4381
-4961
-5216
-5039
-4412
-3029
-1413
296
1252
1279
1003
480
-356
-1615
-2820
-3309
-3423
-3684
-3816
-3051
-2014
-1451
-994
-691
-718
-1045
-1348
-2139
-2772
-2914
-3210
-3575
-3517
-3057
-2509
-1831
-1479
-1232
-528
-249
-498
-489
-639
-1742
-3855
-6237
-7602
-7194
-6673
-6318
-4636
-1691
1478
4503
6635
7658
7354
5185
1893
-1469
-4154
-6195
-7520
-8061
-7297
-4935
-1967
1032
3442
4542
4378
3125
1782
704
-90
21
678
1609
3200
5467
7267
8120
7588
5823
3456
797
-1296
-2309
-2306
-1883
-1027
747
3024
5111
6652
7261
6664
5157
3396
1837
807
110
-305
105
1049
2039
3226
4515
5446
5083
3945
2845
1595
485
-88
-250
-439
-537
-212
652
1240
1321
1546
1788
1721
1543
1824
2224
2350
1925
914
-357
-1660
-2921
-4249
-4971
-5145
-4931
-4214
-2976
-1631
-460
435
577
225
-526
-1427
-2241
-2816
-3081
-3215
-2924
-2437
-2081
-1554
-1238
-1285
-1576
-2069
-2660
-3046
-3051
-2923
-2602
-2472
-2521
-2330
-2130
-1996
-1753
-1683
-1713
-1625
-1358
-850
-134
99
-453
-2025
-4426
-6370
-6952
-6905
-7128
-6318
-3870
-586
2779
5723
7844
8745
7597
4662
1230
-1646
-4063
-5959
-6946
-7001
-5485
-2969
-89
2209
3606
4213
3552
2145
1129
806
1136
2084
3021
4098
5644
6795
6770
5831
4147
1687
-701
-2857
-4080
-3570
-2343
-781
1568
3857
5716
6934
7066
6146
4669
2940
1148
-153
-475
157
882
1545
2546
3877
4717
4586
3916
3466
2832
1829
1235
1101
1393
1555
1540
1193
969
1029
737
276
69
389
1165
1797
2197
2623
2732
2053
691
-736
-2072
-3424
-4730
-5445
-5367
-4722
-3519
-2360
-1510
-891
-568
-601
-838
-1065
-1665
-2184
-2604
-2833
-2635
-2219
-1868
-1808
-1941
-2081
-2131
-2204
-2304
-2360
-2614
-3137
-3498
-3509
-3344
-3263
-3093
-2748
-2166
-1574
-903
-219
408
650
617
348
-823
-2542
-4482
-6931
-8853
-9122
-8450
-7714
-5809
-2663
1032
4506
7052
8462
8483
7160
4658
1858
-832
-3254
-5016
-6051
-6258
-5193
-2831
-442
1336
2648
3212
3285
3337
3509
3776
4306
4781
4829
4811
5129
5339
4729
3497
1820
155
-1303
-1976
-1573
-737
187
1245
2520
3709
4665
5595
5694
4502
3122
2401
2261
2179
2185
2558
3088
3046
2932
3368
3584
3410
2753
1936
1491
1570
1860
2013
1883
1450
839
232
-341
-466
-187
-106
10
342
828
1492
2204
2299
1515
234
-1243
-2778
-4079
-4808
-5278
-5588
-5353
-4421
-3379
-2221
-1054
-199
291
112
-501
-1041
-1448
-1859
-2323
-2546
-2626
-2502
-2311
-2377
-2408
-2368
-2599
-3398
-3898
-3853
-3627
-3578
-3728
-3483
-2567
-2001
-1929
-1342
-563
-336
-129
-7
-224
-446
-1107
-2588
-3782
-4626
-5914
-7293
-7908
-7638
-6377
-4420
-2536
107
3266
5863
7415
8069
7778
6460
4160
1443
-1139
-3351
-4860
-5631
-5662
-4551
-2410
-199
1875
3627
4658
5233
5660
5480
5019
4887
4553
4028
3685
3484
3355
2964
2041
1043
346
-243
-808
-825
-213
509
1507
2590
3549
4257
4643
4781
4429
3829
3125
2676
2342
1945
1774
1853
2108
2149
2283
2606
2641
2672
2574
2299
1966
1771
1474
1047
716
649
634
552
424
132
12
126
171
186
314
288
-53
-937
-1875
-2480
-3048
-3833
-4524
-4606
-4327
-3878
-2912
-1690
-987
-588
-271
-231
-611
-1275
-2020
-2766
-3453
-3697
-3548
-3239
-2854
-2452
-2232
-2384
-2657
-2918
-3285
-3937
-4439
-4437
-4016
-3562
-2887
-1682
-627
-83
456
752
473
-193
-1189
-2445
-3609
-4345
-4617
-4549
-4358
-4147
-3867
-3416
-2621
-1601
-394
674
1575
2928
4211
4877
5371
5321
4397
2932
1248
-479
-2008
-3097
-3763
-3764
-3147
-1775
146
2259
4066
5292
6207
6557
6419
5727
4761
3747
2597
1694
1218
957
853
769
572
551
888
1115
1423
2100
2603
3215
3906
4692
5277
5285
4814
4130
3126
1887
1266
1229
1191
1117
1568
2456
3312
3991
4455
4539
3779
2735
2040
1499
1005
602
307
0
-222
-440
-280
-27
-69
-147
-165
-237
-391
-717
-1003
-1457
-2355
-3218
-3805
-4225
-4564
-4507
-3967
-3234
-2675
-2124
-1357
-1040
-1201
-1621
-2352
-3192
-3998
-4501
-4688
-4661
-4481
-3911
-3451
-3190
-2917
-3018
-3427
-3950
-4463
-4785
-4729
-4391
-3887
-2949
-1961
-1067
-168
191
-326
-1343
-2389
-3599
-4711
-5318
-5437
-5015
-4199
-3030
-1569
-237
732
1255
1641
1787
1662
1557
1553
1539
1514
1821
2062
2097
2190
2154
1732
864
125
-192
-227
-170
243
1145
2297
3389
4430
5333
5676
5730
5336
4587
3782
3133
2502
1851
1365
1198
1483
1852
2328
3063
3798
4073
4223
4447
4451
4407
4109
3669
3196
2917
2653
2483
2599
2837
3274
3513
3648
3878
4134
4125
3848
3272
2683
2135
1654
1352
1085
966
897
747
366
39
-74
-260
-363
-478
-511
-453
-492
-678
-1057
-1580
-2456
-3451
-4550
-5488
-6089
-6120
-5698
-5117
-4266
-3380
-2571
-1872
-1460
-1605
-2286
-3043
-3904
-4865
-5738
-6150
-6275
-6120
-5850
-5363
-4700
-4322
-3987
-3712
-3551
-3415
-3320
-3396
-3497
-3268
-2952
-2789
-2672
-2655
-2698
-2925
-3214
-3451
-3464
-3250
-2922
-2332
-1474
-552
194
783
1218
1262
1110
803
380
362
514
785
1125
1435
1848
2316
2737
2845
2866
2963
2919
2704
2629
2920
3235
3339
3510
3594
3705
3957
3972
4045
4218
4232
4116
4077
3862
3667
3548
3237
2813
2514
2485
2378
2396
2777
3180
3308
3587
3812
3792
3580
3336
3110
2763
2417
2237
2276
2274
2334
2458
2751
2770
2479
2237
1891
1477
1190
962
1123
1214
1397
1498
1256
944
435
-190
-894
-1410
-1738
-1813
-1896
-1867
-1743
-1785
-2078
-2710
-3442
-4116
-4688
-5201
-5399
-5144
-4554
-3704
-3123
-2456
-1846
-1814
-2136
-2621
-3021
-3509
-4010
-4537
-4696
-4516
-4400
-4267
-3994
-3714
-3599
-3694
-3854
-3807
-3665
-3344
-3095
-2994
-2838
-2442
-2145
-1936
-1827
-1805
-1891
-2281
-2571
-2619
-2422
-2238
-2004
-1702
-1282
-808
-398
129
604
791
920
1068
1290
1591
1662
1764
1867
1909
1871
1867
2055
2316
2624
2780
3021
3443
3584
3646
3747
3519
3212
3015
2813
2704
2929
3324
3577
3794
4011
4207
3971
3548
3165
2821
2430
1910
1769
2016
2446
2834
3223
3607
3882
3748
3196
2651
2081
1613
1143
945
1030
1359
1787
2226
2693
2847
2676
2364
1826
1284
938
851
772
674
661
751
774
422
-22
-487
-1128
-2011
-2670
-2924
-2983
-3067
-3107
-3022
-2837
-2811
-2776
-2994
-3417
-3617
-3840
-4177
-4159
-3882
-3703
-3467
-3261
-3093
-3045
-2984
-3122
-3462
-3781
-3890
-3990
-4226
-4300
-4107
-3857
-3696
-3476
-3112
-2829
-2699
-2568
-2304
-2108
-2105
-1984
-1895
-1918
-2000
-2111
-2336
-2494
-2489
-2311
-1847
-1349
-801
16
785
1237
1668
2047
2367
2565
2412
2380
2577
2602
2477
2366
2453
2290
2222
2237
2155
2489
2848
3172
3523
3908
4362
4615
4574
4349
4100
3791
3297
2899
2612
2456
2156
2004
2330
2584
2966
3242
3128
3001
2915
2523
1883
1485
1193
913
638
692
907
1262
1335
1230
1212
1129
920
762
659
432
540
683
682
596
664
674
435
164
-3
-33
-9
-93
-9
160
142
54
-110
-177
-369
-838
-1381
-1946
-2498
-2938
-3261
-3591
-3756
-3671
-3558
-3312
-2824
-2445
-2020
-1764
-1795
-1877
-1950
-2351
-2854
-3188
-3427
-3627
-3816
-3738
-3623
-3448
-3275
-3276
-3212
-3200
-3040
-2986
-2853
-2540
-2315
-2044
-1865
-1760
-1682
-1705
-2021
-2447
-2553
-2626
-2771
-2796
-2627
-2311
-1896
-1236
-588
90
885
1410
1840
2226
2321
2420
2342
2127
2098
2230
2293
2435
2643
2772
2986
3063
3139
3130
3115
3293
3400
3639
3886
4169
4224
4166
4186
4023
3783
3501
3256
3044
2826
2667
2653
2611
2530
2601
2542
2427
2191
2002
1954
1672
1391
1199
1108
1069
947
936
950
830
605
370
241
161
-7
-340
-610
-733
-761
-880
-868
-674
-530
-217
-116
-160
-160
-200
-437
-687
-976
-1053
-1070
-1209
-1358
-1252
-948
-900
-1053
-1435
-1722
-2206
-2897
-3420
-3684
-3796
-3751
-3595
-3182
-2578
-1918
-1456
-1087
-959
-1241
-1578
-1973
-2403
-2745
-2945
-3223
-3301
-3124
-2852
-2692
-2636
-2568
-2576
-2681
-2723
-2614
-2288
-1714
-1261
-836
-233
174
323
331
-16
-575
-1243
-1833
-2226
-2209
-1942
-1450
-825
-5
936
1620
2086
2462
2606
2476
2238
2101
2010
1949
2033
2194
2468
2474
2486
2618
2670
2529
2368
2257
2178
2055
2140
2484
2709
2867
3034
3208
3244
3067
2823
2535
2023
1622
1481
1450
1394
1531
1645
1628
1528
1448
1360
1224
999
699
595
513
412
318
395
469
363
205
244
171
24
-54
-164
-284
-456
-571
-583
-354
-179
-166
-10
29
2
27
66
37
-44
56
164
75
58
-8
-116
-243
-400
-579
-816
-1083
-1517
-1875
-2027
-2216
-2385
-2393
-2424
-2354
-2208
-1954
-1759
-1614
-1510
-1602
-1684
-1639
-1678
-1719
-1798
-1999
-2082
-2214
-2488
-2740
-2916
-3086
-3186
-3165
-2994
-2703
-2257
-1791
-1347
-873
-473
-198
-152
-192
-388
-699
-1188
-1647
-1985
-2134
-2139
-1858
-1500
-932
-207
364
869
1434
1832
1883
1891
1826
1787
1684
1669
1596
1610
1666
1711
1865
2085
2212
2249
2224
2134
2206
2312
2424
2680
2910
3153
3397
3442
3436
3292
2921
2373
1896
1463
1234
1091
1047
1141
1233
1472
1661
1834
1788
1706
1551
1181
856
517
151
-100
-223
-325
-330
-269
-295
-296
-180
-185
-328
-260
-292
-346
-318
-342
-386
-458
-534
-690
-677
-553
-596
-701
-667
-638
-544
-558
-670
-624
-577
-669
-881
-1048
-1167
-1306
-1384
-1496
-1516
-1491
-1335
-1260
-1312
-1350
-1326
-1348
-1505
-1551
-1572
-1441
-1158
-991
-756
-548
-384
-259
-387
-605
-938
-1309
-1817
-2245
-2521
-2589
-2414
-2095
-1658
-1091
-486
-18
342
420
354
248
-60
-560
-984
-1268
-1502
-1725
-1761
-1632
-1321
-926
-520
133
714
1187
1496
1592
1619
1484
1258
864
427
213
232
269
422
795
1206
1507
1642
1735
1688
1707
1708
1557
1558
1699
1898
2011
2087
2053
1915
1672
1307
938
600
332
151
160
249
586
1110
1496
1775
1961
2036
1814
1424
982
494
132
-51
-294
-376
-211
-36
51
99
122
114
105
101
127
266
383
462
479
377
441
448
336
16
-281
-413
-560
-688
-702
-542
-291
-122
-74
-13
56
-56
-184
-391
-567
-622
-794
-951
-1045
-964
-862
-888
-1014
-1008
-1092
-1140
-1106
-1012
-975
-826
-645
-526
-273
-169
-316
-668
-1097
-1541
-1891
-2296
-2559
-2541
-2337
-2005
-1548
-1193
-879
-644
-555
-617
-763
-820
-821
-879
-992
-910
-850
-819
-808
-675
-579
-507
-282
-23
320
646
1039
1258
1465
1514
1323
1015
631
322
-55
-83
29
328
811
1424
1935
2378
2642
2776
2837
2487
2105
1677
1223
783
469
268
129
121
245
456
569
719
884
995
957
960
1126
1161
1123
1011
849
587
203
-152
-422
-760
-1163
-1325
-1331
-1172
-836
-439
-163
65
239
184
87
-115
-370
-702
-792
-636
-424
-75
256
537
636
493
392
209
13
-261
-473
-434
-419
-343
-207
27
117
190
318
202
117
23
-96
-253
-348
-317
-192
-145
-179
-82
-36
9
-1
90
172
235
159
128
140
-45
-272
-532
-813
-999
-1056
-1035
-957
-711
-545
-524
-438
-454
-527
-578
-671
-775
-793
-668
-594
-525
-409
-347
-291
-351
-428
-496
-460
-492
-508
-415
-229
47
306
455
481
382
45
-423
-780
-1101
-1340
-1409
-1135
-591
42
513
878
1253
1583
1693
1504
1305
1039
923
819
583
257
49
-109
-410
-508
-420
-328
-172
236
647
1029
1379
1597
1739
1724
1499
1106
596
-5
-560
-1024
-1298
-1342
-1170
-851
-449
73
536
888
1048
1021
854
571
411
250
92
30
125
195
339
453
588
683
475
320
141
165
279
423
576
734
822
892
813
655
517
338
86
-177
-242
-195
-157
-230
-232
-200
-251
-378
-354
-132
15
181
241
298
159
-107
-413
-871
-1297
-1631
-1842
-1970
-1746
-1362
-952
-714
-557
-465
-611
-836
-1212
-1549
-1932
-2252
-2421
-2315
-1896
-1395
-789
-249
133
448
574
494
294
118
-14
-187
-324
-244
-71
29
95
85
-55
-241
-531
-807
-792
-701
-416
-10
578
1168
1757
2235
2483
2644
2453
2013
1458
899
418
-23
-338
-436
-402
-262
33
432
889
1246
1529
1774
1920
1949
1870
1727
1403
1056
677
183
-271
-550
-739
-737
-651
-500
-153
218
620
932
1097
1091
931
723
462
243
92
13
-98
-242
-176
-131
-92
-66
-72
-2
149
285
439
646
737
705
556
311
38
-119
-285
-423
-425
-336
-185
-157
-63
46
-37
-161
-330
-450
-636
-744
-717
-554
-328
-175
-105
-137
-347
-669
-989
-1466
-1883
-2189
-2291
-2267
-2025
-1663
-1395
-1147
-1148
-1294
-1523
-1953
-2315
-2713
-2945
-2841
-2632
-2196
-1675
-1098
-499
-110
212
364
418
352
57
-210
-471
-677
-855
-888
-821
-625
-464
-307
-175
-83
50
25
100
247
449
715
991
1330
1756
2004
2208
2264
2174
2014
1630
1269
941
682
519
571
793
1158
1626
2078
2530
2883
3196
3241
3164
2937
2556
2040
1527
1083
751
604
538
580
685
827
938
988
1020
952
796
691
573
616
762
929
1034
1006
925
762
538
235
-87
-391
-565
-698
-709
-497
-273
-69
86
170
204
187
52
-122
-337
-542
-724
-771
-743
-658
-549
-524
-644
-922
-1185
-1439
-1729
-1994
-2040
-2016
-1830
-1546
-1158
-744
-553
-567
-663
-830
-1059
-1355
-1603
-1791
-1912
-1958
-1944
-1914
-1928
-1977
-2097
-2181
-2219
-2245
-2123
-1962
-1866
-1579
-1235
-864
-572
-323
-36
41
107
50
-5
-123
-389
-549
-783
-883
-899
-816
-705
-558
-399
-193
42
154
224
303
330
428
617
755
937
1093
1246
1394
1560
1690
1644
1535
1380
1190
993
938
1012
1184
1479
1647
1777
2007
2176
2330
2271
2089
1869
1567
1352
1102
1031
1015
1026
1072
1107
1119
1087
948
765
553
377
351
409
552
771
1049
1275
1479
1572
1544
1399
1164
847
599
432
239
209
294
396
477
596
621
522
455
262
190
210
191
303
409
374
305
157
-87
-361
-726
-1110
-1549
-1925
-2101
-2127
-2061
-2024
-1810
-1513
-1205
-879
-664
-504
-529
-805
-1101
-1381
-1699
-2071
-2474
-2802
-3073
-3303
-3461
-3405
-3287
-3086
-2833
-2655
-2301
-1976
-1682
-1412
-1204
-1111
-975
-823
-765
-610
-592
-610
-666
-846
-843
-924
-1016
-948
-893
-677
-388
-61
290
696
915
1050
1170
1272
1235
1228
1256
1249
1241
1221
1362
1546
1743
1901
2001
2101
2145
2165
2115
2131
2197
2075
2036
1989
1975
1989
1944
1883
1843
1868
1933
1954
2006
2053
2082
2000
1878
1666
1404
1072
674
314
95
-28
-97
17
164
446
674
888
1003
988
822
625
325
18
-178
-403
-453
-527
-544
-589
-628
-705
-761
-796
-949
-976
-893
-802
-674
-586
-421
-292
-347
-427
-665
-922
-1250
-1654
-2041
-2257
-2277
-2322
-2197
-1958
-1734
-1447
-1129
-870
-610
-488
-432
-496
-581
-699
-815
-1048
-1267
-1469
-1783
-2028
-2244
-2332
-2383
-2312
-2073
-1720
-1307
-889
-522
-135
62
221
247
231
184
130
33
-76
-113
-185
-153
-144
-88
-71
-25
48
118
312
432
598
935
1171
1312
1418
1405
1380
1270
1113
932
817
887
923
1050
1242
1484
1694
1902
2023
2144
2246
2190
2129
1956
1772
1629
1519
1454
1339
1297
1296
1374
1463
1552
1658
1663
1555
1417
1317
1075
865
682
510
287
98
-28
-25
6
4
126
213
240
271
357
314
184
50
-115
-284
-527
-615
-594
-631
-768
-841
-898
-985
-1042
-1171
-1295
-1336
-1369
-1380
-1337
-1285
-1258
-1219
-1251
-1391
-1592
-1756
-2003
-2243
-2428
-2529
-2527
-2519
-2371
-2213
-1976
-1667
-1398
-1114
-854
-737
-678
-755
-967
-1144
-1454
-1832
-2003
-2156
-2317
-2350
-2221
-1979
-1697
-1373
-990
-631
-244
96
329
581
744
797
759
663
567
506
467
440
428
505
581
659
780
940
1106
1310
1484
1683
1834
1946
2013
2023
2038
1957
1883
1861
1822
1845
1882
1935
1941
1952
1981
2094
2169
2220
2284
2380
2403
2264
2183
1904
1649
1380
1047
812
711
694
724
903
1112
1245
1367
1390
1279
1168
899
584
236
-83
-260
-442
-543
-609
-575
-642
-681
-679
-716
-791
-893
-971
-912
-952
-929
-942
-1007
-1039
-1051
-1023
-1155
-1263
-1426
-1596
-1701
-1801
-1874
-1851
-1774
-1670
-1514
-1327
-1116
-984
-944
-957
-1085
-1174
-1294
-1369
-1368
-1450
-1468
-1493
-1392
-1302
-1177
-974
-854
-726
-627
-592
-568
-545
-620
-779
-1004
-1161
-1288
-1360
-1423
-1419
-1361
-1308
-1119
-906
-631
-298
22
251
409
582
691
726
744
660
596
611
541
486
569
629
682
843
938
1067
1152
1296
1390
1395
1377
1397
1447
1413
1408
1382
1388
1268
1296
1245
1187
1213
1189
1292
1330
1430
1624
1793
1952
2016
1974
1927
1822
1646
1415
1241
1033
858
734
575
576
632
654
721
804
913
988
1065
1143
1040
937
660
427
202
-21
-172
-319
-477
-539
-509
-576
-583
-633
-671
-686
-776
-832
-864
-884
-844
-864
-849
-881
-910
-908
-993
-1143
-1317
-1437
-1604
-1717
-1696
-1755
-1735
-1641
-1560
-1453
-1350
-1312
-1288
-1292
-1286
-1312
-1312
-1350
-1399
-1413
-1452
-1429
-1338
-1294
-1271
-1269
-1235
-1200
-1111
-952
-850
-817
-843
-862
-920
-1051
-1098
-1243
-1262
-1190
-1036
-758
-512
-257
70
360
511
636
673
709
697
638
592
513
529
611
545
579
697
834
1014
1064
1161
1298
1367
1477
1529
1514
1492
1439
1436
1335
1327
1310
1226
1178
1166
1172
1261
1354
1430
1537
1551
1598
1609
1644
1675
1626
1577
1575
1519
1474
1371
1180
959
771
600
450
348
395
450
514
668
811
852
900
939
882
816
626
436
277
88
-119
-304
-382
-439
-468
-514
-532
-507
-537
-522
-599
-534
-551
-661
-669
-718
-773
-826
-913
-1038
-1159
-1314
-1459
-1553
-1638
-1736
-1775
-1813
-1836
-1755
-1728
-1653
-1558
-1533
-1422
-1396
-1376
-1294
-1177
-1094
-1109
-1143
-1225
-1229
-1236
-1227
-1257
-1292
-1288
-1349
-1288
-1243
-1167
-1165
-1126
-1080
-1030
-925
-818
-723
-652
-480
-386
-254
-94
33
111
119
103
75
115
157
288
482
639
808
944
1079
1198
1282
1271
1255
1174
1126
1158
1203
1290
1324
1341
1280
1293
1268
1242
1217
1242
1276
1332
1380
1532
1632
1699
1758
1659
1597
1508
1448
1428
1420
1474
1534
1570
1630
1541
1442
1345
1181
1020
873
777
725
680
622
529
505
550
649
742
789
738
681
507
245
72
-223
-359
-450
-530
-604
-682
-672
-744
-719
-770
-848
-836
-841
-800
-801
-792
-811
-873
-996
-1067
-1201
-1377
-1492
-1631
-1718
-1818
-1841
-1893
-1789
-1684
-1512
-1354
-1221
-1033
-943
-877
-839
-835
-960
-1000
-1047
-1089
-1085
-1121
-1150
-1205
-1195
-1171
-1167
-1160
-1149
-1120
-1062
-916
-852
-668
-478
-384
-244
-238
-162
-187
-186
-199
-202
-191
-201
-169
-123
-48
59
184
325
556
632
788
934
1004
1085
1052
1020
963
841
778
733
743
806
821
915
1041
1118
1190
1183
1164
1112
1064
998
984
961
892
891
837
827
823
832
871
922
983
1006
1034
1006
1017
1000
951
886
746
686
620
550
503
421
375
330
336
382
476
518
627
706
750
750
741
661
497
301
130
4
-163
-284
-379
-446
-493
-433
-398
-387
-441
-444
-506
-553
-577
-633
-667
-682
-759
-827
-878
-1045
-1205
-1367
-1460
-1566
-1607
-1545
-1527
-1443
-1317
-1226
-1125
-976
-904
-816
-779
-788
-847
-936
-1044
-1195
-1293
-1304
-1306
-1210
-1063
-935
-801
-673
-586
-508
-393
-350
-266
-241
-188
-71
4
79
82
74
71
-12
-20
-8
23
86
157
288
341
474
635
808
904
957
1006
1005
1010
991
924
838
755
631
581
593
688
790
910
1034
1066
1112
1091
985
950
841
809
811
813
880
985
1090
1082
1145
1127
1086
1049
1002
919
841
778
733
689
704
714
733
782
703
707
660
476
395
270
175
136
111
157
188
239
250
247
196
112
-62
-231
-356
-450
-524
-519
-554
-572
-633
-736
-805
-979
-994
-1027
-1074
-1099
-1092
-1048
-1046
-1043
-1112
-1142
-1138
-1292
-1361
-1357
-1432
-1419
-1348
-1309
-1223
-1113
-1023
-851
-755
-666
-614
-636
-628
-709
-752
-790
-793
-857
-830
-812
-811
-701
-619
-519
-484
-458
-373
-314
-243
-190
-189
-143
-117
-31
25
127
143
114
135
136
196
242
287
335
418
540
621
723
800
842
850
803
779
726
716
632
522
529
489
439
515
532
656
741
824
953
1022
992
985
994
912
860
815
814
808
878
888
981
1062
1110
1165
1099
1122
1060
967
930
841
808
812
819
797
817
778
648
561
483
397
316
244
204
199
229
248
269
255
278
202
125
31
-128
-231
-384
-367
-417
-506
-556
-662
-740
-782
-828
-960
-1026
-1043
-1067
-1036
-1063
-1053
-1004
-1074
-1208
-1309
-1465
-1621
-1729
-1785
-1785
-1740
-1630
-1457
-1291
-1161
-965
-885
-847
-815
-871
-943
-1032
-1053
-1049
-1034
-995
-927
-839
-740
-607
-476
-396
-249
-149
-90
-1
66
62
92
50
6
49
47
109
190
287
426
523
639
690
770
793
859
822
772
794
789
827
809
749
786
777
700
671
570
446
400
387
475
575
645
716
784
800
812
832
772
746
644
545
481
486
510
537
647
727
813
933
1009
1061
1022
1014
965
862
861
848
853
863
810
733
681
595
505
500
477
517
528
536
578
540
440
406
305
265
217
161
158
126
139
73
12
-54
-122
-273
-358
-433
-549
-579
-690
-736
-815
-829
-876
-976
-985
-1042
-1087
-1177
-1227
-1269
-1266
-1258
-1230
-1221
-1175
-1143
-1098
-1071
-1109
-1091
-1113
-1153
-1243
-1262
-1309
-1316
-1251
-1256
-1166
-1088
-1009
-909
-811
-747
-728
-657
-654
-684
-704
-708
-717
-723
-722
-695
-696
-630
-488
-365
-244
-145
-44
31
78
136
169
205
231
289
358
406
453
500
556
542
571
574
623
647
646
715
721
815
923
973
1014
1010
1008
1016
1041
1046
1022
1019
1014
1058
1128
1233
1328
1376
1441
1421
1468
1462
1457
1486
1445
1463
1445
1458
1495
1472
1415
1364
1219
1113
991
895
846
756
756
728
685
707
663
575
543
453
431
323
237
213
129
48
-90
-200
-365
-555
-713
-853
-998
-1076
-1174
-1262
-1311
-1397
-1476
-1561
-1603
-1672
-1710
-1709
-1713
-1724
-1722
-1719
-1735
-1730
-1683
-1600
-1519
-1531
-1458
-1441
-1409
-1414
-1438
-1439
-1448
-1386
-1310
-1180
-1086
-930
-778
-693
-578
-489
-441
-352
-270
-272
-232
-216
-211
-187
-194
-187
-170
-127
-50
176
329
497
633
638
640
643
633
575
538
480
428
441
512
594
611
676
711
759
806
835
847
792
818
816
850
900
910
899
839
801
735
731
749
756
769
796
817
877
934
1016
1027
1005
933
876
814
727
688
634
672
711
761
804
879
850
797
738
630
553
468
371
321
337
328
337
324
375
378
346
353
266
236
168
94
28
-69
-160
-247
-369
-483
-614
-741
-847
-909
-1021
-1012
-1010
-958
-904
-900
-951
-934
-996
-1116
-1103
-1193
-1198
-1206
-1184
-1206
-1150
-1134
-1123
-1056
-1102
-1103
-1053
-1069
-1038
-998
-962
-881
-797
-719
-653
-545
-522
-398
-385
-393
-366
-421
-339
-260
-187
-88
-12
39
45
58
49
10
50
90
122
227
372
472
556
582
552
533
542
532
508
535
521
571
560
577
589
638
676
722
749
702
710
696
710
724
686
729
757
794
809
818
829
832
855
778
727
720
718
728
749
683
656
627
556
525
514
460
477
491
446
452
431
336
329
200
101
-48
-188
-228
-296
-275
-250
-252
-251
-203
-198
-173
-185
-171
-211
-272
-362
-434
-508
-639
-741
-898
-988
-1020
-1083
-1112
-1077
-978
-936
-915
-934
-971
-1022
-1074
-1129
-1186
-1224
-1244
-1219
-1245
-1183
-1138
-1096
-1011
-898
-801
-698
-629
-594
-554
-570
-548
-508
-493
-337
-208
-69
98
222
338
342
359
380
415
440
567
618
665
752
762
770
781
821
831
843
874
925
963
1020
1071
1057
1076
1057
1009
980
907
851
799
748
747
731
730
749
765
824
841
846
791
723
645
531
447
439
455
436
488
537
531
508
467
338
239
140
12
-38
-50
-97
-78
-49
-59
-24
-35
-47
-54
-35
-134
-159
-226
-249
-255
-309
-266
-290
-298
-312
-271
-255
-273
-261
-318
-325
-313
-319
-291
-275
-234
-185
-190
-198
-287
-393
-457
-567
-637
-679
-752
-714
-709
-704
-744
-813
-835
-860
-879
-893
-895
-852
-867
-822
-834
-868
-845
-876
-925
-959
-938
-923
-890
-804
-675
-690
-667
-610
-633
-591
-536
-484
-413
-370
-331
-266
-192
-108
20
59
107
221
225
313
345
367
354
397
386
369
386
465
531
579
653
636
698
759
841
834
888
844
859
896
916
974
1056
1101
1093
1127
1121
1139
1138
1152
1131
1120
1127
1095
1026
1015
910
777
760
692
663
615
577
591
552
530
502
435
385
345
316
285
262
258
233
204
168
120
56
-7
-93
-157
-245
-280
-318
-323
-256
-247
-179
-207
-291
-333
-429
-504
-597
-666
-719
-752
-790
-798
-780
-779
-762
-773
-761
-759
-830
-902
-998
-1081
-1113
-1158
-1144
-1144
-1151
-1171
-1141
-1130
-1154
-1163
-1197
-1130
-1105
-1044
-986
-986
-926
-915
-927
-899
-815
-755
-619
-560
-532
-455
-387
-260
-219
-112
-60
-22
35
63
118
142
203
288
363
434
534
604
678
707
712
687
638
658
663
701
710
725
760
764
783
829
858
839
845
821
853
836
808
835
836
844
818
833
811
812
828
765
720
717
697
712
727
679
589
567
516
416
339
270
304
335
293
329
337
343
419
457
477
478
477
449
463
438
409
381
267
234
165
158
111
70
79
43
44
3
45
85
74
66
10
-47
-134
-251
-307
-378
-388
-347
-400
-407
-362
-409
-433
-492
-545
-577
-626
-694
-740
-798
-832
-863
-879
-919
-950
-953
-999
-1029
-1051
-1048
-1140
-1136
-1126
-1153
-1119
-1168
-1209
-1131
-1099
-1100
-1011
-963
-911
-816
-821
-795
-738
-714
-682
-609
-534
-425
-288
-181
-79
-46
27
67
143
228
290
329
397
456
443
438
445
440
505
542
649
743
767
795
780
700
666
648
634
710
765
843
907
930
1004
1026
1016
1071
1033
1029
1052
1059
1054
1014
946
844
770
679
590
549
486
437
436
383
331
332
295
291
291
309
282
249
216
157
77
17
-1
-79
-123
-165
-151
-123
-98
-118
-165
-230
-329
-365
-373
-413
-350
-383
-433
-423
-471
-491
-502
-526
-600
-588
-530
-484
-412
-317
-308
-298
-296
-312
-352
-373
-410
-498
-491
-483
-494
-487
-446
-372
-322
-264
-186
-118
-50
23
48
18
-11
-62
-110
-132
-172
-169
-184
-182
-203
-198
-189
-146
-109
-116
-53
-63
21
18
5
-29
-87
-107
-128
-123
-84
-60
-90
-45
-90
-129
-179
-167
-136
-162
-61
-15
17
66
84
86
50
2
-33
-88
-133
-117
-103
-66
-15
56
108
154
216
231
270
198
153
180
151
160
180
147
108
50
-30
-37
-39
0
53
121
250
364
437
482
538
539
465
371
294
199
125
92
23
42
95
114
172
249
282
295
306
272
274
197
203
196
161
179
124
83
42
32
10
-30
-15
25
57
117
163
167
220
181
101
112
48
35
-33
-113
-152
-249
-290
-302
-332
-422
-382
-368
-379
-315
-354
-383
-417
-427
-420
-427
-430
-426
-438
-397
-435
-471
-431
-433
-350
-316
-245
-119
-68
8
54
75
71
111
146
179
191
222
275
330
334
359
382
422
414
466
520
549
660
689
697
667
638
580
529
444
397
330
290
283
248
250
249
205
174
191
209
200
194
181
126
57
11
