SAMPLES:	8932
BITSPERSAMPLE:	16
CHANNELS:	1
SAMPLERATE:	16000
NORMALIZED:	FALSE
-196
-201
-252
-251
-235
-208
-176
-155
-154
-98
-77
-44
-31
-56
-62
-59
-44
-74
-43
-56
-4
-5
30
30
12
24
-4
-5
-15
-29
-14
0
-6
26
30
60
84
110
98
125
142
120
154
120
113
92
63
65
47
24
-20
-46
-64
-97
-123
-104
-101
-58
-29
-49
-8
27
14
19
8
-26
-27
-62
-88
-92
-79
-103
-88
-68
-84
-33
18
54
120
144
192
225
217
239
223
250
247
240
256
263
209
207
200
171
189
158
152
162
173
176
205
171
175
166
139
156
125
153
117
112
72
69
75
29
27
22
0
8
47
5
22
-13
-16
-2
-34
-39
-61
-77
-137
-130
-139
-193
-200
-252
-293
-328
-321
-334
-316
-314
-298
-281
-263
-255
-229
-225
-241
-209
-211
-175
-175
-188
-206
-236
-244
-268
-271
-307
-285
-283
-287
-295
-290
-268
-236
-224
-250
-203
-231
-235
-254
-276
-292
-289
-262
-213
-148
-97
-45
-15
-27
-47
-44
-70
-41
-15
17
82
101
123
114
88
108
98
125
171
209
274
314
343
348
338
332
314
317
305
268
273
267
246
249
240
241
239
220
206
196
161
139
139
121
114
119
100
78
70
39
10
-24
-48
-50
-50
-51
-67
-37
-27
-42
-5
-32
28
40
60
55
73
105
125
143
173
185
152
155
114
116
158
160
222
245
239
258
236
230
207
193
155
140
115
126
130
139
169
111
102
120
106
139
89
62
54
56
56
56
54
51
60
38
44
28
25
-4
-44
-68
-114
-132
-155
-182
-199
-216
-238
-244
-244
-250
-256
-263
-257
-235
-214
-221
-256
-247
-272
-259
-233
-261
-225
-221
-226
-211
-214
-196
-202
-203
-241
-239
-201
-214
-214
-202
-232
-218
-194
-192
-161
-152
-86
-102
-84
-70
-58
-38
-23
-11
-30
-16
-37
-12
-14
-38
-34
-61
-104
-86
-87
-69
-6
64
138
180
228
225
256
268
232
179
150
132
86
91
59
35
45
39
51
95
95
117
132
148
186
175
179
127
101
66
62
51
11
30
3
-11
11
47
64
100
96
90
74
55
39
18
21
-20
-3
-7
-6
-2
-5
9
-16
-6
-20
20
65
66
92
90
131
140
170
153
168
169
167
204
218
277
285
285
293
289
281
274
243
209
178
178
157
132
128
97
41
42
43
34
60
34
32
22
49
50
52
55
44
32
11
-29
-42
-42
-68
-85
-115
-113
-101
-99
-122
-149
-163
-169
-186
-184
-186
-175
-212
-231
-239
-280
-291
-351
-350
-380
-397
-410
-424
-407
-420
-392
-378
-311
-301
-262
-224
-224
-212
-210
-184
-179
-160
-142
-145
-190
-186
-175
-192
-213
-211
-194
-183
-180
-168
-138
-102
-94
-96
-82
-78
-62
-35
-21
-53
-57
-67
-81
-82
-90
-80
-97
-81
-70
-70
-40
-41
-32
-48
-46
4
32
85
122
171
181
226
262
266
293
246
264
289
302
320
346
333
357
361
354
350
350
370
382
402
422
446
440
438
414
418
363
341
329
288
327
322
292
276
230
197
166
154
131
142
143
126
150
132
162
149
122
109
104
92
72
47
-2
-16
-65
-39
-67
-64
-78
-115
-95
-125
-157
-167
-171
-206
-186
-184
-199
-200
-180
-200
-217
-219
-240
-228
-233
-224
-217
-206
-201
-175
-148
-127
-98
-65
-93
-105
-96
-79
-76
-70
-67
-66
-52
-70
-77
-115
-122
-129
-146
-152
-162
-209
-210
-231
-237
-243
-225
-203
-170
-110
-127
-97
-95
-81
-62
-79
-89
-99
-105
-121
-120
-165
-172
-107
-96
-66
-24
-26
14
31
47
91
129
170
196
189
209
184
178
149
95
105
49
39
56
19
67
38
25
14
-4
-13
-16
-6
7
42
20
23
28
0
-26
-32
-61
-36
-21
9
40
60
38
8
-2
-137
-965
-1374
-481
123
-217
261
1152
1470
1947
1827
1118
918
256
-1333
-2034
-2145
-2214
-1698
-913
-306
658
1838
2474
2546
2190
1551
594
-384
-1072
-1347
-1040
-531
-264
-94
368
703
616
466
66
-443
-585
-421
-227
333
951
1116
924
707
471
156
-443
-1045
-1356
-1468
-1074
-550
-175
316
836
969
833
557
379
261
52
-436
-739
-722
-809
-866
-712
-410
-365
-272
-165
-154
79
458
651
613
634
604
505
333
66
-305
-536
-723
-1085
-1156
-820
-571
-332
106
358
586
769
706
587
422
139
-137
-470
-663
-636
-819
-1016
-822
-633
-521
-128
371
803
1405
1712
1525
1500
1178
340
-104
-415
-949
-1155
-1075
-986
-501
101
433
875
1247
1425
1532
1563
1351
1076
658
154
-87
-194
-293
-408
-352
-109
305
362
-375
-2181
-4652
-6176
-6442
-6299
-5734
-3553
-79
3783
7325
10051
11589
11193
8421
3875
-1401
-6265
-9795
-11705
-11889
-10264
-6701
-1757
3102
6696
8949
9568
8000
4997
1834
-885
-2513
-3152
-3365
-2852
-1662
-392
288
364
-407
-1736
-2829
-3403
-2962
-1163
1387
3858
5722
6947
7234
6122
3838
908
-2422
-5511
-7484
-8132
-7207
-4692
-1559
1067
3426
5506
6966
7512
7123
5736
3816
1929
-185
-1894
-2887
-3726
-4828
-5546
-5849
-5452
-3930
-1826
315
2354
4318
5961
6992
7066
5914
3666
802
-2606
-5670
-7403
-8027
-7729
-6188
-3901
-1414
1525
4255
5891
6585
6423
5270
3562
1780
-95
-1578
-2745
-3899
-4279
-4081
-3370
-2002
-495
954
2167
3172
3611
3582
3145
2325
1517
871
-282
-3782
-8605
-10773
-10046
-9703
-9503
-7007
-2064
3654
8571
12363
15129
15585
12779
7541
1140
-5070
-9800
-12809
-14704
-14774
-11615
-5766
230
4886
8255
10220
9964
7472
4133
1494
37
-961
-1953
-2385
-1876
-820
-341
-1486
-3858
-5874
-7096
-7547
-6502
-3426
918
5162
8437
10687
12067
11899
9583
5554
781
-3845
-7041
-8877
-9711
-8540
-5837
-2926
-173
2667
5533
7866
8423
7306
6301
5260
3349
1704
993
360
-428
-1629
-3675
-5734
-6205
-5905
-5444
-4263
-1907
1544
5446
8450
9884
10471
9634
6100
1414
-2581
-6041
-8285
-9085
-8963
-7311
-4072
-582
2534
4757
5627
5478
4953
3723
1758
548
14
-1093
-2240
-3092
-3874
-4002
-3778
-4093
-3908
-2739
-1072
716
2526
3970
5050
5319
4239
2783
1356
-115
-2334
-4470
-5488
-5763
-5431
-4441
-2667
-322
2159
3840
2198
-3112
-7076
-6689
-6720
-9154
-9052
-4886
833
5839
9815
13267
15149
13187
7565
660
-6106
-11077
-13598
-14899
-14913
-11327
-3985
3419
8373
11380
12723
10985
6130
487
-3684
-5801
-6324
-5963
-4716
-2086
1577
5010
6189
4781
2233
-352
-3248
-5455
-4749
-1516
1483
3580
5847
8035
9025
8063
5492
2043
-1134
-3390
-4853
-5131
-3450
-435
2534
3467
3003
3820
5254
4963
3023
1980
1887
1505
556
94
448
715
-240
-2154
-3480
-3347
-1734
66
1300
2542
4485
6109
6134
5004
3696
1336
-2257
-5952
-8455
-9091
-8256
-6364
-3812
-633
2294
4677
6640
7077
6082
4425
2337
-244
-2166
-3038
-3740
-4216
-4661
-4795
-4134
-3113
-2221
-789
817
1888
2978
3780
3624
2987
2065
424
-1287
-2355
-2507
-2139
-1763
-1809
-3664
-7388
-9689
-9039
-8241
-7885
-5748
-1229
4008
8374
12182
15048
15254
11988
6164
-662
-7162
-12270
-15208
-16136
-15449
-12026
-5881
843
6149
9968
12013
11340
8239
4442
1489
-807
-2612
-3841
-4662
-5061
-4649
-3531
-3014
-3638
-4186
-3953
-3111
-1458
1887
6062
9299
11391
12648
12420
10341
7116
3173
-1546
-6445
-10134
-11734
-10890
-8269
-4564
-330
3833
7564
10510
12086
11519
9567
7048
3934
381
-2056
-2941
-3536
-4274
-4835
-5178
-4997
-4187
-3146
-1905
-110
2331
4704
6832
8419
9330
8613
6014
2662
-716
-4106
-7114
-8893
-9609
-9243
-7666
-4904
-1159
2798
5692
7176
7597
6886
5556
3846
1473
-1255
-3601
-5191
-6342
-6792
-5965
-3969
-1548
423
2145
3765
4945
4968
4143
2742
1013
-442
-1655
-2696
-3483
-3361
-2674
-2172
-1791
-1011
-451
-2520
-7076
-9915
-9343
-8758
-8888
-6559
-1309
4388
8965
12308
14179
13858
10406
4506
-2503
-9149
-13497
-15039
-15181
-13983
-9412
-2183
4783
9575
12432
13415
11581
7171
1842
-2792
-6052
-7541
-7562
-6744
-5168
-2230
1386
3176
2796
2322
2213
1462
950
2016
4112
6355
7848
8190
7238
4847
1435
-2352
-6045
-8587
-8898
-7140
-4412
-838
3613
7318
9330
10102
9975
8900
6772
3584
633
-1249
-2899
-4461
-5054
-4759
-4449
-4226
-4448
-3929
-2108
-29
2505
4933
6807
8702
10064
9601
8285
5870
1685
-2878
-7012
-10955
-13304
-12733
-10744
-7623
-3397
1501
6425
10446
12401
12283
10812
7905
3901
-318
-4332
-7880
-9907
-10840
-11166
-9948
-7164
-3524
500
4202
7155
9323
10268
9319
7152
4353
480
-3740
-6880
-8929
-9619
-8418
-6404
-4196
-1472
837
909
-2181
-5906
-6864
-6330
-7148
-7288
-3637
2287
7220
10699
13253
13877
11587
6703
429
-6184
-11752
-15018
-16078
-15489
-12157
-5203
3230
9277
12574
14417
14009
10232
4425
-1103
-5697
-8923
-10340
-9680
-7451
-4004
133
3489
4581
4039
3648
3149
1914
1260
2235
3784
4964
6271
7717
8077
6505
3059
-1077
-4710
-7355
-8469
-8255
-6587
-3018
1359
5019
7996
10363
11456
10455
7211
3452
755
-1240
-3279
-4598
-4715
-4187
-3671
-3398
-3029
-2038
-952
-376
117
1551
4169
6707
8137
8326
7649
5743
2449
-1661
-5606
-8602
-10635
-11306
-10204
-7341
-3265
1269
5218
8023
9655
9919
8803
6489
3487
343
-3003
-6506
-9217
-10304
-9656
-7970
-5753
-2817
676
3953
6600
8251
8354
6926
4650
1427
-2459
-5450
-6895
-7774
-8384
-7563
-5251
-2541
-330
484
-1707
-5702
-7657
-7188
-7553
-8239
-5725
-53
5522
9106
11887
13690
12878
8485
1974
-4529
-10267
-14182
-15353
-14319
-11523
-5965
1723
8338
12030
13767
13659
10429
4632
-813
-4620
-7346
-9111
-9191
-7151
-4115
-556
2905
4936
5410
5168
4680
3983
3820
4853
6311
6851
6391
5869
4995
2671
-982
-4656
-7188
-8267
-7712
-5557
-2175
2461
7014
9921
11227
11713
11421
9435
5581
1064
-2432
-4927
-6900
-7697
-6826
-5182
-3499
-1716
-217
1449
3475
5119
5840
6296
7146
7498
6756
5163
3258
759
-2821
-6599
-9062
-9819
-9740
-8811
-6718
-3717
-403
3061
5983
7680
8307
7507
5488
2572
-609
-3439
-6072
-8813
-10921
-11179
-9745
-7280
-4234
-992
2329
5367
7360
7831
6962
5167
2608
-721
-4174
-6842
-7955
-7545
-6979
-5968
-4010
-1677
171
935
-782
-4930
-7700
-7454
-6951
-7427
-5824
-879
4880
8971
11623
13586
13872
10748
4846
-1545
-7160
-11243
-13316
-13535
-12139
-8184
-1724
4950
9282
11564
12727
11174
6481
974
-3028
-5605
-7477
-8253
-7225
-4264
-793
2233
3926
4297
4219
3969
3290
2954
3879
5413
6099
5933
5654
5196
3848
774
-2981
-5952
-7576
-7759
-6743
-4490
-571
3785
6818
8327
9447
10152
9008
5925
2376
-351
-2512
-4398
-5151
-4528
-3410
-2865
-2392
-1415
-622
128
914
1553
2423
4066
6031
7196
7331
6631
5028
1872
-1950
-5210
-7355
-8705
-9308
-8234
-5297
-1571
2028
5354
7783
8691
8081
6470
3752
283
-2762
-5274
-7629
-9182
-8967
-7256
-4852
-2555
-364
2066
4392
5905
6591
6246
4729
2835
465
-2196
-4483
-5962
-6494
-6956
-7476
-6791
-4658
-2828
-1770
-2100
-4788
-7337
-7119
-5742
-5397
-4528
-1073
3925
7801
10051
11229
11199
8616
3412
-2676
-7916
-11348
-12992
-12772
-11188
-7618
-1760
4693
8976
11083
12442
11763
7825
2307
-2183
-4945
-6873
-8285
-8094
-5977
-2832
390
3010
4533
5506
6329
6322
5502
5316
5886
5632
3950
2497
1893
1078
-859
-3532
-5371
-6035
-5751
-4782
-2978
-100
3436
6162
7202
7595
8390
8436
6081
2798
502
-1313
-3572
-5096
-4600
-3227
-2718
-3069
-2831
-1654
-374
911
2539
4276
5946
7770
8978
8515
7084
5232
2386
-1656
-5783
-8193
-8767
-8757
-7959
-5419
-1999
1292
4103
6550
8028
7938
6778
4509
1040
-2397
-4820
-6607
-7997
-8627
-7369
-4899
-2472
-212
2246
4437
5465
5085
3952
2594
601
-1891
-4087
-5647
-6798
-6839
-6196
-5536
-4319
-2327
-847
-439
-1495
-4753
-7459
-7510
-7020
-7336
-6407
-2737
2427
7072
10471
12371
12942
11039
6286
306
-5343
-9547
-12189
-13278
-12619
-9479
-3809
2809
7944
11105
12806
12384
9163
4202
-485
-3726
-6177
-8363
-9256
-7941
-4644
-960
2009
3997
5209
5922
6058
5886
6425
7221
6845
4971
2915
1755
793
-818
-3458
-5852
-6950
-6924
-5754
-3474
20
3975
6936
8180
8514
9254
9460
7456
3039
-1333
-3842
-6237
-8484
-8461
-6164
-4004
-2839
-1406
787
3373
5164
5836
5991
5978
5847
5855
5283
3692
2115
639
-1740
-5167
-6937
-6317
-5303
-4579
-3157
-485
2452
4747
6349
7429
7220
5224
2251
-1051
-4350
-6692
-7944
-8731
-9012
-7917
-5177
-2132
499
2896
5023
6173
5773
4483
3110
1392
-1064
-3568
-5341
-6709
-7605
-7494
-6664
-5625
-4057
-2327
-1355
-1570
-4282
-7165
-7195
-5892
-5709
-5324
-2310
2403
6743
9792
11691
12097
10243
6015
568
-4552
-8301
-10448
-11229
-10975
-8963
-4734
1064
5872
8761
10481
10781
8647
4475
798
-1943
-4000
-5715
-6592
-5809
-3246
-113
2204
3493
3977
4456
4541
4145
4119
5095
5636
4800
3480
3009
2937
1846
-423
-2887
-4121
-4840
-5282
-4632
-2670
-21
2331
3851
4934
6505
8034
7907
6182
4210
2671
991
-1025
-2696
-3554
-3778
-4541
-5947
-5843
-3840
-1571
608
3206
5849
8274
10351
10927
9652
7732
5132
1160
-3489
-6990
-8278
-7927
-7150
-6058
-3692
-570
2019
3958
5341
5789
4906
2608
-108
-2322
-3938
-4895
-5441
-5500
-4989
-3729
-2052
-661
469
1329
1427
653
22
-518
-1282
-2039
-2915
-3605
-4062
-4113
-3770
-3229
-2722
-2277
-2233
-2662
-3763
-6604
-9350
-9241
-7474
-6811
-5924
-2391
2994
7928
11132
13004
13233
10874
5944
39
-5478
-9857
-12478
-13052
-12331
-9806
-4570
2025
7229
10367
12169
12268
9761
5211
837
-2632
-5359
-7615
-8545
-7552
-4726
-1012
2091
3930
4923
5770
6101
5590
5101
5382
5620
4888
3668
2990
2879
2140
-6
-2584
-4145
-4893
-5374
-5170
-3367
-63
3040
5157
6743
8463
9337
8576
6238
2967
-450
-3217
-4952
-5763
-5154
-3365
-1805
-1348
-849
181
1437
2162
2039
2392
4034
6176
7989
9033
9033
8068
5469
1093
-3540
-6545
-8122
-9197
-9385
-7957
-4831
-832
2975
6018
8139
8491
6570
3291
6
-2685
-4970
-7088
-8632
-8511
-7068
-5184
-2741
-21
2138
3429
3731
3348
2763
1575
-417
-2849
-5151
-7126
-8224
-8322
-7593
-6057
-4003
-2021
-618
-282
-2518
-5657
-6890
-6804
-7654
-8233
-6014
-1322
3750
7914
11092
12991
12355
8817
3620
-1889
-7042
-10838
-12869
-13380
-11768
-7353
-1013
4780
9265
12211
13218
11543
7711
3204
-1009
-4392
-6977
-8128
-7442
-5005
-1544
2024
4547
5741
6316
6245
5712
4962
4631
4727
4490
3985
3505
3276
2849
1326
-997
-3030
-4550
-5651
-6051
-4916
-2263
792
3712
6007
7852
9134
9491
8448
5385
1499
-1529
-3698
-5172
-5838
-5419
-4383
-3455
-2692
-1526
598
2420
3557
4516
5934
7461
8723
9180
8499
6947
4196
282
-3889
-6761
-7939
-8368
-8023
-6633
-4603
-1930
1414
4587
6586
7135
6414
4532
1938
-497
-2856
-5140
-7291
-8952
-9216
-8209
-6192
-3482
-383
2312
3545
3848
3938
3343
1851
-187
-2243
-4497
-6545
-7583
-7424
-6182
-4618
-3541
-2999
-3601
-5928
-7593
-6837
-5640
-5799
-5149
-2080
2204
6327
9689
11813
12134
9801
5079
-152
-5067
-9137
-11722
-12671
-12237
-9676
-4422
1775
6640
10008
12232
12128
9140
5155
1521
-1851
-4738
-6945
-7865
-7093
-4823
-1896
913
2958
4036
4566
4667
4695
5053
5700
5936
5295
4523
3895
2890
1341
-809
-3210
-5052
-6109
-6504
-5704
-3036
362
3380
5847
7453
8626
9385
8723
6406
3443
617
-1843
-3557
-4289
-4330
-3867
-3073
-2607
-2016
-741
745
2123
3723
5508
7203
8831
10092
10326
9443
7337
3860
-548
-4596
-7036
-8137
-8239
-6919
-4550
-2045
227
2679
5312
6805
6561
5102
3170
857
-1594
-3689
-5292
-6495
-7138
-6841
-5856
-4458
-2349
227
2036
2215
1760
1508
665
-949
-2934
-4843
-6402
-7427
-7863
-7192
-5504
-3649
-2406
-2430
-4521
-7097
-7190
-6163
-6648
-7247
-5047
-718
3508
7101
10007
11684
11147
7868
3008
-2149
-6858
-10590
-12895
-13681
-12149
-7659
-1543
4135
8192
11207
12740
11755
8461
4377
435
-2985
-5695
-7704
-8278
-6659
-3643
-875
1135
2757
4325
5350
5545
5632
6131
6582
6450
5952
5390
4586
3353
1511
-1064
-3731
-4898
-5137
-5686
-5503
-3303
6
2593
4440
6606
8836
9352
8123
6210
3913
1119
-1498
-3673
-5049
-5126
-4492
-3696
-2896
-1762
-112
1563
2820
3943
5670
7489
8261
8240
8046
7289
5280
2140
-1628
-4950
-6776
-7341
-7103
-5802
-3456
-717
1345
3130
5220
6880
6631
4574
1934
-494
-2842
-5032
-6717
-7629
-7425
-6583
-5335
-3380
-555
2361
4027
3830
2714
1622
474
-1257
-3421
-5322
-6663
-7144
-6889
-5893
-4139
-2430
-2288
-4828
-7465
-7084
-5184
-4840
-4824
-2722
1213
5148
7747
9504
10329
9119
5516
871
-3684
-7362
-9650
-11004
-11731
-10571
-6218
-655
3666
6480
8523
9562
8715
6319
3578
957
-1694
-4043
-5794
-6357
-5392
-3391
-1592
-539
579
2088
3412
4270
5226
6182
6645
6441
6176
6010
5151
3387
938
-1817
-4295
-5617
-5556
-5002
-4159
-2569
79
2591
4349
5927
7293
7406
6169
4736
3314
1567
-156
-1595
-3106
-4344
-4735
-4339
-3607
-2859
-1548
645
2622
3979
5897
8365
9565
9024
7795
6290
4052
1152
-1916
-4963
-7126
-7637
-6600
-4558
-1872
1173
3746
5052
5365
5930
6308
4939
2066
-604
-2658
-4706
-6346
-7281
-7350
-6587
-5272
-3684
-1825
572
2930
4172
3632
2052
785
-436
-2306
-4227
-5610
-6441
-6876
-6738
-6044
-4880
-3963
-5150
-7689
-8370
-6662
-5389
-4986
-3106
589
4826
7907
9675
10481
9936
6991
2195
-2835
-7241
-10333
-11831
-12236
-11281
-7804
-2116
3505
7476
9846
10957
10568
8437
5165
1636
-1359
-3890
-5847
-6764
-6055
-3997
-1624
-65
860
2187
3675
4610
5069
5793
6553
6782
6737
6682
6371
5192
3042
296
-2317
-4335
-5070
-4832
-4414
-3507
-1814
293
2679
4997
6820
7887
8022
6839
5078
3505
1359
-1103
-3141
-5311
-7110
-7079
-5485
-3985
-2268
192
2544
4317
5935
7815
9136
9021
7444
5361
3610
1618
-891
-3525
-5941
-7517
-7685
-6490
-4289
-1238
2035
4497
5643
6198
6712
6283
4109
834
-2352
-5126
-7459
-8787
-8804
-7677
-5801
-3470
-1242
610
2120
3454
3382
1677
-321
-1722
-3094
-4952
-5805
-5668
-5349
-5200
-5002
-4273
-3925
-5573
-8193
-8683
-7111
-6288
-5573
-2961
1202
5791
9152
10702
10882
9459
5933
1130
-3819
-8005
-10526
-11275
-11277
-9920
-5878
-375
4455
7212
8806
9031
7692
5307
2799
816
-1120
-2723
-3715
-3777
-2775
-1261
107
757
782
730
1227
2453
3624
4803
5898
6682
7102
7264
7089
6031
3858
905
-1798
-3731
-4574
-4473
-3454
-2004
-898
622
2916
4941
6132
7100
7299
6281
4696
3062
1481
208
-1435
-3824
-5420
-5619
-5085
-3612
-1490
469
2255
4089
5669
7066
8542
8626
6878
4599
2416
354
-1640
-3466
-5039
-6007
-5857
-4952
-3123
-440
2136
4034
5081
5217
5046
4502
2747
224
-2439
-4875
-6782
-7919
-8047
-7102
-5543
-3765
-1807
-303
721
1493
1844
834
-859
-2235
-3509
-4601
-5291
-5337
-4738
-4155
-4232
-4203
-4276
-5697
-7725
-8090
-7066
-6627
-5843
-3178
1006
5472
8645
10150
10186
8702
5163
678
-3705
-7624
-10260
-11245
-10780
-8629
-4420
790
5080
7727
8917
8696
7105
4350
1489
-664
-2174
-3360
-4186
-3910
-2344
-662
462
1009
1279
1536
1727
2321
3361
4453
5340
5926
6326
6403
5952
4926
3138
711
-1767
-3409
-3973
-4081
-3434
-2092
-350
1043
2168
3845
5573
6457
6457
6112
5230
3653
1796
137
-1446
-3588
-5526
-6142
-5644
-4161
-1931
801
3545
5700
7228
8412
8910
8203
6454
4094
1275
-1140
-2687
-3879
-4657
-4616
-3867
-2725
-1326
422
2409
4306
5281
5444
5336
4571
2964
931
-1351
-3735
-5700
-7140
-7701
-6934
-5317
-3316
-1152
634
1708
2080
1873
736
-900
-2252
-3329
-4325
-4705
-4393
-3703
-3046
-2778
-2880
-3765
-6079
-8926
-9621
-8294
-7308
-6357
-3687
710
5229
8775
10626
10548
8591
4610
-353
-5272
-9265
-11533
-12134
-11588
-9261
-4484
1190
5676
8191
8978
8341
6269
3217
48
-2317
-3561
-4072
-3913
-3157
-1652
379
1762
1837
1301
929
756
794
1371
2867
4592
5979
6770
7028
6755
5435
3450
1121
-1245
-2933
-3590
-3494
-2909
-1484
613
2276
3488
4842
5732
6145
6491
5994
5006
3958
2040
178
-1021
-2562
-4386
-4922
-4709
-4335
-2646
-116
2341
4472
6183
7339
8105
7726
5946
3856
1806
-715
-3399
-5062
-5677
-5583
-4690
-3347
-1713
194
2083
3682
4542
4944
4877
3820
1881
-349
-2372
-4229
-5886
-7197
-7563
-6890
-5377
-3380
-1247
838
2219
2561
1975
756
-737
-2193
-3651
-5042
-5740
-5664
-4880
-3782
-2683
-1835
-1506
-1796
-3775
-6409
-6979
-5787
-5533
-5739
-3825
231
4443
7271
8678
9165
8236
5008
979
-2630
-5829
-8227
-9187
-8882
-6948
-3002
1804
5516
6904
7142
6542
4211
821
-2005
-3549
-4206
-4166
-3290
-1505
881
3023
4343
4544
3631
2626
1897
967
337
772
1807
2397
2844
3570
4221
3859
2689
1368
224
-587
-971
-938
-707
-32
910
1870
2435
2567
3078
3725
3688
3077
2584
1809
679
-379
-1502
-2575
-2855
-2773
-2892
-2334
-903
779
2214
3251
4233
5465
6038
5270
4076
3219
2116
197
-1882
-3248
-3523
-3260
-2722
-2033
-842
727
2050
2814
3242
3881
4113
3096
1088
-732
-2043
-3433
-5190
-6352
-6262
-5098
-3627
-2065
-334
1336
2172
2066
1092
-388
-1668
-2863
-4137
-5075
-5046
-4236
-3081
-2221
-1564
-1031
-714
-1345
-3783
-6558
-7197
-6109
-6244
-6571
-4198
291
4285
6676
8155
8992
8326
5199
1260
-2093
-5272
-7654
-8668
-8288
-6381
-2735
1429
4232
5277
5671
5290
3075
75
-2148
-3207
-3446
-3370
-2621
-796
1403
3029
3882
3977
3137
2166
1399
609
207
1078
2016
2363
2896
3509
3764
3238
2051
734
-195
-794
-917
-699
-280
327
1320
2554
2979
2841
3317
3881
3647
3197
2883
1992
719
-350
-1490
-2293
-2281
-2314
-2381
-1779
-479
1082
2508
3643
4664
5875
6128
4904
3795
3216
1885
-441
-2343
-3379
-3729
-3438
-3050
-2407
-1065
420
1551
2433
3324
4014
4143
3281
1456
-36
-1288
-3177
-5464
-6826
-6723
-5786
-4377
-2803
-962
1033
2256
2242
1564
552
-889
-2771
-4564
-5518
-5595
-4782
-3514
-2482
-1451
-672
-362
-494
-1589
-4053
-6617
-7275
-6994
-7041
-5914
-2790
827
3871
5964
7259
7998
7365
4688
1433
-1757
-4785
-6379
-6678
-6382
-5261
-2961
-263
1482
2264
2838
2882
1655
-207
-1297
-1486
-1460
-1331
-693
367
1370
2199
3033
3478
3320
2927
2517
1976
1706
1896
1712
1084
467
204
207
277
557
1213
1887
2304
2655
3128
3472
3238
2741
2103
1147
547
1000
1761
2252
2752
2992
2426
1694
1266
814
156
-737
-1712
-2041
-1383
-210
882
2333
3701
4385
4861
4978
4357
3584
2776
836
-1275
-2427
-2925
-3125
-3114
-2896
-2248
-1233
-415
435
1537
2215
2272
1842
848
-344
-1586
-2989
-4524
-5601
-5695
-4989
-3603
-2002
-536
889
1756
1745
1359
331
-1528
-3425
-4897
-5811
-6241
-5733
-4555
-3279
-1780
-385
985
2132
2533
2459
1267
-2047
-5828
-7208
-7265
-8393
-8793
-6765
-3446
129
3681
7081
10203
11355
9663
7126
4200
526
-2940
-5754
-8277
-9731
-8851
-6296
-3340
-564
1983
3724
4055
3183
2228
1402
238
-746
-1068
-450
1089
3064
4854
5756
5596
4639
3079
916
-1508
-3501
-4798
-5451
-4747
-2389
740
3755
6413
8108
8487
8124
6806
4548
1627
-1262
-3062
-3541
-3373
-2231
72
2274
3718
4546
4844
4579
3915
2635
1229
-39
-1076
-1454
-1376
-799
309
1219
1841
2496
2946
3509
4085
4099
3756
3417
2570
1425
485
-721
-2152
-3189
-3886
-4355
-4088
-2896
-1353
-67
1146
2031
2128
1408
180
-1000
-2030
-3183
-4164
-4167
-3712
-2927
-2042
-1109
-340
-267
-691
-1518
-2627
-3611
-4101
-4164
-3905
-3502
-2821
-1874
-760
305
1008
993
681
296
-130
-554
-1349
-3000
-5907
-8242
-8664
-8326
-8083
-6552
-3287
461
4059
7473
10670
12483
11508
8067
3827
-972
-6097
-9937
-11881
-12525
-11530
-8107
-3478
800
4213
6578
6878
4884
2233
327
-726
-1328
-1489
-470
1481
3445
5296
6597
6257
3889
718
-2654
-5620
-6885
-6260
-4354
-1714
1580
5260
8692
10771
10915
9338
6716
2939
-1286
-3806
-4272
-4112
-3263
-1273
1060
3747
6164
7182
7177
6815
4989
2336
755
-432
-1351
-1279
-894
-703
-75
1083
2157
2683
2961
3202
3463
3414
3278
3467
3489
2910
1587
213
-1193
-2752
-4049
-4690
-4969
-4795
-3599
-1897
-706
-8
798
1478
1321
524
-110
-620
-1413
-2222
-2622
-2536
-2772
-3104
-3167
-3328
-3778
-3995
-3716
-3424
-3136
-2683
-1848
-971
-37
765
1413
1663
1014
371
-108
-983
-2047
-2728
-3279
-4325
-5701
-7290
-8187
-7394
-5989
-4839
-2896
272
3948
7251
9442
10256
9930
7684
3337
-1186
-5090
-8450
-10740
-11362
-10636
-8493
-4943
-1014
2441
4644
5283
4944
3965
2515
1072
209
157
337
781
1769
2454
2470
1896
654
-1125
-2589
-3355
-3293
-2260
-549
1408
3510
5378
6494
6965
6608
5289
3188
905
-994
-2096
-2256
-1707
-846
350
2146
4121
5625
6514
6700
6140
4969
3085
1438
664
95
-740
-1221
-841
-6
753
1608
2974
4249
4667
4422
4160
4055
4026
3507
2162
601
-1184
-2745
-3805
-4608
-4870
-4437
-3763
-3232
-2176
-756
552
1564
1891
1642
1172
385
-446
-970
-1769
-3021
-4150
-4810
-5232
-5154
-4353
-3343
-2447
-1815
-1154
-347
536
985
907
402
-198
-798
-1141
-1108
-1163
-1320
-1724
-2131
-2505
-2534
-2319
-2083
-1940
-2408
-3581
-4540
-4122
-2955
-2380
-2255
-1568
-348
1095
2334
3164
3781
3625
2182
226
-1326
-2779
-4146
-5424
-6538
-6758
-5566
-3423
-1023
1428
3041
3704
3718
3347
2709
2127
1612
733
-95
-345
218
1332
2477
3116
3199
2984
2431
1608
1024
460
-67
-333
-152
617
1936
3442
4474
4867
4192
3019
2618
2463
1668
972
1237
1917
2596
3385
4025
4724
4834
3438
1805
964
256
-544
-836
-412
482
1514
2482
3007
3122
3195
2768
1520
411
-218
-889
-1597
-2229
-2426
-2201
-2108
-2547
-2749
-2510
-2388
-1998
-1422
-870
-596
-332
-118
1
-110
-786
-1932
-3363
-4523
-5213
-5195
-4600
-3799
-2776
-1394
-169
798
1754
1945
1288
271
-948
-2256
-3019
-3112
-3104
-2965
-2680
-2247
-1505
-1040
-667
-43
351
347
380
921
1610
1845
745
-1233
-3364
-5241
-6540
-7801
-8440
-7411
-4787
-1716
1531
4992
8263
9875
8948
6524
3524
127
-3489
-6566
-8349
-8425
-6915
-4405
-1403
1392
3641
4856
4597
3623
2672
1945
1304
944
1400
2611
4132
5237
5571
5107
3660
1602
-401
-2093
-3138
-3236
-2520
-1344
589
3157
5030
6061
6265
5122
3955
3620
2788
1476
1151
1295
1483
2396
3191
3420
3762
3375
1798
1085
1325
1037
589
655
861
1276
1921
2100
1900
1410
176
-1496
-2528
-2634
-2260
-1803
-1346
-953
-452
357
794
596
371
-242
-1376
-2349
-2918
-3107
-2912
-2860
-3254
-3690
-3778
-3482
-2996
-2546
-2208
-1757
-1016
-379
260
1019
1240
641
-546
-1604
-2428
-3070
-3635
-4190
-4593
-4552
-3915
-3231
-2281
-1060
11
864
1485
1946
2380
2579
2005
1205
503
-445
-1603
-3037
-4541
-6341
-7922
-8719
-8777
-8034
-6476
-3875
-658
2588
5699
8495
10224
10169
8535
5713
2081
-1631
-5011
-7832
-9353
-9274
-7842
-5439
-2174
1547
4827
6941
7830
7923
7411
6308
4494
2629
1343
216
-351
-245
270
956
1592
2013
1973
1849
2044
2075
1638
1226
1047
1365
2019
2692
3267
4131
4818
4596
4192
4027
3372
2511
1760
974
808
1385
1952
2256
2784
3287
3348
2859
2259
1590
786
-347
-1883
-2839
-2887
-2768
-2672
-2093
-1234
-493
316
1149
1550
1592
1275
270
-852
-1768
-2572
-3258
-4028
-5025
-5479
-5199
-4765
-3996
-2712
-1661
-926
7
839
1509
1907
1744
1137
104
-1193
-2378
-3253
-4217
-5202
-5725
-5714
-5063
-4129
-3025
-1769
-462
421
1116
1785
2002
1997
1797
899
-279
-1354
-2498
-3764
-4968
-6036
-7232
-8173
-8298
-7604
-6314
-4526
-2074
744
3445
6020
8031
8932
8538
7145
4894
1841
-1632
-4961
-7249
-8568
-9030
-8052
-5654
-2287
1356
4680
7258
8903
9366
8827
7388
5292
3052
1000
-412
-1326
-1484
-861
178
1169
1846
2442
2957
3308
3148
2754
2778
3392
3799
3851
4267
4578
4143
3289
2626
1994
1065
732
942
1216
2425
4178
5304
6324
7039
6309
5156
3866
1608
-537
-1803
-3290
-4553
-4277
-3222
-2074
-538
822
1869
2631
2888
2566
1818
903
-389
-1996
-3384
-4143
-4540
-4800
-4848
-4842
-4495
-3865
-3478
-2762
-1572
-980
-942
-739
-531
-698
-898
-1340
-2012
-2616
-3320
-3801
-3759
-3479
-3453
-3444
-3450
-3361
-2923
-2421
-2288
-2082
-1589
-1223
-926
-501
-198
-203
-481
-1010
-1488
-1882
-2266
-2786
-3210
-3278
-3201
-3205
-3219
-3283
-3408
-3271
-2810
-2291
-1461
-310
912
2255
3795
5172
5821
5770
4987
3460
1641
-285
-2065
-3214
-3681
-3429
-2284
-505
1624
3686
5117
5631
5664
5067
3964
2794
1980
1390
985
1066
1607
2349
3047
3597
3584
3090
2269
1543
914
554
328
425
1268
1989
2133
2326
3499
4361
3622
3090
3595
3490
3444
3914
3424
2963
3034
1998
854
1042
470
-976
-1503
-1741
-2119
-1600
-902
-282
491
1128
1390
1739
2230
2053
1095
-200
-1537
-2903
-3854
-4460
-5054
-5092
-4531
-3930
-2921
-1504
-229
645
859
668
586
197
-690
-1489
-2124
-2929
-3519
-3696
-3600
-3127
-2736
-2585
-2369
-2087
-2002
-1840
-1622
-1896
-2160
-2203
-2054
-1923
-1534
-1094
-989
-1039
-1191
-1351
-1557
-1829
-2209
-2437
-2544
-2619
-2774
-2948
-2867
-2825
-2888
-3164
-3046
-2383
-1693
-938
212
1461
2586
3430
3891
4165
4000
3126
1671
426
-416
-1106
-1542
-1631
-1230
-506
296
1179
2035
2911
3625
3778
3682
3655
3604
3302
2825
2400
1931
1485
1158
881
789
985
1344
1669
1886
2180
2526
2936
3115
3100
3053
3135
2769
1770
1222
1516
1868
1762
1999
2760
3344
3750
4303
4267
3926
3273
2027
1028
607
40
-886
-1268
-1418
-1452
-1014
-351
68
510
699
498
260
302
146
-578
-1323
-2011
-2518
-2840
-3049
-3211
-3016
-2823
-2849
-2568
-2000
-1558
-1297
-1174
-1312
-1224
-1329
-1676
-1749
-1986
-2514
-3096
-3329
-3395
-3305
-3343
-3287
-2981
-2655
-2289
-2055
-1932
-1772
-1629
-1622
-1526
-1523
-1658
-1765
-1843
-2138
-2318
-2066
-2102
-2291
-2324
-2147
-1754
-1545
-1283
-883
-707
-557
-415
-322
-371
1
661
806
1627
2102
3079
3362
3437
3358
3039
2780
1636
1046
749
570
178
106
524
831
1238
1651
1933
2241
2525
2642
2594
2388
2142
1977
1685
1401
1283
1350
1381
1195
1158
1359
1456
1269
1108
1323
1717
1605
1571
1910
2242
2624
2763
2589
2435
2385
1856
1101
867
725
426
406
659
1124
1681
2239
2474
2367
2062
1425
699
50
-552
-1072
-1458
-1784
-1895
-1650
-1280
-961
-767
-394
-38
11
10
-117
-511
-1091
-1684
-2191
-2506
-2828
-3041
-2871
-2479
-2063
-1786
-1695
-1604
-1631
-1960
-2317
-2525
-2677
-2901
-3075
-3193
-3081
-2710
-2420
-2279
-2183
-2029
-1780
-1636
-1765
-2055
-2211
-2459
-3032
-3285
-3307
-3207
-3097
-2970
-2607
-2316
-2039
-1870
-1781
-1346
-945
-467
271
1126
1779
2214
2623
2704
2510
2126
1722
1162
533
147
-139
-313
-26
403
932
1551
2193
2807
3427
3631
3631
3622
3322
2681
2187
1913
1557
1322
1126
1241
1406
1484
1735
2142
2559
2758
2879
3010
3294
3518
3727
3852
3652
3189
2615
2003
1361
665
69
-225
-288
-127
379
1129
1806
2483
2890
3075
3206
3139
2892
2589
1935
1047
293
-233
-597
-934
-1102
-1344
-1507
-1536
-1578
-1575
-1498
-1632
-1690
-1585
-1615
-1405
-904
-635
-759
-857
-1094
-1468
-2059
-2677
-3518
-4410
-4925
-5053
-4759
-4370
-3778
-3018
-2456
-2134
-1893
-1652
-1873
-2487
-2970
-3166
-3173
-3139
-2912
-2545
-2091
-1856
-1733
-1579
-1537
-1638
-1996
-2444
-2984
-3259
-3292
-3433
-3180
-2528
-1800
-1040
-237
814
1751
2347
2616
2661
2599
2250
1800
1389
885
442
114
79
207
606
1113
1621
2269
2790
3282
3435
3473
3363
3360
3179
2763
2742
2665
2368
2061
1881
1690
1435
1149
862
690
903
1165
1462
1919
2270
2543
2719
2792
2829
2789
2627
2337
1916
1506
1240
964
540
258
54
-53
-49
-59
176
607
935
1161
1275
1497
1780
1878
2030
1941
1794
1514
1175
968
730
625
466
371
209
-20
-178
-525
-989
-1469
-1877
-2273
-2553
-2616
-2374
-1898
-1440
-931
-345
193
147
-211
-697
-1478
-2306
-3219
-3934
-4313
-4476
-4348
-4048
-3599
-3156
-2771
-2467
-2300
-2103
-2082
-2152
-2179
-2454
-2628
-2627
-2707
-2813
-2743
-2534
-2693
-2744
-2540
-2485
-2539
-2639
-2711
-2667
-2483
-2424
-2134
-1597
-977
-530
153
850
1432
1851
2031
2080
1875
1548
1300
954
563
522
548
599
682
950
1414
1829
2229
2665
3166
3603
3697
3745
3677
3526
3240
2930
2731
2446
2181
2095
1880
1596
1394
1327
1458
1301
1361
1736
2090
2291
2404
2678
2764
2511
2188
1889
1535
977
536
195
-216
-417
-517
-581
-517
-489
-326
-107
94
531
1037
1329
1434
1609
1658
1442
1098
807
543
267
196
204
170
167
61
-152
-499
-928
-1229
-1429
-1684
-1767
-1726
-1467
-1203
-1057
-876
-630
-514
-633
-757
-873
-1081
-1467
-1718
-2063
-2526
-2944
-3278
-3438
-3446
-3487
-3368
-3014
-2619
-2222
-1835
-1306
-966
-686
-481
-434
-430
-464
-581
-840
-1071
-1270
-1587
-1987
-2288
-2460
-2512
-2507
-2404
-2115
-1467
-928
-383
321
909
1312
1478
1609
1780
1987
1827
1620
1587
1579
1403
1230
1056
857
610
325
228
295
621
1098
1543
1902
2541
2982
3165
2986
2654
2176
1395
622
-237
-775
-923
-990
-754
-350
207
591
989
1437
1681
1760
1814
1705
1463
1246
880
431
-86
-569
-978
-1103
-1124
-901
-511
45
835
1481
2045
2602
2841
2600
2089
1551
888
360
5
-336
-338
-152
188
706
1154
1427
1514
1597
1430
1102
820
580
182
-222
-373
-505
-644
-518
-524
-557
-464
-506
-551
-579
-649
-820
-885
-978
-1055
-1007
-1111
-1183
-1397
-1773
-2279
-2822
-3264
-3731
-4029
-4034
-3770
-3328
-2736
-2018
-1294
-657
-214
190
328
206
-228
-964
-1778
-2555
-3188
-3652
-3895
-3878
-3485
-2762
-1839
-880
76
934
1430
1694
1707
1578
1456
1208
912
653
679
679
750
891
997
1261
1405
1487
1694
1901
1980
1992
1893
1885
1958
1922
1744
1672
1633
1432
1233
1034
864
805
688
558
519
726
929
928
870
1020
1085
894
904
798
694
476
357
172
21
84
-29
-66
-33
-39
-69
-27
-49
-29
237
406
350
494
828
980
820
707
701
489
380
262
319
474
539
483
547
580
469
349
135
-283
-502
-488
-524
-595
-485
-111
84
241
373
569
640
519
131
-98
-393
-868
-1356
-1615
-1681
-1984
-2177
-2223
-2064
-1944
-1914
-1932
-1817
-1592
-1572
-1502
-1490
-1495
-1456
-1394
-1386
-1287
-982
-804
-792
-857
-863
-965
-1122
-1364
-1560
-1635
-1662
-1548
-1298
-884
-476
-145
312
738
1085
1200
1159
983
617
306
3
-228
-437
-390
-74
282
818
1379
1942
2195
2232
2034
1855
1570
1193
932
618
593
435
319
403
547
653
655
553
492
470
477
557
740
1063
1273
1395
1402
1446
1480
1163
676
191
-261
-520
-590
-545
-348
36
371
567
785
1098
1281
1343
1235
1167
1224
1180
1116
1014
946
921
694
569
487
374
387
380
354
319
465
634
664
671
613
617
536
287
81
-100
-318
-424
-616
-716
-702
-704
-706
-724
-566
-560
-710
-927
-1058
-1327
-1812
-2095
-2382
-2653
-2838
-3008
-2892
-2501
-2150
-1804
-1406
-1117
-1007
-1049
-1098
-1354
-1561
-1824
-2068
-2239
-2177
-1964
-1759
-1465
-1131
-803
-662
-512
-390
-294
-272
-254
-301
-95
268
543
690
895
995
743
378
1
-229
-539
-751
-751
-318
307
1102
1962
2571
3090
3298
3139
2805
2357
1799
1113
401
-141
-364
-184
32
292
678
1060
1477
1736
1906
1951
1755
1499
1149
922
847
675
490
267
83
-19
-188
-279
-143
-47
31
157
346
679
953
1065
1029
866
732
547
177
-88
-366
-510
-437
-253
-45
228
367
564
744
839
773
561
447
163
-76
-214
-146
-92
-96
-63
-37
68
212
223
199
84
-143
-340
-523
-642
-603
-445
-357
-289
-331
-428
-539
-772
-1130
-1613
-1956
-2243
-2324
-2100
-1747
-1271
-766
-440
-307
-261
-358
-667
-1259
-1900
-2460
-2805
-2780
-2590
-2112
-1597
-1122
-673
-240
96
212
197
60
-118
-308
-305
-217
-121
4
94
24
-123
-219
-441
-732
-1021
-1209
-1019
-640
-199
254
905
1603
2112
2513
2692
2718
2458
1905
1266
665
114
-317
-618
-753
-662
-369
170
756
1312
1779
2162
2368
2479
2534
2299
2030
1668
1283
901
505
193
-70
-220
-320
-249
-7
393
759
1115
1424
1646
1847
1783
1564
1341
947
597
315
132
88
132
152
232
375
507
600
598
633
517
301
110
-29
-95
-193
-267
-391
-320
-164
-139
0
102
-9
-214
-452
-691
-991
-1204
-1408
-1451
-1341
-1305
-1178
-1040
-886
-1016
-1204
-1381
-1631
-1756
-1854
-1923
-1901
-1807
-1756
-1525
-1271
-1112
-1026
-1184
-1421
-1664
-1910
-2155
-2254
-2294
-2187
-2014
-1669
-1142
-555
-37
305
611
825
802
724
587
304
132
-129
-299
-398
-418
-395
-392
-435
-497
-458
-280
-25
189
450
747
1146
1514
1821
2130
2247
2210
2004
1704
1318
903
452
9
-320
-471
-452
-120
270
618
1046
1456
1784
2030
2163
2103
1831
1507
1129
673
49
-553
-779
-901
-1038
-807
-301
260
917
1397
1655
1757
1633
1136
711
391
-45
-400
-401
-169
147
670
1103
1418
1519
1449
1286
1115
829
364
70
55
125
205
425
559
728
826
864
826
763
735
562
434
315
159
-119
-475
-764
-926
-1040
-1086
-1086
-1037
-902
-906
-952
-972
-922
-1029
-1111
-1213
-1316
-1320
-1385
-1435
-1562
-1684
-1993
-2119
-2219
-2403
-2512
-2562
-2593
-2573
-2397
-2162
-1877
-1521
-1243
-1011
-709
-516
-311
-197
-132
-255
-484
-632
-878
-1024
-1040
-1046
-992
-875
-773
-571
-348
-120
100
207
322
440
559
697
811
1015
1164
1338
1501
1546
1578
1532
1398
1166
956
814
713
826
931
1002
1288
1626
1814
2050
2151
2157
2107
1957
1783
1607
1444
1278
1089
875
728
592
531
485
446
471
542
584
664
744
896
1028
1073
1096
1024
902
805
645
410
179
71
-19
-183
-220
-183
-190
-106
35
152
233
343
456
609
672
668
576
393
177
-82
-304
-581
-755
-891
-1092
-1084
-1070
-990
-930
-925
-772
-693
-661
-574
-524
-567
-668
-765
-871
-917
-1028
-1148
-1202
-1259
-1355
-1475
-1559
-1624
-1676
-1758
-1755
-1743
-1657
-1511
-1368
-1184
-1029
-763
-611
-484
-399
-193
-135
-175
-187
-186
-166
-323
-463
-585
-703
-908
-975
-927
-757
-521
-356
-55
232
352
543
650
570
442
399
346
248
392
596
680
795
780
768
822
763
630
569
443
486
685
850
1070
1353
1632
1741
1709
1606
1474
1221
918
667
469
329
280
336
392
476
472
409
392
320
257
160
166
332
565
787
1010
1227
1342
1318
1116
886
537
171
-120
-505
-630
-610
-354
-33
178
412
582
692
722
695
603
474
327
154
-8
24
-65
-167
-261
-397
-549
-648
-759
-935
-1132
-1312
-1339
-1330
-1223
-1064
-973
-920
-845
-756
-786
-754
-836
-1005
-1174
-1457
-1748
-1948
-2168
-2405
-2553
-2536
-2437
-2198
-1878
-1494
-1052
-765
-561
-439
-310
-235
-225
-302
-308
-245
-204
-127
-9
86
139
191
184
150
295
451
534
685
849
962
1013
1060
1149
1279
1408
1431
1455
1512
1506
1507
1497
1550
1543
1636
1673
1703
1754
1812
1732
1535
1398
1282
1266
1186
1158
1095
1109
1059
1115
1186
1201
1241
1194
1169
1007
923
768
513
189
-118
-425
-657
-756
-801
-671
-573
-571
-422
-248
-99
-106
-81
-166
-409
-590
-899
-1029
-1153
-1317
-1366
-1378
-1408
-1318
-1177
-1065
-977
-879
-794
-698
-590
-371
-212
-87
78
82
101
-28
-153
-321
-548
-679
-930
-1114
-1126
-1166
-1145
-1063
-949
-788
-609
-379
-189
-27
80
30
-52
-141
-362
-579
-834
-1077
-1308
-1411
-1434
-1462
-1417
-1316
-1135
-907
-662
-393
-116
59
178
289
322
403
359
292
228
35
-105
-167
-264
-310
-273
-155
28
216
469
696
852
962
1035
1130
1130
1136
1132
1129
1114
976
852
870
941
1003
1085
1247
1375
1460
1526
1475
1477
1498
1427
1307
1220
1055
998
871
707
748
792
884
1014
1157
1316
1400
1474
1326
1117
846
404
136
-46
-164
-271
-221
-158
-175
-185
-207
-278
-367
-423
-572
-606
-602
-450
-272
-259
-150
-179
-306
-435
-618
-919
-1122
-1228
-1372
-1332
-1232
-990
-662
-370
-119
3
25
-25
-201
-458
-720
-999
-1291
-1581
-1707
-1730
-1648
-1575
-1499
-1338
-1263
-1183
-1042
-906
-713
-545
-447
-380
-307
-317
-476
-757
-1084
-1439
-1770
-1990
-2148
-2084
-1928
-1699
-1362
-860
-386
87
472
700
921
936
879
624
399
180
-122
-329
-459
-464
-324
-156
192
477
833
1188
1405
1647
1715
1773
1701
1522
1258
1083
918
793
653
518
478
504
591
810
1150
1392
1687
1930
2130
2294
2368
2287
2125
1693
1181
742
287
-53
-214
-197
-124
93
343
678
1001
1147
1129
1010
822
537
367
186
-53
-169
-255
-329
-374
-372
-416
-459
-579
-681
-613
-489
-299
-157
67
288
309
334
188
26
-164
-394
-544
-703
-666
-576
-438
-306
-115
18
60
144
157
92
-36
-87
-235
-436
-596
-694
-783
-855
-888
-1004
-986
-976
-961
-925
-850
-764
-711
-596
-523
-568
-571
-683
-838
-1010
-1170
-1344
-1586
-1646
-1715
-1720
-1627
-1470
-1298
-1070
-787
-569
-291
-21
123
206
148
-3
-166
-376
-563
-752
-866
-923
-912
-845
-657
-376
-114
179
403
628
757
775
753
622
498
398
299
242
224
268
338
427
594
811
1031
1341
1601
1771
1966
2054
2089
2032
1863
1653
1407
1148
890
656
633
613
647
779
927
1073
1223
1313
1355
1383
1393
1306
1205
1098
896
800
655
480
303
134
-35
-212
-304
-356
-334
-314
-197
-116
-39
40
10
-13
-59
-141
-292
-408
-443
-552
-679
-796
-925
-1053
-1105
-1084
-1081
-956
-839
-763
-694
-664
-664
-786
-927
-1064
-1190
-1288
-1275
-1173
-1118
-1041
-949
-878
-770
-675
-628
-623
-679
-663
-726
-816
-963
-1042
-1081
-1054
-1035
-1027
-872
-668
-483
-302
-50
122
258
298
291
208
68
18
-12
19
53
142
216
238
390
468
516
554
582
671
725
864
881
986
1082
1040
993
899
816
676
603
458
350
290
284
386
502
645
804
902
984
975
1009
983
885
732
532
416
274
173
92
128
143
172
207
229
223
150
67
-56
-133
-45
25
110
284
429
496
565
509
464
333
206
0
-188
-245
-382
-344
-341
-220
-163
-252
-234
-239
-228
-172
-195
-170
-101
-104
-32
-28
-83
-105
-194
-325
-466
-575
-678
-752
-780
-806
-800
-792
-738
-672
-685
-657
-656
-581
-509
-412
-307
-278
-220
-210
-226
-264
-313
-436
-580
-721
-860
-941
-919
-891
-852
-723
-621
-440
-257
-187
-101
4
47
-3
-58
-142
-241
-344
-490
-612
-607
-550
-459
-370
-210
14
226
412
628
725
784
814
755
723
574
432
380
285
311
372
448
497
542
582
554
619
714
867
982
1024
1095
1178
1188
1213
1125
973
816
572
505
473
452
580
647
694
763
715
703
594
409
217
51
10
13
107
249
421
575
706
748
797
827
724
649
471
249
11
-160
-304
-427
-490
-557
-519
-484
-512
-485
-421
-380
-397
-438
-398
-410
-397
-454
-559
-673
-831
-889
-1055
-1157
-1250
-1306
-1300
-1290
-1158
-1037
-848
-729
-582
-389
-232
-155
-103
-63
-114
-168
-213
-339
-488
-604
-776
-847
-855
-834
-746
-656
-582
-490
-346
-279
-218
-145
-91
-56
-68
-7
19
-5
-9
-67
-174
-192
-248
-296
-341
-332
-183
-25
157
316
464
603
663
651
650
590
505
486
383
302
266
232
210
215
178
227
272
211
218
275
307
317
369
408
429
445
430
447
438
366
349
331
272
335
350
354
367
342
345
305
309
228
227
325
367
461
553
642
673
739
807
829
838
815
812
788
738
733
719
696
575
507
437
400
369
333
286
289
287
277
240
180
95
5
43
-14
7
59
81
53
-9
-59
-170
-342
-487
-659
-878
-936
-983
-977
-878
-809
-750
-717
-630
-612
-676
-712
-865
-916
-1026
-1130
-1237
-1340
-1448
-1546
-1598
-1613
-1462
-1404
-1291
-1165
-962
-740
-594
-468
-460
-370
-384
-495
-564
-664
-731
-750
-716
-689
-570
-389
-245
-68
55
116
255
258
313
376
462
519
548
545
518
459
377
320
269
223
159
206
338
514
650
824
979
1055
1123
1166
1186
1130
1079
990
906
876
868
943
992
974
961
986
1031
1076
1033
1040
1042
985
994
933
950
938
865
869
889
854
867
842
844
809
802
871
821
758
671
550
418
266
61
-92
-257
-401
-437
-474
-451
-389
-305
-269
-194
-208
-326
-444
-657
-796
-913
-951
-1004
-1120
-1080
-1111
-1142
-1103
-1114
-1111
-1040
-1051
-998
-960
-982
-902
-938
-937
-949
-887
-889
-959
-1000
-1092
-1199
-1200
-1217
-1231
-1198
-1092
-950
-823
-651
-555
-423
-367
-344
-349
-338
-346
-343
-387
-406
-397
-423
-356
-382
-341
-360
-320
-245
-166
-7
60
204
265
337
405
380
379
363
329
258
204
163
206
247
306
326
435
439
471
552
528
609
559
511
517
572
627
739
828
924
997
1105
1201
1283
1277
1257
1185
1126
1071
978
961
942
955
928
1019
1061
1043
1078
1084
1086
1052
1033
1069
1052
1040
1046
953
889
866
801
767
658
582
561
530
428
357
262
177
112
-18
-125
-259
-377
-427
-472
-504
-535
-550
-569
-637
-659
-790
-836
-976
-1071
-1193
-1325
-1334
-1336
-1286
-1278
-1240
-1204
-1198
-1266
-1301
-1363
-1423
-1489
-1504
-1540
-1506
-1479
-1493
-1534
-1496
-1445
-1365
-1199
-1039
-918
-796
-681
-602
-560
-592
-704
-770
-756
-748
-694
-642
-550
-433
-343
-282
-214
-191
-172
-135
-110
-25
124
274
389
558
623
739
754
693
644
512
451
412
389
374
457
605
770
938
1030
1120
1119
1043
963
868
846
805
833
860
902
1044
1103
1113
1137
1110
973
934
907
915
1012
1017
1086
1140
1170
1238
1265
1218
1159
1099
1047
1028
1007
1045
1072
1067
1012
917
868
796
661
522
386
349
282
279
271
245
294
226
204
153
114
-1
-148
-284
-428
-547
-666
-732
-805
-829
-903
-993
-1038
-1097
-1183
-1264
-1318
-1290
-1272
-1227
-1151
-1081
-1043
-1061
-1024
-1108
-1116
-1201
-1304
-1314
-1344
-1278
-1226
-1194
-1128
-1108
-1037
-982
-900
-848
-774
-712
-655
-584
-526
-507
-548
-577
-706
-789
-864
-805
-779
-725
-624
-560
-434
-351
-271
-208
-178
-169
-126
-131
-82
11
82
159
198
229
276
308
363
359
401
418
436
389
352
351
354
417
503
637
780
892
953
1035
1097
1170
1212
1190
1164
1132
995
975
950
943
1005
1049
1099
1226
1379
1416
1475
1475
1496
1449
1356
1337
1296
1232
1154
1100
1019
959
872
783
712
679
634
592
481
386
292
191
147
85
-14
-98
-173
-279
-376
-477
-601
-700
-833
-995
-1077
-1184
-1262
-1276
-1318
-1323
-1313
-1336
-1283
-1343
-1384
-1392
-1461
-1471
-1510
-1540
-1538
-1513
-1555
-1524
-1539
-1527
-1410
-1359
-1281
-1195
-1116
-1060
-945
-847
-801
-703
-589
-423
-335
-259
-147
-81
2
36
106
126
206
284
364
435
474
482
491
553
642
686
749
794
750
803
792
759
791
723
682
666
659
722
768
735
741
739
734
747
728
704
662
652
616
583
566
575
513
519
575
578
615
609
625
542
520
439
400
391
345
388
432
492
577
675
729
726
658
624
597
466
415
392
386
364
296
259
189
191
138
66
37
20
-9
-25
-74
-100
-86
-128
-145
-208
-211
-215
-242
-338
-492
-506
-584
-719
-803
-856
-925
-931
-928
-967
-921
-923
-990
-1028
-1088
-1157
-1193
-1273
-1316
-1347
-1312
-1271
-1190
-1112
-1057
-934
-949
-904
-829
-837
-799
-792
-756
-658
-605
-543
-465
-368
-275
-187
-173
-103
-51
-34
-4
-5
6
14
-14
44
101
144
231
223
292
313
299
298
260
315
343
414
394
465
571
593
667
692
731
729
706
719
722
688
668
635
641
688
700
692
724
771
803
871
921
1032
1099
1148
1166
1173
1161
1157
1123
1018
958
903
921
991
981
947
971
945
889
873
756
669
583
529
434
407
408
387
383
353
269
178
65
-83
-114
-148
-160
-179
-222
-200
-223
-222
-283
-331
-402
-579
-662
-812
-892
-979
-1091
-1163
-1245
-1242
-1164
-1187
-1185
-1184
-1168
-1181
-1239
-1175
-1193
-1230
-1281
-1334
-1399
-1426
-1457
-1437
-1440
-1458
-1379
-1329
-1310
-1254
-1143
-1106
-1007
-930
-916
-851
-902
-864
-808
-769
-704
-610
-462
-354
-148
-11
81
205
316
323
400
431
465
506
544
578
604
726
781
797
811
834
827
783
805
797
839
882
894
952
936
972
908
886
857
790
769
684
643
593
537
505
544
524
463
531
552
550
596
605
595
557
575
569
545
575
556
534
551
576
625
679
678
681
700
731
725
752
758
750
775
708
643
580
521
483
449
445
468
467
425
392
309
246
208
147
150
121
73
54
25
-7
-96
-168
-235
-334
-408
-475
-560
-663
-759
-804
-830
-940
-995
-1030
-1038
-1086
-1146
-1123
-1129
-1173
-1161
-1177
-1214
-1222
-1260
-1264
-1315
-1347
-1393
-1369
-1303
-1264
-1210
-1135
-1061
-1011
-951
-959
-909
-873
-773
-674
-643
-568
-419
-328
-265
-229
-186
-123
-102
-62
-39
-12
37
65
66
130
178
210
288
340
427
525
635
740
719
746
765
729
644
602
557
555
576
603
659
706
781
767
763
760
748
791
771
736
763
742
724
735
699
621
550
541
555
562
585
612
628
658
663
717
714
639
689
613
572
556
467
399
339
223
118
72
-22
-27
-75
-94
-91
-67
-19
-27
7
10
-5
-100
-185
-257
-388
-472
-525
-537
-520
-477
-419
-351
-319
-327
-351
-422
-445
-497
-513
-541
-534
-537
-569
-557
-610
-592
-629
-646
-665
-638
-599
-533
-494
-489
-471
-445
-441
-424
-371
-316
-263
-228
-183
-139
-57
-40
-12
11
50
63
87
156
199
218
249
217
229
254
261
272
247
280
253
243
218
132
48
20
-46
-84
-36
14
66
168
205
209
213
178
94
-4
-35
-63
-76
-80
-32
-16
-16
-9
18
74
54
43
-38
-38
-67
-109
-128
-154
-130
-114
-36
82
151
203
299
324
351
340
354
300
278
259
296
348
395
470
513
554
548
539
448
409
289
270
234
189
238
225
227
196
220
204
183
204
185
130
93
49
-22
-30
-86
-178
-209
-250
-305
-268
-305
-335
-334
-364
-397
-403
-434
-457
-496
-501
-558
-613
-623
-659
-708
-763
-761
-699
-693
-634
-589
-554
-474
-391
-297
-244
-175
-214
-195
-124
-154
-112
-68
-107
-97
-125
-130
-94
-39
5
65
101
147
258
342
413
438
484
483
495
496
465
441
416
353
318
340
350
394
436
487
520
531
547
502
530
460
427
403
356
360
312
332
343
385
412
407
400
430
399
294
272
168
106
102
107
91
51
37
17
-27
-82
-114
-168
-186
-200
-184
-196
-209
-239
-273
-358
-435
-416
-454
-475
-483
-482
-506
-501
-486
-547
-522
-522
-559
-510
-486
-491
-463
-472
-490
-472
-392
-376
-313
-250
-246
-184
-188
-184
-163
-91
-91
-103
-143
-165
-139
-110
-126
-94
-15
19
123
176
238
277
283
295
246
238
240
237
183
185
145
72
97
37
49
47
42
40
102
124
117
165
140
126
148
154
132
140
114
80
77
57
45
57
112
173
207
281
307
334
361
356
319
256
229
156
94
88
79
26
15
42
61
153
247
269
302
312
251
167
157
152
141
144
162
138
108
83
23
-28
-29
-30
