SAMPLES:	7844
BITSPERSAMPLE:	16
CHANNELS:	1
SAMPLERATE:	16000
NORMALIZED:	FALSE
327
339
359
338
360
373
370
361
363
321
315
304
289
273
295
291
291
298
312
325
339
340
319
309
298
303
290
290
297
275
242
237
220
198
201
155
136
143
82
86
42
-8
-24
-75
-89
-102
-111
-149
-107
-137
-156
-108
-173
-179
-221
-246
-268
-316
-336
-350
-385
-398
-397
-416
-427
-449
-441
-469
-454
-436
-450
-424
-435
-437
-408
-395
-361
-345
-324
-303
-303
-305
-287
-286
-283
-248
-239
-191
-145
-113
-107
-87
-86
-94
-60
-63
-28
-33
-7
7
21
31
26
48
47
64
75
97
125
116
113
114
100
74
53
29
11
41
36
57
87
108
133
167
142
177
162
154
161
136
130
128
132
135
137
130
137
114
146
110
102
76
70
50
35
26
25
18
22
31
0
22
13
-21
-32
-26
-65
-75
-78
-91
-96
-90
-74
-80
-97
-74
-45
-68
-46
-50
-63
-81
-87
-68
-59
-1
-16
21
51
82
127
138
147
171
182
160
196
204
218
221
254
202
233
243
217
281
281
276
302
315
316
325
309
267
249
249
218
230
223
230
223
210
198
163
157
164
160
169
172
152
153
125
118
80
60
35
-4
-14
-14
-13
-39
-52
-105
-97
-140
-132
-151
-180
-177
-222
-236
-275
-312
-358
-375
-427
-435
-445
-479
-436
-424
-420
-385
-372
-356
-357
-347
-382
-399
-408
-434
-434
-450
-408
-416
-393
-394
-371
-344
-334
-288
-285
-215
-219
-194
-182
-195
-170
-187
-176
-159
-162
-126
-104
-105
-65
-19
-10
42
67
104
159
164
171
209
188
228
258
252
320
322
338
341
342
363
357
368
385
378
402
437
426
446
438
390
412
362
350
339
324
316
269
284
266
264
257
250
271
243
222
203
212
180
186
185
160
165
137
125
49
53
36
1
5
-8
-11
3
-23
-14
19
17
38
40
53
33
37
-11
-83
-89
-150
-177
-194
-237
-197
-218
-235
-210
-227
-218
-212
-188
-189
-181
-194
-200
-201
-214
-229
-239
-223
-203
-196
-184
-144
-123
-104
-81
-60
-54
-40
-85
-94
-119
-164
-164
-176
-166
-185
-159
-171
-150
-116
-126
-99
-102
-121
-81
-89
-73
-68
-78
-56
-57
-43
-65
-22
-32
-29
-41
-42
-18
6
-2
0
10
16
19
3
8
14
26
30
68
65
89
107
107
119
115
115
128
111
98
71
69
84
45
62
87
103
129
150
178
172
182
198
172
186
151
137
137
111
112
108
74
87
-223
-222
277
357
-201
-594
-190
306
165
-172
-332
-428
-313
-59
171
-83
-572
-491
34
194
-96
-118
32
64
-142
-96
326
423
156
-114
-28
244
452
473
283
-44
-144
232
693
561
-6
-91
176
396
329
277
372
153
17
230
499
501
240
126
163
201
271
331
357
118
-281
-612
-23
658
78
-851
-944
-204
196
86
-350
-750
-893
-680
-269
-295
-944
-1325
-1131
-787
-808
-988
-848
-733
-867
-1028
-712
-204
100
-222
-553
-468
-3
472
532
113
-296
-135
524
902
604
215
145
523
865
745
680
626
489
553
603
724
729
629
521
408
501
632
769
709
345
135
333
660
711
405
158
323
543
724
738
594
455
536
786
915
761
543
659
721
679
564
620
609
276
92
-8
-36
-127
-346
-660
-993
-1088
-947
-1077
-1458
-1713
-1743
-1642
-1802
-1924
-2021
-2227
-2291
-2217
-2148
-2209
-2224
-2139
-1958
-1827
-1796
-1556
-1349
-1220
-1184
-1046
-642
-451
-365
-219
179
568
628
828
1034
1180
1396
1482
1551
1587
1576
1705
1844
1801
1752
1704
1743
1831
1832
1744
1705
1630
1540
1395
1421
1412
1153
1035
1036
1124
1061
918
891
930
871
848
948
1030
929
795
878
951
872
660
623
902
791
571
663
764
909
957
889
888
685
549
791
717
361
109
3
129
-9
-253
-487
-1309
-2192
-1502
-291
-1207
-3759
-4332
-2122
-984
-2513
-4194
-4223
-3567
-3012
-2959
-3444
-4015
-4197
-3928
-3293
-2644
-2644
-2999
-2706
-1847
-1754
-1950
-489
1057
226
-1205
-383
1980
2840
1856
966
1302
2388
3187
3266
2920
2466
2109
2262
3022
3248
2433
1812
2070
2229
1663
1511
2125
2147
983
137
584
1360
1283
488
-278
-513
-219
-29
11
-195
-873
-1593
-1442
-705
-479
-1141
-1592
-1126
-758
-1381
-1416
-278
159
-552
-1254
-847
40
462
393
-59
-582
-488
465
1500
1148
152
-168
688
1564
1465
1051
896
1194
1155
1133
1465
1597
1197
609
574
816
921
1049
904
295
-180
274
1173
1117
292
-347
136
924
947
784
662
788
849
870
1187
1331
1339
1009
603
815
1326
716
-964
-203
2167
1037
-2667
-3070
635
1982
-981
-3266
-2978
-1832
-1124
-1454
-2944
-4273
-4047
-3494
-3267
-2867
-3238
-4206
-4206
-2838
-2874
-3892
-2774
-1207
-2179
-4100
-3073
-194
418
-1228
-2533
-2082
-346
755
438
-392
-581
-298
141
1132
1601
629
-35
747
1580
1394
1401
2274
2371
1528
1256
2303
3375
3251
2352
1672
2109
2909
3005
2802
2673
2073
1632
1893
2721
3330
2283
534
1506
3004
2400
1751
1749
2077
1596
888
1626
2160
1346
482
631
868
453
470
1017
944
-359
-801
607
1388
634
-589
-805
-236
121
-33
-486
-759
-1429
-1426
-593
-451
-1135
-1796
-1530
-1217
-1596
-1618
-829
-897
-2264
-2631
-1323
-520
-1073
-1954
-1856
-1115
-978
-710
-773
-905
-1009
-1371
-861
-345
-262
-1914
-3190
-1198
862
-1063
-4541
-3509
181
109
-2708
-3437
-2297
-1667
-1680
-1585
-2321
-3040
-2492
-1716
-1525
-1500
-1409
-1448
-729
241
-357
-621
1377
2708
1052
-310
1560
3995
3843
2048
1502
2250
3347
3600
2753
2030
2021
1989
2112
2687
2303
1286
1185
2174
2181
1240
1260
2396
2432
938
261
1265
2238
1683
403
-121
659
1295
987
712
836
511
13
-34
827
1728
109
-1769
-309
1381
464
-987
-801
138
-138
-783
-119
228
-842
-1278
-316
-316
-1406
-1532
-305
-253
-1785
-2050
-600
79
-815
-1894
-1774
-629
-218
-678
-1024
-903
-971
-595
167
107
-972
-966
225
547
-507
-992
543
1260
73
-363
689
1444
1439
1125
965
1001
1156
1805
1994
1189
384
331
1203
1891
320
-2222
-1268
2013
1577
-3128
-4932
-842
1837
-1369
-4988
-4221
-2312
-2456
-3171
-3901
-4897
-5157
-4442
-3650
-3846
-4547
-4617
-3622
-2454
-2869
-3929
-2474
482
-95
-3140
-2701
1072
2508
524
-1048
-306
1308
2357
2234
1647
1556
1704
2119
2954
3411
2633
1893
2838
3877
3201
2394
3641
4811
3810
2564
3186
4682
4929
4029
3415
3557
4225
4659
4169
3930
3152
2184
3052
3998
3467
1760
820
2224
3254
1936
605
648
1042
573
0
-41
52
-700
-1724
-1288
-886
-1684
-2513
-2062
-1820
-2994
-3182
-1895
-1493
-2826
-3472
-2600
-2069
-2206
-2258
-2325
-2547
-2223
-1694
-1198
-1269
-1867
-1852
-1054
-463
-1129
-1659
-770
13
-669
-1304
-193
515
-223
-315
79
-83
-153
337
787
193
-792
-585
18
229
-969
-2947
-2270
367
-140
-4221
-5273
-1609
251
-2784
-5783
-4868
-2753
-2828
-3623
-4358
-4870
-4442
-3617
-3026
-3025
-3199
-3127
-2321
-881
-779
-1632
-430
2066
2010
-380
89
3640
4980
2939
1546
2732
4507
5058
4334
3557
3878
4142
4039
4257
4469
4012
3118
3503
4356
3630
2671
3493
4261
3049
1625
2250
3451
3152
1731
1057
1589
2059
1506
592
623
915
424
-440
-886
276
1138
-232
-1318
-715
317
457
-116
-245
-553
-693
348
1195
425
-747
-426
700
1284
297
-570
365
1122
437
-280
25
497
344
36
-204
-325
-192
268
-1
-710
-851
-307
94
-306
-1123
-1461
-681
-208
-1196
-2106
-1414
-626
-1152
-1811
-1432
-1121
-1708
-1781
-996
-1033
-1736
-1872
-1495
-1448
-1497
-1659
-2658
-3519
-2072
-264
-1871
-5112
-4746
-1192
-475
-3296
-5329
-4531
-2905
-2609
-3474
-4409
-4707
-4413
-4235
-3793
-3136
-3123
-3956
-3648
-2043
-1680
-2308
-1139
883
-139
-2140
-448
2895
3241
943
-128
1425
3317
3717
2603
1793
2327
3348
3477
3448
4108
3740
2844
3567
4861
4568
3757
4329
4931
4068
3627
4413
5087
4737
3731
3182
3370
4542
4378
2641
2333
3138
3178
2115
1597
2379
2138
1171
1309
1143
554
819
1526
865
-451
-561
586
1336
530
-432
-519
113
726
335
-555
-690
-192
-77
-315
-320
-343
-679
-481
-200
-593
-1213
-933
-312
-840
-1771
-1720
-905
-822
-1612
-2298
-2092
-1517
-1294
-2028
-2844
-2610
-2182
-1958
-2400
-3048
-3024
-2733
-2471
-2517
-3067
-3281
-2908
-2693
-2843
-3336
-4239
-4177
-2628
-1890
-3950
-6419
-4992
-1449
-1452
-4631
-5985
-4233
-2389
-2314
-3278
-4250
-3836
-2805
-2625
-2480
-1694
-1193
-1514
-1211
83
602
849
2473
3481
1921
896
3396
6215
5691
3392
2468
4182
6075
5961
4456
3574
4114
4599
4620
4846
4834
3834
3148
3785
4335
3716
3251
3649
3617
2411
1787
2576
3550
2861
1026
213
1370
2293
1077
484
868
857
8
-905
311
1544
374
-1127
-1595
-588
179
47
-481
-933
-1353
-1501
-56
968
-2
-903
-688
270
606
470
589
340
-416
-334
400
839
716
-102
-719
-467
263
387
9
-453
-1035
-1064
-468
-238
-966
-1892
-1911
-1664
-1707
-1593
-1448
-2213
-2827
-2368
-2082
-2342
-2457
-2651
-2756
-2601
-2588
-2443
-2330
-2409
-2620
-2900
-3834
-3859
-2205
-1364
-3383
-5976
-4660
-1004
-858
-3911
-5292
-3841
-2405
-2309
-2721
-3232
-3556
-3409
-2862
-1854
-969
-1085
-1616
-1019
493
622
586
2229
3618
2039
462
2759
5755
5405
2995
2213
3684
5128
5213
4367
3798
3523
3635
4083
4490
4452
3696
2757
2798
3569
3717
3212
2872
2757
2239
1651
2296
3501
2818
1060
382
1389
1645
1486
1441
434
-239
-252
60
895
848
-257
-1249
-1281
-80
301
-402
-869
-1027
-1420
-1216
181
298
-552
-842
-707
202
633
643
600
32
-424
265
1327
1288
299
-386
23
923
978
477
321
93
-66
164
345
-65
-653
-875
-1043
-1098
-1302
-1079
-1123
-1870
-2365
-2313
-1669
-1517
-2354
-3294
-3060
-2225
-2463
-3051
-3307
-3259
-3640
-4478
-4194
-2628
-2665
-5212
-6862
-4754
-1886
-2937
-5671
-5822
-4192
-3627
-3595
-3401
-3881
-4292
-3945
-3306
-2473
-1555
-1213
-1722
-1584
-387
844
1621
2590
2611
1597
2206
4691
6042
4921
3910
4326
5455
6337
6308
5601
5464
5770
5738
5511
5792
5945
5374
4821
4891
4719
4756
5157
4665
3325
2755
3460
3792
3111
2446
1785
1390
1378
1517
1518
547
-294
-788
-720
-228
-887
-1900
-2119
-2075
-2060
-2599
-2905
-2800
-2850
-3489
-4183
-3411
-2532
-2612
-3210
-3498
-2571
-1661
-1564
-1650
-1770
-1486
-735
-207
-203
116
387
305
819
1461
1556
1401
1556
1972
1977
1758
2251
2614
1709
1173
1571
1824
1457
927
257
-69
403
412
-348
-986
-1128
-1090
-1458
-1554
-1511
-2412
-3164
-3009
-3518
-4592
-3942
-2731
-4018
-6526
-6564
-3882
-2737
-5138
-7186
-6231
-4865
-4737
-4870
-5251
-5789
-5553
-4636
-4012
-3693
-3306
-2916
-2566
-2146
-1354
-649
579
1817
1188
39
1624
4854
5235
3402
3040
4426
5883
6244
6056
5609
5372
5598
5755
5998
6298
6088
5057
4574
5395
5791
5261
4999
4602
3629
3373
4212
4434
3707
2679
1971
1780
2639
3510
1883
359
691
1273
1256
967
439
-211
-839
-811
-385
-641
-1240
-1734
-2145
-2342
-2078
-1763
-1617
-2075
-3477
-3493
-1644
-1118
-2410
-3151
-2396
-1695
-1740
-1391
-660
-1155
-1614
-629
422
398
312
324
429
902
1409
1498
1333
1560
1321
904
1508
2336
1683
501
326
874
912
534
318
-413
-1338
-1025
-329
-998
-1966
-2406
-2555
-2814
-3742
-4330
-3516
-2883
-4703
-7152
-6395
-3525
-3359
-6362
-8064
-6498
-5113
-5375
-5771
-6082
-6429
-6207
-5447
-4651
-4029
-3872
-3950
-3552
-2474
-1352
-743
-203
684
734
559
1915
4143
4630
3578
3453
4537
5695
6248
6358
6085
5835
6154
6972
7421
7170
6813
6382
6310
6798
6938
6370
6132
5846
4919
4582
5025
5068
3894
2862
2262
2266
2820
2331
963
-40
-92
481
88
-684
-727
-1591
-2559
-2156
-1685
-2635
-3434
-3336
-3387
-3641
-3935
-3534
-2855
-3662
-4444
-3436
-2446
-2495
-3020
-2898
-2093
-1993
-1796
-992
-743
-1259
-1013
383
1168
1069
663
781
1976
2799
2610
2202
2603
2981
2832
2889
3148
3448
2892
2189
2590
2489
2164
2119
1497
680
423
667
446
-157
-789
-1073
-1259
-2246
-3270
-2959
-2084
-2783
-5459
-6876
-4580
-2723
-4817
-7600
-7649
-6009
-5369
-5828
-6356
-6847
-6933
-6505
-5424
-4596
-4779
-5152
-4699
-3638
-2935
-2495
-1855
-818
-630
-1537
-1027
1625
3330
2054
433
1543
4027
4826
4179
3631
3879
4612
5229
5359
5478
5678
5218
4982
5854
6297
5686
5257
5335
5113
4448
4536
5207
5008
3491
1987
2624
4487
3945
2036
1075
1409
2472
2223
1151
1085
485
-288
-11
445
83
-900
-1525
-1501
-1213
-1790
-1769
-913
-1527
-3140
-2926
-1180
-459
-1678
-3043
-2256
-1051
-1196
-1234
-464
-984
-1739
-667
715
1015
362
-43
628
1486
1550
1319
1551
1821
1589
1251
1639
2758
2587
1505
1609
1982
1776
1985
1784
1012
235
147
566
451
-393
-1157
-1341
-1998
-3023
-2738
-1916
-2637
-5127
-6857
-5132
-2991
-4329
-7280
-7941
-6807
-5920
-6056
-6887
-7412
-7370
-7240
-6809
-5726
-5045
-5158
-5316
-4818
-3593
-2600
-2021
-967
-495
-1409
-953
1578
3151
2703
1660
1740
3505
5236
5320
4534
4384
5368
6184
6303
6493
6856
6420
5740
6377
7144
6855
6404
6193
5949
5676
5801
6022
5718
4821
3680
3383
4309
4412
2908
1761
1574
1909
1685
1131
1302
534
-943
-674
227
-454
-1759
-2219
-2336
-2443
-3091
-3219
-2740
-3204
-4500
-4610
-3456
-2723
-3649
-4784
-4113
-2793
-3099
-3716
-2811
-2298
-3075
-3135
-1784
-866
-1305
-1798
-904
-14
204
400
785
808
733
1049
1691
2530
2612
1728
1760
2631
2864
2719
2994
2879
2078
2013
2843
3210
2156
1025
1199
1200
-15
-927
-209
498
-1321
-4401
-4831
-1692
-700
-4046
-6807
-6064
-4482
-4567
-5502
-6402
-7089
-7343
-6793
-5713
-5325
-5640
-5870
-5937
-4842
-3382
-3139
-2969
-2074
-1745
-2294
-1321
1281
2032
453
-535
1090
3558
4242
3496
2845
3383
4614
5224
5244
5742
5995
5194
4917
6165
6973
6392
5402
5082
5263
5388
5599
5581
4999
3693
3026
3938
4485
3777
2595
1662
1922
2146
1702
1531
1012
-282
-941
-261
140
-604
-1823
-2428
-2070
-2306
-2875
-2283
-2185
-3409
-4159
-3436
-2140
-2004
-3318
-3927
-2830
-2297
-2484
-1859
-1544
-2026
-1975
-995
-36
139
-221
-118
271
475
1098
1739
1284
736
1149
1648
2289
2464
1860
1773
2123
2292
2076
2284
2488
1799
1056
1288
1973
1572
364
105
-77
-1589
-1819
-309
-289
-3059
-5628
-4357
-1599
-2189
-5585
-7040
-5795
-4830
-5189
-6276
-6878
-6890
-7205
-7389
-6459
-5664
-5719
-6025
-5792
-4804
-3829
-3006
-2255
-1819
-2468
-2497
-417
1673
1717
404
128
1852
3906
4197
3305
3194
4228
5191
5334
5344
6152
6596
5807
5680
6719
7160
6726
6347
6189
5880
5522
5803
6360
5680
4022
3528
4409
4669
3760
2847
2487
2418
1913
1415
1750
1302
-109
-923
-611
-278
-669
-1751
-2552
-2417
-2556
-3049
-3123
-3193
-3709
-4094
-4123
-3757
-3235
-3600
-3992
-3661
-3147
-2850
-2479
-2375
-2408
-2033
-1660
-1036
-650
-629
-305
73
-4
612
1298
1073
706
1177
1868
2253
2161
1815
2257
2639
2439
2405
2924
2905
2269
1992
2493
2884
2167
1124
1563
1156
-413
-40
1107
160
-2721
-3975
-1905
-675
-2939
-5701
-5744
-4479
-4455
-5297
-6512
-6791
-6286
-6617
-7033
-6088
-5373
-6041
-6433
-5609
-4658
-4247
-3869
-2877
-2964
-3793
-2422
-156
200
-687
-922
125
1717
2625
2416
1925
2764
3798
4076
4238
4880
5687
5185
4890
5853
6526
6508
6477
6003
5515
5907
6406
6281
5536
4591
4530
4850
4543
4007
3499
3278
3185
2188
1391
2083
2345
668
-743
-539
82
-348
-1341
-2129
-2378
-2363
-2613
-2591
-2892
-3557
-3661
-3335
-3407
-3516
-3396
-3063
-2949
-3303
-3194
-2172
-1458
-1553
-1608
-1503
-734
346
768
504
593
912
1341
2021
2306
1993
1584
1853
2721
2789
2012
2205
2630
2334
1877
1920
2608
2753
1854
1145
1399
1932
1718
870
77
-1075
-1208
95
315
-2122
-4757
-3902
-1441
-2077
-5087
-6610
-5585
-4778
-5551
-6665
-7118
-6903
-6756
-7069
-7110
-6326
-5630
-5738
-5964
-5432
-4723
-3910
-2711
-1878
-2859
-3395
-883
1565
1174
-472
-212
1965
3171
3164
2708
2891
4156
4872
4687
4849
5907
6381
5660
5608
6479
6720
6721
6837
6321
5318
5227
6315
6464
5144
4111
4354
4774
4155
3439
3083
2782
2338
1476
860
1370
1402
-46
-1314
-1114
-873
-1633
-2464
-2751
-2989
-3693
-3924
-3473
-3874
-4699
-4538
-4562
-5088
-5004
-4701
-4584
-4580
-4621
-4437
-3675
-2867
-2583
-2774
-2371
-1309
-440
-519
-394
628
1116
1355
1937
2163
2573
2933
3045
3637
3895
3636
3952
4475
4342
4243
4093
4326
4820
4253
3543
3755
3726
3426
3019
1776
577
1134
2024
740
-1960
-3116
-1325
-143
-2499
-5491
-5741
-4576
-4314
-5452
-6839
-7280
-6733
-6832
-7287
-6958
-6526
-6558
-6719
-6454
-5753
-5122
-4556
-3412
-3168
-4119
-3612
-1050
563
-374
-1803
-930
1856
3046
1911
1201
2375
3982
4209
3857
4375
5427
5320
4729
5494
6271
6243
6158
6361
6165
5857
5851
6345
6523
5399
4291
4574
5085
4467
3654
3074
2929
2744
2188
1925
1867
998
190
-4
-274
-864
-1349
-1860
-2168
-2652
-3522
-3496
-3310
-4072
-4931
-5008
-4745
-4828
-5258
-5421
-5131
-4944
-5127
-4841
-4293
-3781
-3591
-3697
-3065
-1945
-1435
-1523
-997
-3
709
1068
1352
1911
2472
2475
2929
3679
3837
3992
4244
4279
4577
4852
4851
5026
4711
4048
4000
4339
4252
3606
2666
1378
1028
2270
2503
249
-2779
-2693
-327
-509
-3389
-5318
-5000
-4404
-4677
-5782
-6767
-6995
-7070
-7432
-7643
-7162
-6641
-6999
-7463
-6913
-6154
-5615
-4771
-3909
-4199
-4801
-3362
-963
-161
-1279
-1776
-278
1832
2701
2116
1903
3026
4282
4507
4570
5494
6292
6014
5949
6801
7558
7691
7725
7779
7386
7264
7636
7875
7333
6257
5622
5890
5969
5281
4550
4051
3698
2925
2343
2535
2342
793
-353
-226
-502
-1240
-2022
-2855
-3414
-4006
-4331
-4280
-4746
-5618
-5927
-5893
-5896
-5859
-6233
-6464
-6066
-6111
-6446
-5889
-5241
-5080
-5096
-4770
-3848
-2998
-2530
-2130
-1635
-1301
-418
1055
1266
1074
1708
2477
3293
3498
3589
3875
4418
4520
4546
4910
5220
5440
5098
4558
4936
5261
4570
4004
3587
2322
1736
2913
2901
550
-2062
-1674
629
86
-3109
-4806
-4170
-3584
-4121
-5493
-6777
-6961
-6778
-7309
-7635
-7246
-6886
-7102
-7635
-7337
-6341
-5794
-5350
-4671
-4912
-5159
-3646
-1671
-1328
-2213
-2286
-815
1123
1841
1426
1399
2570
3762
4183
4355
5168
6022
5958
5970
6733
7452
7378
7354
7360
7124
7118
7479
7608
7264
6564
6273
6370
5925
5454
5173
4527
3725
3082
2969
3203
2553
919
208
423
83
-724
-1523
-2033
-2401
-3146
-3716
-3566
-3917
-4621
-5065
-5304
-5307
-5239
-5380
-5664
-5745
-5824
-5665
-5072
-4648
-4631
-4797
-4271
-3080
-2337
-2216
-1906
-1450
-749
335
1217
1132
899
1707
2837
3345
3182
3349
3896
4106
4035
4172
4428
4836
5029
4289
3884
4522
5011
4449
3464
2883
1988
1753
2671
2478
-159
-2605
-1546
497
-585
-3709
-5240
-4472
-3853
-4635
-6127
-7179
-7042
-6913
-7752
-8244
-7670
-7016
-7486
-8291
-7998
-7021
-6289
-5810
-5577
-5948
-5800
-3989
-2192
-2103
-2820
-2439
-802
713
1305
1213
1577
2799
3752
4073
4386
5559
6474
6187
6309
7235
8007
8451
8444
8133
7905
8042
8410
8251
7765
7279
7169
6739
6357
6469
6221
5382
4316
3734
3870
3743
2801
1467
999
772
35
-708
-1623
-2195
-2773
-3783
-4201
-4460
-5042
-5536
-5910
-6333
-6526
-6472
-6661
-6795
-7009
-7036
-6724
-6317
-6003
-5796
-5878
-5485
-4494
-3882
-3435
-3076
-2567
-1865
-748
-51
-59
218
1209
2252
2689
2561
2866
3928
4425
4459
4536
4999
5587
5908
5575
5392
5945
5948
5562
5248
4690
3617
3218
4312
4172
1371
-907
348
2390
750
-2485
-3541
-2768
-2433
-3282
-4805
-5871
-5827
-5786
-6411
-7046
-6744
-6352
-6856
-7485
-7270
-6640
-6127
-5509
-5408
-6139
-6073
-4162
-2667
-2982
-3760
-3282
-1398
127
400
328
878
2097
3030
3269
3591
4669
5563
5468
5626
6431
7194
7491
7418
7388
7336
7451
7635
7678
7336
6875
6418
5811
5930
6200
5618
4484
3598
3426
3763
3524
2360
862
160
279
-33
-1122
-2043
-2358
-2815
-3703
-4155
-4346
-4715
-5192
-5864
-6437
-6290
-5828
-6010
-6776
-7151
-6693
-6057
-5730
-5519
-5199
-5248
-4741
-3475
-2716
-2712
-2574
-1993
-982
6
316
394
880
1776
2435
2859
3118
3542
4063
4415
4626
4718
5043
5593
5578
4979
4912
5490
5599
4989
4651
3831
2781
3208
4241
3037
-30
-1277
840
1987
-350
-3119
-3612
-2757
-2732
-3926
-5505
-6127
-6007
-6159
-6918
-7122
-6665
-6398
-7060
-7432
-6894
-6394
-5863
-5194
-5377
-6287
-5705
-3448
-2153
-2912
-3716
-2811
-723
359
263
293
1269
2474
3068
3160
3879
5272
5724
5386
5575
6499
7305
7677
7523
7370
7373
7593
7998
8171
7767
7101
6528
6383
6722
6831
6019
4751
4099
4312
4485
3816
2727
1620
880
794
537
-535
-1563
-2067
-2480
-3271
-3844
-4226
-4495
-5213
-6158
-6638
-6618
-6309
-6626
-7361
-7845
-7505
-6922
-6800
-6839
-6745
-6579
-6078
-4972
-4316
-4450
-4159
-3189
-2110
-1781
-1628
-1008
-186
264
933
1628
1934
2535
3154
3750
4015
4155
4671
5559
5696
5325
5310
5733
5865
5517
5266
4567
3818
4284
5153
4275
1531
286
2086
3165
895
-1890
-2291
-1454
-1455
-2668
-4263
-4889
-4581
-4824
-5765
-6066
-5500
-5366
-6054
-6533
-6099
-5624
-5182
-4505
-4730
-5748
-5050
-3180
-2316
-2765
-3537
-2802
-1150
-160
-13
185
910
1786
2323
2615
3238
4255
4588
4320
4726
5571
6260
6655
6655
6505
6506
6604
7000
7360
6929
6110
5461
5543
6368
6427
5286
4020
3537
4054
4258
3509
2234
1356
1163
954
560
-181
-1032
-1657
-2156
-2694
-3217
-3437
-3624
-4425
-5477
-5733
-5249
-5237
-5799
-6372
-6791
-6402
-5832
-5635
-5601
-5747
-5641
-4930
-4024
-3403
-3572
-3636
-2560
-1543
-1322
-1300
-757
114
459
762
1307
1937
2419
2829
3208
3248
3578
4296
4892
4810
4554
4629
5176
5251
4750
4388
3823
3090
3132
3865
3169
964
-561
390
1588
11
-2823
-3715
-2852
-2769
-3956
-5255
-5884
-5553
-5779
-6745
-6926
-6186
-6029
-6801
-7202
-6653
-6015
-5677
-5014
-4656
-5110
-4879
-3207
-1923
-1948
-2339
-2008
-556
817
1123
1005
1619
2752
3455
3663
4278
5352
5940
5781
6085
6844
7397
7573
7559
7430
7309
7217
7387
7785
7619
6788
5742
5795
6739
6706
5418
4173
3967
4535
4333
3279
2284
1695
1193
584
87
-553
-1362
-2241
-2855
-3105
-3598
-4193
-4351
-4816
-5693
-6132
-6074
-5995
-6432
-6971
-7292
-7255
-6779
-6382
-6221
-6399
-6294
-5506
-4584
-3994
-4059
-3835
-3001
-2008
-1563
-1705
-1065
-230
191
516
933
1565
2189
2737
3122
3301
3648
4429
4932
4870
4589
4952
5598
5563
5076
4776
4678
3976
3679
4220
4182
2362
469
697
2148
1599
-1067
-2589
-2334
-2045
-2738
-4058
-4827
-4934
-5422
-6208
-6281
-5770
-5847
-6695
-6996
-6518
-5842
-5457
-5136
-4844
-5152
-5248
-4081
-2674
-2169
-2579
-2678
-1525
37
974
982
1031
1712
2681
3238
3805
4729
5190
5153
5297
5881
6595
7261
7207
6821
6586
6565
7054
7490
7410
6502
5358
5580
6732
6714
5050
3553
3517
3945
3624
2716
1951
1155
414
83
-134
-556
-1453
-2264
-2658
-2964
-3741
-4352
-4371
-4737
-5723
-6502
-6083
-5432
-5745
-6718
-6969
-6395
-5816
-5484
-5457
-5406
-5167
-4641
-3855
-3202
-3076
-3020
-2370
-1410
-854
-679
-235
718
1279
1210
1403
2244
2900
3229
3216
3311
3769
4592
5026
4759
4299
4571
5388
5496
5011
4568
4569
4114
3304
3129
3533
3004
937
-416
579
1553
-54
-2561
-3075
-2547
-2776
-3647
-4420
-5010
-5675
-6218
-6303
-5936
-5756
-6123
-6762
-6948
-6277
-5574
-5375
-5198
-4924
-5033
-4766
-3384
-1925
-1841
-2457
-1968
-447
1023
1599
1493
1646
2388
3443
4235
4551
5112
5565
5468
5589
6439
7383
7591
7038
6703
6880
7207
7598
7611
6599
5425
5447
6294
6313
4879
3472
3363
3812
3184
2061
1557
1064
136
-713
-1029
-1311
-2297
-3353
-3715
-3893
-4749
-5079
-4862
-5192
-6084
-6679
-6440
-5822
-5991
-7075
-7117
-6374
-5825
-5651
-5557
-5158
-4711
-4377
-3784
-3005
-2607
-2655
-2206
-1157
-508
-422
-194
569
1314
1405
1351
2177
3094
3380
3274
3216
3615
4549
4946
4571
4227
4309
4879
5145
4818
4287
3914
4011
3675
2806
2574
3007
2486
529
-712
228
1085
-351
-2531
-3382
-2956
-2752
-3171
-4245
-5439
-5919
-5609
-5421
-5660
-5686
-5942
-6383
-6359
-5398
-4744
-4815
-4594
-4184
-4021
-3652
-2347
-1181
-1177
-1675
-1171
357
1771
2149
1994
2171
3125
4283
4724
4919
5409
5845
5809
5934
6843
7526
7081
6354
6382
7035
7417
6987
6316
6069
5893
5775
5550
4919
4318
3921
3193
2465
2255
2091
1378
298
-634
-1023
-1067
-1506
-2488
-3367
-4057
-4402
-4490
-4919
-5433
-5992
-6451
-6578
-6233
-6201
-6672
-7033
-6986
-6534
-6138
-5752
-5360
-5115
-5078
-4673
-3705
-3163
-2932
-2610
-2234
-1585
-854
-260
75
391
814
1107
1654
2452
2913
2862
2629
3062
3996
4436
4332
4088
4170
4523
4898
4739
4188
4118
3941
3614
2997
2350
2503
2826
1861
48
-817
-109
698
-655
-2969
-3612
-2967
-2653
-3289
-4481
-5469
-5680
-5387
-5454
-5535
-5501
-5678
-5889
-5677
-5167
-4713
-4354
-4011
-3579
-3432
-3098
-1706
-421
-604
-994
-344
1230
2335
2627
2608
3048
3907
4468
5099
5564
6024
6351
6368
6711
7459
7673
7214
7106
7416
7715
7427
6721
6637
6789
6401
5672
5152
4993
4940
4208
3069
2477
2295
1765
821
-22
-750
-1363
-1664
-2279
-3127
-4025
-4680
-4815
-5069
-5669
-6172
-6545
-6912
-6899
-6849
-7182
-7329
-7142
-7029
-6858
-6386
-5860
-5788
-5646
-5098
-4425
-3871
-3455
-2613
-2151
-2243
-1594
-453
101
-10
333
1008
1555
2269
2702
2913
2768
2867
3626
4278
4512
4318
4226
4562
5070
5024
4558
4409
4470
4075
3232
2990
2720
1857
1416
1232
342
-858
-1258
-550
-576
-2307
-3763
-3823
-3238
-3432
-4370
-5464
-5942
-5519
-5318
-5780
-5989
-5699
-5451
-5507
-5527
-4922
-4279
-3988
-3606
-3132
-2751
-1939
-535
343
344
368
1184
2367
3378
3731
3816
4227
4923
5769
6107
5908
6146
6835
7049
6948
6934
7227
7522
7266
6768
6686
6661
6546
6323
5821
5115
4613
4444
4157
3496
2679
1945
1372
721
205
-425
-1370
-1949
-2278
-2799
-3567
-4139
-4658
-5039
-5321
-5668
-6222
-6599
-6569
-6633
-6966
-7146
-6825
-6572
-6602
-6508
-5791
-5346
-5232
-4848
-4322
-3950
-3624
-2869
-2173
-2030
-1854
-980
54
504
506
827
1714
2332
2564
2693
3000
3584
3897
4231
4428
4619
4799
4647
4634
4667
4490
4282
4331
4216
3547
3014
2944
2701
2026
1064
549
434
175
-325
-1528
-2464
-2274
-1855
-2843
-4379
-4814
-4409
-4502
-5187
-5694
-6042
-6112
-5932
-5595
-5364
-5229
-5139
-5143
-4590
-3829
-3332
-3200
-2731
-1682
-1072
-717
144
1441
1793
1522
2110
3421
4443
4494
4218
4494
5299
5968
6180
6271
6400
6343
6441
6914
7276
7087
6516
6310
6401
6271
5911
5445
5142
4656
3805
3324
3315
3126
2133
815
179
144
-219
-1095
-1975
-2542
-2861
-3296
-3727
-4097
-4492
-4954
-5535
-5828
-5825
-5800
-6081
-6506
-6641
-6460
-6150
-5931
-5839
-5880
-5765
-5141
-4443
-4017
-3812
-3321
-2685
-2284
-1772
-1099
-391
49
272
733
1510
2145
2293
2352
2704
3245
3509
3579
3696
4019
4169
4256
4450
4471
4593
4430
4357
4176
3818
3521
3384
3011
2597
2109
1658
1265
656
-66
-721
-922
-1312
-2252
-3099
-3311
-3165
-3618
-4641
-5370
-5398
-5067
-5202
-5651
-5951
-5764
-5303
-5054
-5091
-4893
-4304
-3693
-3429
-3124
-2424
-1528
-887
-441
-2
623
1469
2303
2871
3318
3700
4183
4883
5291
5408
5486
5733
6196
6469
6586
6634
6615
6739
6568
6295
6036
5736
5345
5067
4738
4194
3643
3171
2859
2475
1813
1130
720
163
-460
-949
-1527
-2387
-3023
-3198
-3581
-4219
-4887
-5281
-5300
-5664
-6185
-6317
-6195
-6099
-6242
-6339
-6206
-5576
-5292
-5646
-5470
-4761
-4106
-3919
-3620
-3085
-2583
-2171
-1757
-1059
-534
-239
204
688
1229
1793
2170
2272
2658
3161
3583
3914
3987
4030
4195
4424
4537
4545
4492
4413
4364
4142
3883
3771
3516
3087
2654
2385
2119
1620
991
482
120
-444
-950
-1440
-2048
-2531
-2682
-2940
-3824
-4422
-4506
-4273
-4352
-4848
-5123
-4913
-4674
-4782
-4991
-5080
-4618
-4030
-3849
-3694
-2956
-2023
-1540
-1212
-610
167
860
1429
1958
2507
2947
3677
4364
4580
4724
5153
5599
5809
5896
5894
5952
6081
6082
5984
5854
5485
5350
5133
4760
4434
3909
3478
3227
3014
2525
1857
1209
640
72
-297
-781
-1305
-1919
-2503
-2840
-3089
-3507
-3937
-4492
-4935
-4835
-5038
-5354
-5546
-5603
-5650
-5707
-5597
-5154
-4922
-4938
-4866
-4250
-3549
-3367
-3140
-2836
-2305
-1645
-1299
-934
-541
-148
267
601
1251
1838
2076
2310
2664
2974
3209
3289
3519
3624
3680
3750
3806
3987
3934
3758
3510
3394
3389
3240
2714
2268
2081
1933
1589
908
128
-237
-346
-814
-1613
-2104
-2134
-2373
-2921
-3325
-3482
-3890
-4422
-4580
-4563
-4777
-5168
-5273
-5039
-4775
-4749
-4850
-4613
-4035
-3667
-3621
-3369
-2549
-1681
-1306
-1022
-364
565
1264
1653
2028
2605
3355
4021
4572
4983
5355
5755
6128
6433
6640
6691
6703
6706
6701
6629
6316
6063
5987
5847
5296
4597
4168
4064
3922
3238
2352
1837
1729
1270
471
-137
-743
-1386
-1837
-2282
-2714
-3162
-3676
-4228
-4735
-4708
-4606
-4996
-5437
-5552
-5498
-5494
-5257
-5140
-5244
-5247
-4870
-4327
-3982
-3871
-3671
-3332
-2947
-2301
-1750
-1408
-1069
-685
-212
191
747
1084
1126
1291
1600
2099
2346
2406
2455
2609
2866
3024
2962
2998
3083
3222
3015
2718
2789
2661
2152
1710
1535
1455
1231
776
92
-204
-342
-768
-1357
-1868
-2098
-2369
-2767
-3133
-3167
-3356
-3870
-4102
-4184
-4238
-4307
-4356
-4361
-4121
-4066
-4055
-3648
-3244
-2868
-2647
-2476
-1978
-1133
-674
-566
-290
344
892
1490
2010
2359
2947
3247
3680
4281
4719
4941
5194
5537
5761
5971
6079
6100
6290
6097
5731
5774
5818
5608
4929
4126
3776
3830
3631
2906
2198
1828
1426
885
250
-156
-470
-1087
-1776
-1933
-2098
-2594
-3146
-3699
-3944
-4012
-4213
-4494
-4686
-4748
-5046
-5087
-4780
-4437
-4447
-4630
-4228
-3648
-3256
-3074
-2839
-2479
-1775
-1164
-710
-333
9
354
578
959
1505
1899
2056
2218
2652
3004
3038
3019
3001
2903
2943
3038
2991
2999
2891
2605
2224
2011
2025
1810
1504
1121
794
505
105
-189
-660
-1141
-1541
-1912
-2212
-2356
-2614
-3182
-3795
-3968
-3930
-4186
-4437
-4685
-4793
-4753
-4624
-4440
-4277
-4039
-3831
-3628
-3391
-3057
-2669
-2332
-2093
-1640
-930
-219
356
751
1190
1685
2247
2698
3086
3528
4017
4416
4774
5126
5438
5650
5782
5970
6110
6220
6264
6208
6082
5798
5573
5380
5114
4584
4016
3526
3275
3049
2430
1747
1227
931
435
-297
-798
-1238
-1780
-2467
-2826
-2906
-3218
-3758
-4251
-4485
-4685
-4834
-5074
-5337
-5371
-5352
-5537
-5585
-5390
-5405
-5456
-5343
-5032
-4627
-4303
-4055
-3726
-3416
-2926
-2412
-2065
-1588
-983
-540
-172
480
1020
1379
1647
1919
2200
2435
2675
2963
3252
3388
3514
3642
3824
3991
3963
3740
3684
3788
3762
3579
3336
3124
2769
2471
2111
1825
1543
998
390
-108
-193
-249
-639
-1210
-1534
-1747
-2026
-2253
-2494
-2750
-3057
-3204
-3216
-3132
-3108
-3089
-3025
-2857
-2623
-2212
-1977
-1780
-1420
-1029
-682
-337
-10
250
623
929
1298
1651
1957
2254
2532
2821
3213
3616
3855
4095
4298
4558
4610
4531
4476
4368
4351
4207
3991
3714
3502
3237
2872
2462
2196
1846
1365
981
637
160
-422
-856
-1345
-1967
-2642
-3010
-3275
-3667
-4156
-4480
-4684
-4857
-5004
-5329
-5535
-5568
-5602
-5888
-6050
-6060
-5989
-5985
-5948
-5722
-5318
-4857
-4449
-3921
-3449
-2830
-2223
-1693
-1239
-742
-248
176
706
1218
1732
2117
2512
2926
3219
3612
4076
4434
4663
4647
4707
5046
5176
5092
4829
4772
4766
4571
4323
4067
3818
3319
2797
2505
2295
2044
1586
989
488
244
-28
-531
-1028
-1425
-1742
-2038
-2248
-2370
-2638
-2998
-3104
-3043
-3197
-3267
-3123
-3055
-3072
-2909
-2513
-2283
-2080
-1802
-1446
-1164
-775
-333
79
473
750
1192
1632
1997
2435
2744
2997
3301
3497
3666
3850
3882
3987
4198
4256
4366
4343
4237
4299
4205
3949
3514
3212
3094
2708
2262
1707
1182
823
337
-151
-599
-1140
-1609
-2132
-2688
-3090
-3474
-3955
-4385
-4722
-5063
-5360
-5500
-5705
-6033
-6204
-6220
-6222
-6189
-6180
-6077
-5920
-5865
-5621
-5230
-4952
-4624
-4093
-3654
-3210
-2720
-2303
-1834
-1315
-857
-328
340
902
1452
1921
2214
2592
2901
3412
3930
4400
4601
4601
4950
5351
5370
5220
5157
5319
5497
5434
5253
5141
5035
4740
4323
4045
3807
3494
2920
2372
1996
1654
1278
812
304
-68
-427
-1034
-1391
-1707
-2033
-2475
-2760
-2839
-3112
-3381
-3521
-3459
-3465
-3502
-3417
-3291
-3084
-2863
-2696
-2619
-2349
-2037
-1699
-1351
-982
-472
-150
147
526
949
1268
1399
1792
2288
2681
2934
3046
3292
3543
3551
3503
3459
3409
3399
3209
2954
2733
2585
2361
2054
1686
1337
1106
732
324
23
-289
-739
-1179
-1776
-2297
-2779
-3301
-3666
-3944
-4268
-4551
-4643
-4804
-4823
-5020
-5189
-5206
-5278
-5275
-5225
-5055
-4916
-4728
-4436
-4095
-3737
-3348
-2977
-2585
-2140
-1704
-1112
-621
-212
234
679
1201
1607
2069
2590
3046
3395
3771
4167
4566
4849
4933
5017
5193
5517
5595
5566
5644
5593
5413
5167
5053
4893
4589
4141
3658
3437
3179
2781
2208
1682
1403
1107
642
37
-449
-1064
-1654
-2103
-2532
-2863
-3384
-3679
-3825
-3934
-3964
-4161
-4182
-4137
-4091
-4067
-4069
-3829
-3453
-3248
-3087
-2788
-2253
-1803
-1578
-1229
-650
-35
483
946
1333
1704
1894
2078
2432
2849
3180
3469
3739
4071
4149
4064
4077
3935
3824
3649
3399
3252
3067
2790
2315
1792
1531
1158
587
-5
-405
-793
-1267
-1707
-2103
-2342
-2695
-3037
-3361
-3769
-3978
-4150
-4413
-4673
-4756
-4794
-4937
-4993
-5041
-5075
-4921
-4750
-4633
-4391
-4046
-3625
-3292
-2937
-2397
-1986
-1690
-1207
-525
-28
179
524
1064
1511
1698
1882
2237
2600
2801
3021
3303
3624
3841
4011
4165
4369
4528
4389
4387
4481
4480
4360
4242
4185
4055
3701
3281
3022
2712
2356
1928
1551
1260
978
561
85
-214
-459
-795
-1138
-1384
-1493
-1642
-1975
-2326
-2564
-2715
-2897
-2956
-2969
-2961
-2917
-2843
-2847
-2780
-2599
-2403
-2213
-2066
-1749
-1384
-1137
-870
-589
-269
156
433
693
1073
1306
1499
1618
1800
2007
2248
2425
2507
2582
2549
2523
2501
2448
2274
2021
1877
1871
1820
1528
1220
1018
923
677
394
255
-13
-443
-1007
-1255
-1500
-1844
-2282
-2604
-2829
-3040
-3179
-3495
-3653
-3666
-3538
-3591
-3662
-3628
-3564
-3546
-3543
-3429
-3383
-3093
-2796
-2648
-2497
-2191
-1868
-1759
-1541
-1072
-567
-207
184
730
1206
1434
1664
1933
2230
2458
2687
2943
3086
3230
3409
3544
3625
3672
3821
3984
4063
4085
3939
3733
3757
3644
3285
3051
2910
2769
2574
2236
1872
1564
1176
825
544
202
-73
-450
-849
-1003
-1274
-1416
-1686
-1945
-2181
-2449
-2590
-2784
-2790
-2842
-2857
-2803
-2681
-2576
-2458
-2370
-2327
-2139
-1842
-1506
-1179
-954
-754
-508
-204
116
327
621
1007
1361
1663
1963
2120
2373
2559
2547
2675
2712
2760
2777
2724
2641
2382
2214
1982
1709
1392
1089
856
664
373
13
-224
-505
-875
-1300
-1677
-1846
-2125
-2493
-2785
-3191
-3493
-3800
-4099
-4259
-4339
-4381
-4523
-4595
-4493
-4487
-4443
-4513
-4501
-4310
-4078
-3795
-3484
-3127
-2786
-2397
-2088
-1823
-1388
-875
-569
-274
130
576
926
1198
1550
1836
2175
2606
2968
3196
3546
3937
4222
4393
4417
4451
4567
4660
4605
4482
4386
4462
4346
4064
3804
3746
3710
3382
3065
2925
2768
2525
2223
1879
1684
1474
1075
693
389
104
-170
-450
-507
-621
-779
-968
-1090
-1130
-1183
-1251
-1412
-1474
-1492
-1526
-1513
-1586
-1558
-1446
-1306
-1072
-808
-538
-257
-70
105
278
398
580
671
891
989
1095
1216
1261
1185
1040
897
798
783
712
705
565
525
463
282
173
-49
-250
-558
-867
-1052
-1421
-1798
-2035
-2247
-2383
-2508
-2679
-2893
-3219
-3426
-3700
-3967
-4074
-4171
-4195
-4235
-4207
-4233
-4257
-4131
-4057
-3838
-3582
-3387
-3206
-3072
-2910
-2675
-2471
-2234
-1974
-1669
-1248
-858
-543
-338
-103
253
607
965
1313
1698
2129
2458
2830
3072
3276
3552
3796
3976
4069
4171
4243
4248
4232
4195
4035
3932
3905
3679
3483
3400
3359
3319
3166
3005
2847
2600
2267
1910
1524
1181
852
581
385
283
61
-184
-392
-556
-729
-852
-985
-1045
-1157
-1267
-1208
-1209
-1227
-1300
-1375
-1382
-1263
-1122
-966
-846
-654
-596
-401
-205
-37
172
220
415
697
867
970
1138
1373
1441
1473
1592
1715
1749
1726
1675
1554
1502
1348
1216
1046
840
707
559
333
87
-67
-229
-501
-760
-1022
-1256
-1545
-1888
-2294
-2606
-2854
-3118
-3383
-3657
-3772
-3810
-3938
-4137
-4352
-4429
-4529
-4564
-4617
-4554
-4382
-4282
-4076
-3801
-3494
-3213
-2926
-2607
-2231
-1878
-1575
-1240
-985
-680
-284
75
500
977
1320
1643
2110
2505
2756
2971
3280
3719
4055
4271
4435
4654
4767
4778
4808
4840
4813
4776
4649
4473
4311
3988
3641
3377
3227
2976
2786
2477
2275
1948
1368
983
645
346
71
-234
-467
-650
-900
-1237
-1571
-1776
-1905
-2048
-2200
-2234
-2346
-2493
-2567
-2533
-2585
-2598
-2484
-2371
-2149
-1932
-1731
-1493
-1258
-987
-720
-606
-356
-148
-17
100
260
448
661
849
876
1039
1142
1088
988
1003
1064
1094
1065
991
863
759
617
434
196
37
-92
-288
-417
-677
-761
-1094
-1441
-1679
-1958
-2155
-2460
-2651
-2850
-3103
-3268
-3341
-3381
-3306
-3246
-3128
-3014
-2897
-2771
-2580
-2516
-2346
-2042
-1769
-1410
-1167
-953
-785
-589
-342
-46
186
511
886
1223
1512
1838
2134
2511
2798
3070
3377
3557
3831
3949
4095
4057
4100
4215
4209
4257
4282
4295
4316
4188
4061
3985
3837
3563
3130
2863
2678
2418
2093
1732
1493
1251
858
482
170
-43
-335
-647
-947
-1158
-1265
-1586
-1906
-2230
-2421
-2573
-2872
-2942
-3032
-2977
-2949
-2898
-2832
-2780
-2618
-2570
-2477
-2383
-2215
-2059
-1906
-1691
-1498
-1306
-1168
-904
-658
-436
-172
52
295
547
801
938
1064
1145
1154
1069
960
868
790
666
543
393
222
199
106
45
39
-50
-187
-392
-518
-682
-981
-1252
-1573
-1812
-2025
-2293
-2565
-2727
-2826
-2933
-3000
-2981
-2884
-2748
-2525
-2359
-2192
-2112
-2080
-1978
-1925
-1702
-1511
-1374
-1166
-944
-683
-467
-202
13
224
497
806
1148
1456
1742
1986
2253
2575
2814
3057
3261
3367
3524
3686
3709
3814
3966
4055
4155
4126
4058
3975
3882
3772
3638
3556
3388
3199
3044
2858
2604
2337
2088
1756
1460
1138
816
454
103
-289
-679
-967
-1124
-1292
-1548
-1763
-1888
-1975
-2176
-2278
-2418
-2538
-2522
-2470
-2476
-2439
-2382
-2441
-2356
-2142
-2027
-1901
-1756
-1575
-1332
-1110
-939
-852
-643
-415
-101
158
402
564
621
705
769
857
840
759
685
672
680
616
642
552
415
378
314
246
81
-99
-255
-361
-503
-556
-620
-786
-851
-1041
-1313
-1531
-1722
-1900
-2005
-2087
-2060
-2146
-2249
-2269
-2250
-2232
-2270
-2293
-2199
-1991
-1702
-1409
-1286
-1011
-799
-567
-317
-177
-119
-107
-10
82
177
306
500
604
830
1211
1510
1791
2076
2232
2343
2395
2517
2509
2420
2384
2401
2487
2536
2494
2406
2371
2260
2195
2118
2001
1852
1712
1421
1211
1075
837
599
356
205
102
36
-79
-233
-393
-548
-632
-734
-873
-966
-1095
-1127
-1256
-1394
-1526
-1668
-1736
-1717
-1647
-1573
-1496
-1321
-1121
-943
-748
-559
-320
-92
57
147
296
258
235
296
318
438
532
636
809
1010
1141
1214
1345
1525
1603
1577
1553
1430
1303
1056
838
736
617
544
460
376
271
172
-49
-267
-490
-698
-856
-1024
-1199
-1396
-1664
-1913
-2071
-2256
-2302
-2332
-2388
-2423
-2448
-2369
-2224
-2124
-2101
-1959
-1810
-1720
-1651
-1691
-1656
-1649
-1568
-1433
-1266
-1007
-824
-618
-515
-295
5
291
538
851
1196
1416
1581
1556
1503
1434
1436
1507
1693
1957
2041
2050
2118
2193
2240
2225
2169
2222
2194
2163
2051
1995
1852
1688
1725
1659
1665
1600
1401
1267
1136
999
869
731
571
392
190
-55
-301
-564
-831
-1037
-1012
-1035
-1052
-1094
-1164
-1185
-1277
-1334
-1340
-1293
-1316
-1344
-1303
-1275
-1185
-1166
-1097
-930
-781
-582
-487
-321
-177
-68
-35
-75
104
168
223
268
289
411
395
444
472
473
472
482
449
446
439
272
124
-4
-110
-233
-426
-570
-623
-569
-503
-530
-527
-529
-519
-484
-569
-716
-847
-950
-1006
-1108
-1185
-1211
-1267
-1370
-1393
-1289
-1195
-1076
-1034
-910
-732
-619
-523
-386
-325
-170
-118
-123
-104
-29
35
77
185
351
556
684
832
992
1223
1353
1451
1505
1553
1613
1617
1601
1568
1588
1563
1550
1552
1568
1551
1494
1468
1357
1199
1099
1022
874
737
557
405
232
159
82
20
62
49
-29
-172
-285
-375
-511
-622
-660
-626
-766
-832
-851
-856
-945
-1107
-991
-948
-860
-693
-524
-353
-363
-361
-243
-182
-71
8
-95
-41
50
81
158
243
372
451
626
718
866
1044
1062
1063
1050
980
880
787
693
533
371
191
19
-75
-303
-401
-579
-736
-844
-979
-1111
-1156
-1194
-1218
-1250
-1353
-1455
-1647
-1772
-1879
-1879
-1878
-2008
-1959
-1829
-1733
-1732
-1770
-1739
-1665
-1602
-1571
-1477
-1307
-1113
-937
-812
-551
-300
-127
49
301
500
674
874
992
1132
1274
1466
1566
1613
1624
1673
1708
1790
1884
2008
2074
2123
2164
2197
2252
2254
2184
2145
2122
2046
1976
1864
1648
1323
1054
830
595
416
267
82
34
-22
-51
-3
19
4
-53
-184
-380
-515
-659
-798
-869
-944
-985
-1029
-1081
-1189
-1211
-1276
-1248
-1188
-1089
-916
-962
-966
-874
-805
-776
-664
-574
-448
-377
-359
-324
-291
-275
-272
-233
-102
23
70
-11
-108
-74
-22
8
112
256
238
248
246
178
166
186
169
192
172
100
13
-137
-281
-478
-618
-714
-707
-712
-701
-787
-827
-784
-712
-704
-630
-544
-490
-420
-494
-476
-493
-602
-644
-476
-295
-218
-279
-312
-190
-68
53
203
419
655
767
799
885
914
804
760
708
793
946
1066
1133
1146
1172
1198
1204
1282
1399
1301
1239
1260
1148
1046
914
763
699
569
521
486
414
373
295
260
279
291
217
78
-50
-232
-391
-538
-669
-716
-759
-725
-655
-658
-689
-828
-857
-803
-684
-559
-535
-437
-354
-302
-301
-243
-295
-339
-350
-300
-152
-56
15
58
93
182
351
406
429
391
287
247
254
288
314
333
319
333
282
226
145
88
-19
-28
-42
-65
-40
-180
-232
-419
-568
-730
-875
-947
-1005
-1037
-1038
-1022
-1054
-1029
-1032
-1066
-1093
-1140
-1239
-1202
-1219
-1175
-1202
-1178
-1089
-1024
-919
-883
-854
-833
-781
-711
-547
-420
-225
-148
-72
96
204
301
426
574
786
895
997
1125
1269
1394
1376
1369
1334
1419
1425
1406
1454
1481
1521
1582
1575
1700
1781
1681
1615
1535
1459
1323
1189
1009
872
735
528
419
307
170
61
52
11
29
-20
-138
-182
-323
-331
-394
-377
-329
-320
-346
-424
-443
-589
-644
-673
-638
-570
-529
-538
-566
-486
-522
-538
-395
-232
-155
-98
-35
22
89
130
123
143
171
206
198
140
20
-41
-146
-224
-245
-259
-160
-85
27
72
77
87
107
23
-50
-110
-224
-381
-569
-728
-809
-861
-974
-1052
-1084
-1097
-1128
-1136
-1176
-1093
-1013
-1003
-1018
-1024
-1015
-942
-844
-831
-826
-741
-624
-476
-469
-491
-422
-445
-389
-298
-129
43
118
187
258
435
598
717
797
834
944
943
864
825
753
782
839
844
796
763
664
577
645
641
629
610
578
583
648
647
553
438
362
278
213
190
115
10
-114
-160
-118
-74
-57
-121
-124
-54
-15
-13
-31
-43
-25
-26
13
37
-11
-5
37
127
225
257
193
110
138
182
202
321
470
599
658
749
741
726
700
568
591
642
644
635
542
501
502
434
427
415
465
505
442
351
255
160
72
16
-20
-52
-163
-268
-413
-553
-714
-858
-910
-855
-884
-964
-1010
-1132
-1173
-1227
-1253
-1203
-1187
-1104
-1068
-1031
-1022
-991
-1001
-1017
-880
-747
-642
-648
-614
-519
-364
-298
-200
15
166
257
360
439
512
590
600
572
666
692
718
684
618
630
663
791
851
920
897
826
816
823
823
760
755
701
558
412
304
163
35
-97
-128
-95
-102
-187
-311
-407
-458
-564
-711
-766
-748
-736
-729
-626
-573
-620
-669
-757
-775
-772
-788
-826
-873
-812
-707
-574
-450
-363
-358
-300
-223
-196
-138
-112
-12
49
101
189
206
230
312
316
360
498
581
646
700
753
820
798
810
906
1018
1056
1067
1033
941
904
824
734
640
563
464
369
287
162
8
-66
-68
-46
-42
-50
-63
-130
-157
-308
-359
-457
-564
-597
-690
-675
-605
-614
-677
-698
-637
-543
-562
-642
-621
-539
-465
-380
-284
-185
-68
71
162
273
355
419
477
485
533
461
349
291
241
233
283
361
429
474
520
641
783
779
749
697
648
547
412
144
8
-98
-255
-321
-402
-438
-477
-477
-441
-380
-342
-308
-267
-246
-211
-245
-314
-370
-388
-362
-404
-366
-287
-316
-308
-370
-349
-223
-229
-214
-169
-94
0
86
146
159
201
257
316
360
348
274
180
204
258
270
214
192
200
233
212
55
111
128
152
264
324
312
315
283
238
217
87
-144
-308
-471
-522
-639
-772
-854
-941
-891
-895
-893
-863
-926
-865
-719
-589
-547
-626
-695
-754
-849
-961
-1089
-1053
-1002
-909
-771
-675
-573
-633
-599
-464
-282
-138
-48
54
129
279
380
435
