SAMPLES:	9278
BITSPERSAMPLE:	16
CHANNELS:	1
SAMPLERATE:	16000
NORMALIZED:	FALSE
-206
-235
-215
-226
-238
-231
-260
-264
-262
-270
-321
-337
-364
-363
-370
-373
-380
-382
-368
-401
-362
-361
-372
-341
-323
-356
-350
-346
-343
-336
-323
-298
-303
-253
-255
-247
-202
-224
-213
-193
-216
-200
-172
-195
-176
-131
-133
-108
-77
-78
-55
-49
-15
18
12
26
65
87
83
134
146
160
184
225
219
215
247
236
256
269
274
274
255
250
243
241
220
223
241
233
272
286
296
288
276
259
241
248
254
232
255
279
259
308
279
277
288
230
246
219
209
228
183
213
218
174
158
145
129
108
129
82
111
117
102
105
68
51
35
42
-30
-10
-41
-33
-19
-26
-21
-43
-43
-23
-31
-31
-15
-33
-23
-57
-76
-88
-80
-117
-138
-122
-120
-96
-148
-119
-136
-115
-101
-147
-146
-162
-175
-193
-167
-167
-166
-172
-179
-196
-206
-184
-188
-174
-170
-139
-132
-121
-138
-149
-141
-177
-163
-175
-184
-173
-207
-217
-205
-230
-214
-202
-207
-194
-184
-150
-171
-148
-143
-130
-120
-106
-90
-88
-66
-64
-67
-57
-53
-48
-40
-38
-15
-30
12
24
27
46
51
62
24
28
47
56
70
104
100
116
111
138
166
157
170
145
171
183
194
229
231
240
236
253
246
217
205
226
196
202
197
199
219
204
235
210
214
236
219
201
208
184
157
153
99
97
78
39
31
-3
-27
-53
-66
-66
-60
-72
-58
-31
-31
-35
-28
-19
-9
-44
-32
-62
-77
-65
-72
-46
-66
-42
-35
-56
-29
-28
-17
-20
-20
-15
-6
3
16
6
1
9
-19
9
-13
2
-16
-3
5
0
18
17
57
56
77
87
131
130
142
175
156
143
132
98
105
61
61
64
42
73
56
45
23
-19
-19
-41
-25
-58
-47
-46
-70
-40
-82
-89
-136
-140
-149
-185
-186
-214
-231
-260
-275
-296
-297
-292
-299
-295
-307
-306
-333
-309
-350
-376
-348
-370
-333
-330
-311
-327
-291
-308
-308
-280
-307
-257
-292
-248
-238
-226
-202
-189
-160
-141
-128
-99
-95
-100
-36
-45
8
20
38
62
57
107
96
103
122
113
132
152
163
199
195
221
216
232
259
262
291
283
288
307
251
260
258
208
229
196
206
237
216
223
196
197
193
150
131
117
105
92
114
112
110
107
90
101
74
75
87
76
101
81
101
81
92
95
86
115
128
157
162
145
156
174
149
172
168
165
185
165
188
168
171
158
140
106
102
125
131
154
121
157
124
111
114
80
87
48
40
18
-33
-2
-1
12
25
29
65
46
55
52
67
50
58
43
48
43
42
27
14
29
2
26
15
10
11
-20
-15
-58
-88
-120
-156
-183
-210
-201
-201
-210
-246
-234
-287
-283
-314
-354
-331
-352
-368
-381
-405
-407
-423
-434
-441
-447
-425
-414
-400
-402
-347
-361
-332
-323
-317
-263
-286
-248
-227
-218
-203
-167
-183
-161
-128
-117
-82
-87
-68
-28
-39
-53
-1
-4
11
42
49
61
82
81
91
94
93
126
121
129
152
183
194
226
230
228
258
230
241
235
218
228
221
250
246
232
255
229
223
241
208
219
226
197
199
185
168
173
170
168
175
196
210
183
179
153
140
117
84
96
91
93
122
110
110
127
121
128
122
135
118
134
119
107
88
82
67
57
59
49
68
50
24
25
-19
-50
-84
-106
-102
-97
-113
-109
-94
-82
-59
-65
-54
-60
-62
-182
-475
-605
-402
-70
-77
-446
-346
45
215
280
401
195
-145
-200
-23
189
182
-72
-453
-456
-100
64
-144
-311
-316
-354
-331
-95
75
-141
-299
-126
63
32
9
-21
-105
-85
35
-50
-92
-57
-135
-177
-90
34
-173
-287
-205
-39
93
147
101
67
204
214
218
258
132
68
93
110
106
66
-10
-24
44
36
37
-2
2
32
99
147
250
296
294
283
279
245
122
106
140
136
69
108
174
209
211
165
158
140
91
32
11
-42
-70
12
102
126
133
159
30
-36
-9
-61
-121
-286
-543
-736
-904
-1008
-994
-945
-955
-897
-684
-567
-334
-144
-72
13
2
51
67
26
39
-40
-104
-61
-11
80
36
62
13
-113
-66
-53
-121
-78
-55
-144
-143
-32
103
80
33
105
197
223
306
283
374
420
186
279
397
292
291
331
382
642
765
810
992
1081
1157
1320
1421
1417
1343
1339
1425
1599
1600
1260
910
572
222
66
98
64
-109
-213
-175
-117
13
342
498
430
497
646
565
160
-733
-3001
-5444
-5396
-3476
-2714
-3420
-3409
-2313
-790
1064
2835
3299
2482
1634
1190
1701
2677
2260
-185
-2291
-2121
-1282
-1724
-2699
-3311
-4003
-4197
-3127
-1727
-958
-647
-513
-42
1375
2774
2684
1763
1755
2381
2343
1919
1575
558
-886
-1537
-1733
-2028
-2119
-2122
-2045
-814
955
1893
2002
2149
2591
2988
3252
3386
3214
2591
1835
1156
676
94
-799
-1818
-2390
-2509
-3560
-4881
-4364
-2220
-1267
-1513
-480
1538
3297
4861
5940
5196
3626
2573
1557
1045
1119
-25
-2367
-3443
-3119
-3004
-3451
-3339
-2528
-1722
-516
1344
2581
2416
2185
2430
2759
2906
2414
941
-159
-107
19
-193
-386
-338
-286
186
1022
1023
284
124
634
1119
1706
2014
1425
853
1194
1639
2037
2412
2112
1355
722
429
577
421
-467
-1911
-3499
-5456
-8661
-10399
-8023
-4149
-3198
-3706
-2537
135
3225
5370
6009
5005
3437
1849
969
1533
2080
360
-3156
-4831
-3937
-3175
-4062
-5621
-6381
-5965
-4395
-2487
-892
77
468
531
1068
2522
3632
3443
2713
2712
2723
2069
1097
-124
-1672
-2545
-2538
-2615
-2848
-2810
-2459
-1583
580
2860
3773
4247
4961
5699
6185
6220
5903
5448
4700
3909
2272
-263
-2576
-5042
-5813
-3819
-2106
-2541
-2638
-1449
94
2349
4145
4722
4994
5844
6620
6769
6049
3935
1099
-647
-1129
-1209
-1781
-3115
-4319
-4870
-4575
-3532
-2414
-1780
-1259
121
1767
2491
2950
3262
2853
2867
3420
2692
1451
342
-1247
-2417
-2525
-3179
-4805
-5326
-5036
-4680
-3901
-2369
-1290
-281
995
1863
2252
2732
3078
2970
2717
2027
756
-926
-3727
-8767
-12678
-11217
-7124
-5456
-5710
-4572
-1624
1966
5637
8246
8556
7118
5310
4371
5285
6299
4246
-801
-4527
-4636
-3744
-4353
-5943
-6970
-6981
-5692
-2908
-71
1524
1886
1836
2465
4627
6863
6112
3832
3006
2844
2057
1025
7
-1195
-2338
-2581
-2487
-2236
-1365
-1058
-960
922
3721
5074
4853
4394
4181
4075
4099
4164
3736
2869
1585
282
-442
-2088
-3650
-5006
-6201
-4186
-620
-753
-2539
-1875
-1117
320
3698
6093
5470
3963
2698
913
856
1319
-144
-1669
-1203
141
88
-1489
-2729
-3271
-3502
-2794
-826
678
673
312
658
1310
1674
1707
734
128
755
454
-417
159
921
694
235
57
-89
-598
-1162
-910
-107
687
1194
509
-193
268
69
-741
-105
1165
990
510
134
-1069
-3858
-8576
-12022
-9798
-4593
-3256
-4777
-4614
-2061
1430
4769
6768
6569
4742
2606
1716
3368
5151
2857
-2320
-5295
-4204
-1976
-1736
-3747
-5400
-5413
-4732
-3359
-1108
109
-500
-1099
210
2954
5080
4471
2181
2039
3286
3334
2432
1695
804
-338
-1297
-1732
-1864
-1753
-1626
-1267
921
3918
5285
4805
4538
5042
5562
5994
5836
5483
5340
5069
4286
2294
199
-643
-3043
-5551
-3711
-1399
-2905
-3647
-2496
-2118
158
3724
5007
4759
4872
4473
3833
4635
4779
2789
943
684
68
-1903
-3925
-5066
-5948
-6528
-5390
-3458
-2402
-2102
-1280
-130
932
2483
2853
2186
2429
2427
1110
774
1384
45
-1865
-2364
-2642
-4029
-4660
-3970
-3243
-1839
-587
-711
-578
227
-155
-686
7
1072
1234
897
898
533
-667
-2574
-6607
-11368
-10902
-5832
-3327
-4745
-5553
-4034
-847
2959
5950
7074
5830
3480
2123
3096
5027
4517
412
-3764
-3950
-1482
-738
-2536
-4301
-5216
-5326
-3771
-942
520
293
-43
109
2219
5419
5584
2948
1805
2255
2188
1910
1978
1422
447
-359
-1203
-1099
138
540
147
1582
4587
6222
5571
3962
2851
2762
3192
3250
3391
4019
4421
3152
1248
1158
1362
-1069
-2308
376
1524
243
-414
-1089
-2309
-1997
-582
284
1174
1946
1754
2139
3926
4192
2721
1967
2309
2320
1594
403
-1078
-2612
-3968
-4350
-3821
-3649
-4025
-3493
-2327
-1327
-20
203
-121
725
1430
1287
1976
2599
1527
436
-379
-1674
-2472
-2608
-3028
-2936
-1710
-735
-783
-1188
-1645
-2244
-2565
-1779
-884
-502
-583
-844
-1418
-1636
-3182
-8078
-11207
-7536
-2332
-1780
-3263
-2932
-1199
1326
4279
5692
4968
2929
3
-1287
852
3032
1107
-3442
-5489
-3149
70
588
-1187
-2366
-2354
-1422
93
1204
1084
-124
-1481
-1545
1411
4128
2739
-84
23
1696
2040
2586
3520
3352
2992
2990
2330
2055
2737
1960
1297
3034
5139
5266
3595
1740
602
661
1619
2192
2526
3591
4532
3044
345
-711
459
2158
2402
1855
1085
-30
-582
-339
-490
-1146
-1673
-1627
-1
2553
4056
3819
3022
3022
3742
3915
3715
3589
2258
-177
-1762
-2053
-2469
-3449
-4159
-4459
-3913
-2921
-2459
-2252
-1118
-61
230
578
822
1035
1887
2759
2252
725
-1396
-2904
-3090
-3385
-3510
-3319
-3686
-3946
-3322
-2966
-3273
-3473
-2925
-1423
183
731
78
-786
-1215
-2013
-5592
-10498
-11249
-7154
-3780
-4368
-5470
-4384
-1553
2320
5506
6373
5811
4224
1499
1251
4351
5475
2205
-2104
-3532
-1782
59
-585
-2750
-3649
-2871
-1426
147
1520
1439
-12
-881
589
4149
5985
3904
1453
1383
1977
1937
2041
1973
1453
1582
1974
2062
2566
2906
2236
2348
4691
6822
6849
5098
2628
1090
1236
2039
1839
1835
2094
1016
409
395
-295
19
961
671
401
785
245
-1260
-2296
-2639
-2788
-1922
153
1683
2352
2952
2814
2389
2661
3396
3609
2984
2300
1365
-316
-1908
-3088
-3851
-3899
-3580
-3131
-2500
-1421
-328
156
563
1337
2085
1953
1204
1313
2027
2239
1230
-1238
-3609
-4031
-3619
-3450
-3115
-2902
-2446
-2054
-2633
-2758
-1685
-1527
-2219
-2163
-1329
-757
-826
-1692
-2936
-5496
-9747
-11580
-8083
-3024
-1732
-3443
-3968
-1980
1648
5441
6604
4825
2324
-4
-1311
428
2486
539
-3340
-5153
-3933
-1073
827
-319
-2086
-1770
435
2562
3979
4383
2497
329
-357
1123
3021
2410
179
-1059
-237
655
778
917
1220
2020
3304
4043
4446
5049
4848
4354
4965
6183
6491
5423
3141
718
-560
-738
-764
-1148
-1396
-701
836
1208
869
2095
3179
2420
2473
3378
3293
2116
100
-2308
-3464
-2474
-1217
-245
963
1816
1681
1425
2019
3000
3836
4281
4531
4482
3325
1446
-273
-2172
-3387
-3253
-3205
-3796
-3845
-3501
-3256
-2306
-756
322
893
1571
2134
2946
3379
2672
341
-1855
-2731
-2726
-2516
-2514
-3215
-4073
-3949
-3575
-3599
-4320
-4583
-4066
-3062
-1811
-598
-172
-729
-1776
-4889
-9626
-10942
-6574
-1855
-1532
-2897
-2374
-208
2321
4465
5211
3946
1784
175
42
2093
3754
1110
-3637
-4511
-1122
1235
947
-109
-1237
-1436
724
3366
4431
4546
3400
1106
111
1736
2988
1656
-260
-200
759
1103
1393
968
655
1800
3319
4258
5051
5649
5243
4490
5264
6285
6321
4843
2293
307
-614
-1569
-2974
-3668
-3719
-3716
-2267
57
291
-379
560
1612
1545
2009
2137
993
-1010
-3215
-4985
-5069
-3302
-1895
-1421
-1007
-220
367
661
1190
2662
4141
4519
4367
3805
2830
1589
199
-1149
-1782
-1497
-1777
-2414
-2291
-1792
-1421
-781
335
1148
1830
2703
3432
3776
3545
2659
464
-1498
-1564
-1370
-1432
-1132
-1367
-2468
-3785
-4020
-3313
-3003
-2966
-2785
-2332
-1463
-648
-232
-1202
-5273
-10674
-11372
-5962
-1058
-1147
-2987
-2657
-250
2787
4815
4930
3356
569
-1723
-788
2448
3171
-352
-5185
-6306
-2744
475
-52
-1748
-2223
-1497
863
3874
5459
5165
3607
1452
1425
3667
4085
1458
-662
-322
418
652
557
-327
-228
1355
2802
4148
5617
6072
5511
5405
6582
7753
7237
5519
3593
1915
830
-59
-1420
-2533
-3470
-4109
-2315
279
-346
-1489
-292
1114
1487
2016
1641
311
-419
-1449
-2787
-2466
-1056
-714
-772
-323
43
-221
-311
77
613
1401
2416
2393
771
-227
-230
-603
-1123
-1364
-1601
-1574
-1383
-1207
-836
-352
414
1313
1404
919
1098
1498
1742
2063
1240
-1348
-3488
-3318
-2910
-2899
-1759
-838
-1547
-2877
-3204
-2717
-2025
-2073
-2500
-2375
-1885
-1387
-1280
-2376
-6135
-11353
-12662
-7653
-1995
-1145
-2803
-2479
26
3323
6137
6620
4748
2166
-92
-36
2690
4193
895
-4704
-6848
-4098
-285
276
-1607
-2975
-2426
93
3228
5503
6512
5650
3857
3568
5318
6024
3352
292
-209
859
1042
466
-599
-1589
-1007
861
2247
3647
5220
5628
5921
6973
8171
8062
6415
4321
2444
1168
396
-805
-2567
-3914
-4335
-3282
-912
-114
-1255
-726
1007
1478
1610
1863
1218
235
-242
-1311
-2084
-1683
-1867
-2568
-1824
-9
613
192
535
1485
2390
3308
3500
2700
1584
862
222
-542
-869
-1342
-2441
-2655
-1683
-829
-333
111
583
1141
1786
2332
2445
2848
3307
2366
450
-799
-1569
-2913
-3744
-3389
-2301
-1581
-2418
-3675
-4042
-3909
-3531
-3041
-2325
-1493
-1309
-1597
-1760
-3016
-7343
-11841
-10949
-5469
-1883
-2452
-3209
-1730
1020
3623
4827
4185
2875
1189
-319
350
2422
1750
-2848
-7086
-6534
-2604
-74
-343
-1817
-2399
-1357
585
2503
4054
4658
4024
2734
2944
3972
2803
94
-942
-217
665
1195
905
318
318
1422
2878
4113
5584
6735
6814
6699
7224
7304
6029
4109
2372
854
-99
-1163
-2515
-3368
-3308
-1916
439
1630
324
-1025
-350
955
1157
1153
1006
304
-108
-487
-1724
-2310
-1804
-2177
-1905
699
2991
2604
1316
1572
2478
3219
3436
3167
3048
2774
2068
869
-7
-653
-1462
-2067
-1313
233
433
-242
21
1160
2104
2626
2889
3374
4141
3897
2237
140
-1581
-2787
-3708
-4057
-3417
-3076
-3788
-4005
-3730
-3798
-3673
-3070
-2489
-1650
-717
-597
-1133
-1905
-4871
-10010
-12538
-8904
-3611
-2361
-3999
-4327
-1812
1827
4078
4626
4156
2515
167
-351
1980
3588
850
-4516
-7161
-4684
-847
165
-1204
-2412
-2570
-1269
1089
3463
4662
4245
2667
1842
2983
3479
1178
-1170
-1645
-1176
-394
11
-83
-44
1050
2328
3440
5425
7488
7919
7375
7384
7744
7207
5280
2733
485
-1033
-2162
-3648
-4911
-4180
-2308
-583
1140
2224
1126
-498
73
1390
2162
2441
1881
168
-1248
-2158
-2881
-2384
-1898
-2229
-1653
1160
3500
3085
1509
861
1829
2909
3125
3616
4202
2994
1144
573
577
-103
-981
-1285
-434
778
189
-1203
-962
304
1119
1776
3115
4672
4950
3943
2182
666
-638
-2128
-3292
-3246
-2476
-2736
-3722
-4133
-4098
-3922
-3121
-1599
-292
86
-315
-1122
-1705
-1936
-3915
-8966
-12845
-10745
-5368
-3106
-4403
-4590
-2514
187
3239
5742
6273
4093
897
-616
1039
3498
2193
-2858
-6680
-5928
-2863
-1037
-1568
-2853
-3422
-2330
191
2916
4354
3868
1955
754
1630
3061
2709
402
-1251
-1418
-747
-141
-89
311
1149
1605
2598
5171
7250
7172
6331
5921
6500
7133
6066
3443
1081
-659
-2153
-3082
-3057
-1760
140
829
652
982
1676
856
-695
-282
1290
2017
1745
842
-1110
-2551
-2091
-1052
-370
770
1883
2270
2810
3071
2244
1311
1545
2219
2543
3393
3688
2376
897
363
222
97
-77
-84
105
15
-617
-1371
-1443
-1139
-796
-128
1616
3636
3989
2313
125
-1125
-1867
-2659
-3618
-4005
-4005
-4385
-4623
-4041
-2939
-1971
-1301
-963
-28
881
739
-239
-1136
-2038
-3521
-6151
-10234
-12836
-10438
-5924
-4427
-5337
-4876
-1958
2235
5860
7326
6183
3821
1836
1339
2767
4035
2019
-2746
-5403
-4016
-951
290
-837
-2225
-2533
-997
1540
3229
3075
1811
506
579
2257
3507
2436
102
-869
-260
614
1577
2467
2781
2856
3667
4984
5519
4827
3303
2250
2996
4813
4779
2118
-929
-2818
-3108
-2597
-1595
273
2504
3756
3414
2493
1924
1343
-104
-1118
-89
806
-26
-1113
-2611
-4443
-4093
-1787
171
2000
4058
4602
3836
3858
3973
2997
2654
3285
3644
3709
2970
1179
-134
-1071
-1650
-1041
272
1417
1579
877
128
8
-143
-369
-304
365
1517
2399
2475
1180
-691
-2123
-2673
-3041
-3278
-3536
-4223
-4949
-4673
-3864
-2938
-1649
-176
781
1018
1459
1157
410
-433
-2041
-3887
-4931
-5296
-7265
-11232
-13202
-10279
-5960
-4518
-4401
-2443
1347
4962
6952
7123
5996
4386
2319
1205
1987
2798
834
-3023
-5113
-3972
-1685
-593
-1026
-1734
-1812
-1233
-295
-387
-624
292
824
806
1785
3081
2388
747
668
1770
3254
4843
5749
5373
4703
3696
1620
24
-146
78
832
2125
1505
-749
-2303
-2264
-1279
453
3180
5675
6867
6815
6206
4636
2551
1312
659
-212
-600
-1235
-3095
-5095
-5562
-4878
-3323
-590
1899
3500
4830
5880
5799
5423
5689
5786
5826
5924
4660
2511
811
-640
-2093
-2960
-3211
-2521
-797
157
-266
-14
1040
1139
507
83
236
1293
2044
871
-707
-1606
-2214
-2870
-3452
-4086
-4257
-4164
-4750
-5091
-4322
-3375
-2726
-1487
310
1513
2402
2847
2201
797
-548
-1870
-3139
-3589
-3692
-4569
-6855
-10940
-13581
-10770
-5236
-2797
-3361
-2431
1088
4859
7031
7638
6748
4810
2529
1120
2240
3841
2412
-1972
-4941
-3663
-417
860
-609
-3020
-4588
-4488
-3345
-1777
-491
391
381
160
1469
3802
4449
3055
2529
4002
6228
7083
5926
3440
280
-1831
-2474
-2613
-2612
-2699
-3447
-3891
-2703
-1000
-61
805
2709
5165
7113
8098
8383
7542
6283
4709
2750
1548
453
-2200
-5300
-6176
-5551
-4793
-3785
-2316
-644
1431
3633
5171
6685
8087
8702
8853
8956
8622
6958
4383
2044
344
-710
-1535
-2473
-3453
-3663
-3004
-1823
-471
863
2343
2648
1787
1794
2352
1775
686
-435
-2163
-3156
-2717
-2635
-3826
-5093
-5972
-5956
-4303
-3005
-3366
-3683
-2938
-1675
-323
886
1214
763
48
-358
-280
-436
-1575
-2889
-3163
-3243
-4144
-6956
-11418
-13085
-9068
-4372
-3796
-4465
-2738
588
3922
6320
7270
6521
3915
1131
979
3344
4978
2834
-1479
-3302
-1547
179
-911
-3657
-6043
-7027
-6320
-4127
-1863
-714
-715
-1144
428
3828
6174
6016
5431
6180
7028
7003
5631
3165
620
-1318
-2851
-4044
-4895
-5758
-6190
-5099
-2612
-303
1581
2928
4129
5869
7746
8805
8862
8383
7728
7177
5545
2112
-1578
-3955
-5611
-6180
-5170
-4353
-4345
-3824
-2165
15
2700
5428
7222
8618
10120
10784
10338
9162
7001
4236
1824
388
-744
-2382
-3975
-5389
-6337
-5687
-3537
-1433
607
2402
3579
4273
3725
2206
1018
107
-979
-1875
-2517
-2986
-3961
-5240
-5798
-5131
-4200
-3753
-2927
-2068
-1750
-1657
-1315
-357
513
79
-1267
-1369
-79
1062
878
223
-175
-1115
-2030
-2286
-2451
-4273
-8615
-12879
-12387
-7379
-3863
-4238
-4913
-2683
1668
5779
7783
7784
6452
4047
2711
4164
6725
6371
2289
-2435
-4119
-2874
-2876
-5454
-8159
-9123
-8113
-5550
-3004
-1448
-261
732
1971
4888
8149
8967
7360
5707
4816
4235
3341
1731
-815
-4148
-6634
-7830
-7604
-6701
-5757
-4389
-1992
1064
3426
4909
6001
7366
8474
9131
9761
10061
8962
5875
1963
-978
-2665
-3761
-5050
-6405
-6223
-5004
-4493
-4097
-1974
1465
4884
7907
9791
10861
11688
11853
10282
7846
5816
3854
1603
-365
-1835
-3879
-6049
-6824
-6351
-5358
-3380
-1085
831
2678
3832
3757
3280
2458
629
-922
-1015
-888
-2145
-4313
-5717
-5919
-5244
-4323
-3699
-2977
-2196
-1921
-2087
-2231
-2353
-2312
-1924
-1341
-712
208
1267
2165
2233
1594
1058
532
-483
-1481
-2419
-4039
-7186
-11772
-14298
-11809
-7550
-6141
-6178
-3907
437
4624
7513
9437
9423
7794
6010
5485
6437
6368
3210
-1815
-5179
-5632
-5352
-6444
-8215
-9006
-8665
-6799
-4033
-1505
604
2695
4480
6028
7795
8616
7730
6237
5201
4318
2858
485
-2318
-4598
-6087
-6937
-6745
-5740
-4799
-3324
-1013
1507
3948
5600
6524
7981
10078
10966
9911
8113
6322
4397
2605
1227
-333
-2722
-5345
-6503
-6115
-4731
-3815
-3369
-1228
2463
5954
8116
9516
10263
10381
10033
9319
8189
6798
4957
1822
-1427
-2968
-3259
-4709
-6838
-7279
-6092
-4376
-2859
-1827
-986
75
632
347
562
1148
806
-360
-1310
-2110
-3257
-4229
-4696
-4334
-3505
-3903
-4657
-4301
-3450
-3373
-3880
-3945
-3055
-1567
-274
512
1197
2487
3410
3600
3620
3412
2301
474
-1466
-2772
-3612
-5304
-8881
-13590
-15062
-11108
-6403
-5098
-4861
-2004
2935
7421
10350
11535
10465
7619
4785
3822
4628
4550
1287
-3709
-6910
-7093
-6921
-7778
-8713
-8340
-6416
-3623
-740
1498
3190
4445
4977
5883
8324
10006
8565
5205
2545
1060
146
-1066
-2772
-4336
-5476
-5857
-5556
-4444
-3041
-1576
391
3360
7006
9677
10353
9431
8067
6958
6874
6935
6044
4125
2045
206
-1930
-4082
-5426
-5295
-4380
-2669
-511
1249
2878
4499
5799
6821
8134
9404
9825
9209
7985
6066
3935
2052
-119
-2207
-3319
-4483
-6047
-6503
-6210
-6229
-6001
-5059
-3640
-1665
57
752
805
1049
1174
424
-528
-1311
-2591
-4126
-4787
-4456
-4593
-5844
-7159
-6987
-5590
-4071
-3153
-2928
-2222
-369
1114
1353
1963
3124
3656
3706
3754
3044
1411
-455
-2511
-4124
-4620
-5414
-7193
-10051
-13458
-13994
-10117
-5658
-3487
-1406
2437
6866
10153
11689
11287
8657
5270
3144
3164
3882
3041
-584
-5526
-8765
-9060
-7820
-6520
-5040
-3797
-2904
-1611
193
2043
3835
5408
6079
6566
7552
7424
5114
2190
431
-208
-630
-949
-1636
-2688
-3945
-4718
-4513
-3392
-1380
1279
4314
6381
7414
7731
7208
6788
6718
6836
6718
6300
4987
3240
1801
149
-1673
-3374
-3954
-3028
-1367
-250
-215
-586
491
3088
5704
7401
8156
8266
7779
7486
6969
5601
3809
1426
-1536
-3393
-4049
-5257
-6994
-7678
-7595
-7144
-5470
-3397
-1757
-63
1383
2194
2897
3229
2303
461
-986
-2268
-3467
-4288
-5188
-5993
-6699
-7329
-7111
-5484
-3154
-1197
-307
-224
618
2245
2968
2702
2656
2125
1498
1752
1830
818
-782
-2727
-4651
-5218
-4393
-3870
-5085
-8340
-12665
-13640
-8885
-3042
-313
682
2541
5078
7530
9078
9035
7042
3821
1425
1424
2423
1984
-1377
-6405
-9386
-8470
-5594
-3740
-3476
-3957
-4052
-2467
177
2482
4015
4370
3869
4328
5901
6166
4614
2530
1175
908
1232
1217
185
-1832
-3612
-3959
-2793
-1271
-309
559
1980
3845
5387
6451
6727
6470
6501
6745
6857
6949
6392
4884
3065
1597
379
-1075
-2738
-3631
-3576
-2991
-1626
75
1724
3427
5051
6543
8150
8990
8626
7755
6724
5021
2995
913
-1878
-4488
-5845
-6425
-6268
-5593
-5584
-5878
-4659
-2234
128
2021
2878
3006
3098
2777
1155
-932
-2297
-3512
-5128
-6317
-6553
-6332
-6052
-6071
-5283
-3262
-1169
153
761
1047
1437
1628
1307
1033
1301
1397
953
344
-431
-1453
-2577
-3423
-3712
-3329
-2803
-2785
-3642
-4971
-7538
-11323
-12260
-7917
-2350
-65
-196
351
2665
5311
6904
7197
5957
3412
1037
945
2646
2646
-1086
-6199
-8314
-6586
-3723
-2257
-2984
-4676
-5085
-3417
-589
2188
3465
2965
2733
4102
6625
8027
6229
3279
1998
2712
3347
2739
873
-1850
-3864
-4386
-3599
-2382
-1521
-1309
-548
1815
4511
6151
6559
6843
7523
8728
9753
9420
8028
5847
3360
1213
-827
-2873
-3827
-3876
-3536
-2395
-704
687
2273
4024
5358
6475
7519
7908
7262
6019
4653
3374
1767
-370
-2752
-3970
-4029
-4112
-4330
-4764
-4961
-4366
-2860
-1058
304
1208
1297
993
630
-126
-806
-1296
-2000
-3196
-4069
-4074
-3351
-2848
-3071
-3263
-2374
-949
-317
-435
-966
-1505
-1862
-1863
-1180
-40
361
-455
-1491
-1732
-1135
-85
-85
-1084
-1580
-1692
-2164
-3238
-4854
-7537
-11307
-13233
-10343
-5052
-2010
-2219
-2250
102
3475
6135
7536
7250
5377
3173
2307
2983
2813
-128
-4605
-7452
-7094
-4902
-3361
-3701
-5004
-5485
-4254
-1823
696
3171
5053
6102
7164
8670
9452
7870
4903
2960
2803
3174
2638
837
-1715
-4019
-5226
-5042
-4049
-2959
-1635
606
3429
5796
7220
7880
8121
8265
8689
9146
8999
7585
4903
2180
205
-1323
-2981
-4067
-3982
-3152
-1866
-479
267
1074
2968
4598
5148
5841
6496
6222
5395
4709
3904
2472
535
-1205
-1996
-1821
-2137
-3304
-4515
-5117
-4899
-4262
-3320
-1821
-365
-62
-403
-431
-209
-334
-824
-1497
-2137
-2236
-2185
-2232
-1838
-1501
-2030
-3083
-3307
-2511
-1867
-2327
-3575
-4277
-3835
-2507
-1479
-1416
-1136
-34
520
487
1026
1489
882
-288
-1458
-2813
-3912
-5090
-6812
-9406
-12210
-12787
-9406
-4701
-2593
-2517
-1261
2093
5814
8500
9400
8370
6187
4031
3248
3439
2053
-1436
-5261
-6832
-5716
-3979
-3722
-4810
-5586
-4390
-1495
1728
4574
6560
7934
8655
8924
8951
8345
6301
3669
2509
2443
1942
178
-2690
-5129
-6135
-5479
-3453
-1575
-412
867
2864
5245
7191
8154
8310
8487
8919
9023
8970
8133
5658
2305
-425
-2203
-3291
-3258
-2798
-3154
-3919
-3422
-1989
-456
1654
3682
4486
4707
5497
6138
6013
5362
3774
1951
908
111
-1400
-3020
-4417
-5666
-6612
-6897
-6384
-5458
-4479
-3132
-1106
353
828
827
720
706
236
-446
-893
-1753
-2869
-3450
-3495
-3039
-3199
-4309
-5239
-4721
-3301
-2992
-3733
-3652
-2429
-1214
-391
105
368
838
1340
1428
1803
1883
676
-1187
-2590
-3282
-3786
-4938
-6975
-9793
-12735
-12687
-8143
-3607
-2689
-2844
-390
4018
7911
10057
10045
8290
5827
3695
2959
3306
2161
-1822
-5961
-7254
-5732
-3949
-3745
-4325
-4303
-2705
182
3161
5599
7523
8414
8017
7745
8128
7992
5991
3295
1858
1222
681
-656
-2693
-4293
-4484
-3668
-2373
-867
338
1581
3100
5081
6761
7722
8280
8519
8394
7994
7791
7018
4861
2255
181
-1670
-3546
-4275
-3624
-3759
-4210
-3324
-1735
-33
2480
4418
4962
5304
5477
5555
5945
6022
4226
1749
442
-414
-2023
-3696
-4631
-5188
-5573
-5834
-5426
-4408
-3378
-2291
-619
933
1471
1297
926
340
-357
-1109
-2199
-3297
-4054
-4551
-4361
-3759
-4110
-5245
-5495
-4540
-3355
-2491
-2043
-1685
-1279
-1039
-858
-576
-198
-182
-518
-489
-78
-475
-1656
-2537
-3127
-3780
-4293
-4856
-5954
-8229
-11485
-12348
-8676
-4531
-3110
-2186
432
4237
7308
8748
8713
7723
5762
3420
2704
3427
2824
-459
-4232
-5776
-4504
-2821
-2680
-3235
-2978
-1503
604
3089
5363
6920
7400
7004
6815
7318
7211
5023
2548
1439
1379
1168
123
-1610
-3293
-3683
-2813
-1860
-938
323
1643
2971
4474
6246
7185
7305
7408
7464
7456
7084
5741
3787
2023
730
-967
-2801
-3378
-2974
-3086
-3225
-2067
-286
1581
3645
5018
5220
5192
5174
4972
5219
5027
3367
1480
488
-499
-1944
-3253
-3519
-3183
-3329
-3788
-3821
-3504
-2987
-1695
-29
1291
1390
447
-708
-1346
-1608
-2412
-3260
-3715
-4053
-3925
-3513
-3593
-4195
-4692
-4385
-3024
-1183
-388
-1165
-2132
-2414
-1839
-1323
-1475
-1850
-1739
-1667
-2017
-2064
-2127
-2936
-3770
-4187
-3995
-3122
-2981
-4476
-7458
-11027
-12159
-8877
-4169
-1962
-1615
-267
2510
5378
7317
7874
6987
4999
3085
2624
3414
3233
403
-3250
-5060
-4130
-2122
-1296
-1763
-2103
-1552
-83
2386
4800
6494
6952
6211
5577
5933
6245
5061
3208
2000
1404
1080
736
-230
-1828
-2941
-2779
-1786
-627
635
1833
2784
3927
5355
6316
6477
6199
5885
5649
5187
4259
3255
2404
1603
532
-798
-2542
-3517
-2670
-1631
-1089
45
1474
2483
3659
4540
4491
4077
3690
3679
4052
4055
2950
1364
156
-766
-1469
-1727
-1570
-2159
-3483
-4131
-3447
-2037
-805
-241
-205
-325
-508
-1029
-1663
-2363
-3023
-3318
-3113
-2844
-3191
-3799
-4104
-3830
-3519
-3207
-2572
-1596
-1510
-2354
-3102
-3173
-2707
-2330
-2237
-2334
-2049
-1975
-2446
-2595
-2193
-1916
-2254
-2913
-3065
-2560
-2365
-3493
-5006
-6002
-7709
-10408
-10676
-6701
-1837
-175
-597
720
3825
6475
7947
8283
7281
5029
2928
2462
2973
2363
-539
-3916
-4892
-3155
-893
310
-132
-974
-359
1809
4317
6158
6739
5822
4426
4317
5287
5188
3302
749
-46
686
1145
553
-661
-1454
-1369
-480
878
2111
2384
2182
2531
3651
4748
5520
5553
5007
4587
4578
4576
4237
3467
2142
926
462
365
-540
-1375
-882
246
791
987
1245
1501
1822
1996
2162
2554
2430
1803
1842
2387
2142
928
-601
-1606
-1865
-1968
-2136
-2704
-3523
-3978
-3356
-2127
-1843
-2207
-2497
-2888
-3180
-2733
-2481
-3017
-3421
-3421
-3355
-2823
-2334
-2565
-2820
-2444
-2121
-2255
-2285
-2709
-3511
-3576
-3282
-3260
-3019
-3205
-3245
-2522
-1862
-1687
-1318
-843
-748
-668
-318
-241
-1157
-2582
-3668
-4482
-4778
-4343
-3661
-3448
-5015
-7458
-6229
-1075
2185
1553
787
2677
5344
6837
7299
6771
4649
1800
78
458
1782
1772
177
-822
-59
1526
2614
2529
1655
1457
2270
3104
3366
2949
2330
1589
626
497
1165
1770
1772
1669
2141
2664
2963
2932
2514
1787
1604
1938
1725
978
33
-200
617
1595
1891
2094
2503
3084
3590
3734
3436
2975
3070
3504
3569
3490
3039
1801
636
737
1023
409
-651
-1516
-1597
-1608
-1625
-1418
-804
159
1429
2613
3127
2913
1989
1065
200
-497
-697
-872
-1344
-2065
-2933
-3869
-4662
-5256
-5397
-5313
-5337
-5198
-4461
-3279
-2432
-1909
-1492
-1200
-967
-910
-910
-1183
-1978
-3038
-4283
-4943
-4683
-4302
-4781
-5352
-5383
-5097
-4060
-2647
-1822
-1217
-551
142
808
1109
801
-368
-1489
-1845
-1485
-393
655
972
894
1181
1547
1594
1275
-1108
-4969
-5834
-2254
729
95
-1350
-731
1284
3427
5585
6907
6613
5375
4815
5921
7595
7906
5879
3090
1537
1662
1777
353
-1671
-3325
-3894
-3324
-2233
-1152
-401
-188
25
1735
4409
5542
4918
4860
5506
5604
5003
3791
1907
-193
-1789
-2536
-2739
-2926
-3102
-3032
-2243
-983
17
660
1638
2949
4589
6588
7595
7193
6146
5122
4213
3383
1919
-486
-2667
-4062
-4942
-5667
-6056
-5898
-5476
-4833
-3604
-1161
1448
2873
3446
4067
4629
4590
3909
2751
1283
-254
-2032
-3864
-5155
-6671
-8191
-8870
-8636
-7995
-6788
-4954
-2845
-712
932
1846
2191
2438
2163
1433
255
-327
-430
-1258
-3078
-5155
-6567
-7210
-6941
-6152
-5474
-4925
-3931
-2569
-1061
180
784
1048
1521
2646
3811
4755
5114
4569
3474
2434
1349
199
-336
-753
-1424
-1642
-1453
-1211
-926
-677
-356
-447
-2285
-3695
-1243
3176
4771
3122
1923
3165
5361
6964
7584
6656
4155
1011
-597
262
1271
129
-2028
-3041
-1986
394
1686
535
-863
-438
1038
2535
3399
3452
3000
2432
1915
1952
2226
1855
913
407
359
699
1205
931
64
-425
288
785
388
11
296
1054
2070
3484
4488
4671
3925
2840
1916
1410
585
-796
-1742
-1639
-1130
-1120
-1624
-2486
-3184
-3031
-2198
-1342
-938
-929
-1107
-886
-178
234
-316
-1172
-1423
-1652
-2199
-3081
-4064
-4628
-4654
-4333
-3852
-3429
-3460
-3801
-3816
-3415
-2741
-2012
-1478
-1387
-1157
-499
-342
-950
-1881
-2664
-2854
-2465
-2104
-2097
-2359
-2832
-3261
-2989
-2382
-1659
-1001
-643
-199
802
2002
2795
3058
3070
3394
3566
3492
3336
3310
2808
1844
1148
620
488
623
657
669
1217
2454
3302
3780
4150
4561
4807
4527
3900
3763
3307
1060
-2465
-5088
-5164
-3964
-4016
-4734
-3601
-986
1063
2517
3957
4526
3787
3116
3780
4942
5072
3574
1414
-12
-637
-1405
-2628
-3617
-3935
-3359
-2306
-1480
-1050
-628
141
887
2175
3953
5014
5140
5126
4913
4497
3972
2971
1442
13
-987
-2064
-2958
-3670
-4421
-4411
-3163
-1386
89
1105
2026
2929
3554
4018
4043
3161
1646
758
833
770
-497
-2517
-4355
-5441
-6043
-6283
-5660
-4663
-3975
-3579
-2677
-1018
350
590
395
887
1790
2032
1410
23
-1827
-3275
-4172
-4516
-4664
-5208
-5982
-6204
-5512
-4526
-3337
-2202
-1073
-25
716
1454
1854
1771
1093
460
173
333
494
123
-484
-1182
-1692
-1673
-1248
-695
-376
-187
458
992
1528
2050
2404
2380
2665
3397
4050
4124
3396
2812
2504
2147
2152
2517
2691
2045
886
-201
-865
-1136
-1206
-1096
-954
-1310
-2200
-2316
-1684
-789
108
1138
2328
3779
4770
4634
3759
2779
2103
1296
522
264
158
-588
-1982
-3062
-3067
-2096
-1040
-316
555
1703
2560
2766
2739
3131
3875
4380
4356
3788
3148
2227
640
-829
-1380
-1092
-850
-1017
-1411
-1344
-730
-304
216
517
777
1652
2497
2230
1324
989
959
466
-324
-810
-1468
-2753
-4040
-4615
-4322
-3801
-3488
-3194
-2546
-2311
-2543
-2369
-1453
-532
-26
407
707
391
-570
-1323
-1661
-1884
-2306
-3123
-3911
-4319
-4367
-4059
-3631
-3598
-3670
-3359
-2779
-1740
-897
-271
577
1591
2446
3192
3514
2859
2252
1976
2033
1878
1341
449
-750
-1621
-1826
-1479
-1040
-899
-820
-87
1257
2412
2861
2892
3086
3465
3993
4318
3741
2708
1941
1410
868
447
194
-39
-334
-876
-1381
-1422
-1519
-1962
-1978
-1005
362
1038
1003
1096
1564
1925
1894
1905
1655
998
217
-141
7
0
-381
-990
-1268
-1063
-784
-886
-1525
-1830
-1419
-448
129
228
837
1628
2060
2083
2227
2459
2549
2586
2381
1978
1750
1443
933
318
299
846
1137
918
719
738
671
568
413
231
2
-375
-758
-852
-1037
-1551
-1685
-1695
-1792
-1949
-1731
-1398
-1255
-1259
-1511
-1835
-2332
-2831
-3298
-3417
-3032
-2509
-2007
-1535
-1110
-433
55
260
207
-18
-270
-528
-850
-1787
-2949
-3650
-3826
-3703
-3471
-3124
-2745
-2046
-1102
52
1301
2615
3666
4020
3917
3768
3771
3401
2346
1189
795
746
192
-852
-1431
-1340
-1130
-752
-91
1033
1908
2047
1743
1838
2467
2958
2716
1976
1603
1195
866
448
-111
-663
-771
-431
97
667
882
530
349
1097
1982
2225
1537
875
644
372
-79
-409
-536
-907
-1468
-1791
-1702
-1646
-1820
-2035
-1635
-583
341
649
527
759
1259
1778
1979
2062
1977
1620
904
-36
-628
-946
-1184
-1291
-873
9
894
1561
1850
1860
2088
2577
3282
3438
2959
2356
1679
591
-887
-2307
-3289
-3943
-4060
-3686
-3551
-3760
-3987
-3756
-2972
-2052
-1185
-449
-32
167
164
-208
-574
-880
-1427
-1969
-2101
-2020
-2115
-2473
-2849
-2862
-2529
-2118
-1855
-1634
-981
-340
-358
-444
-141
97
259
148
-205
-440
-630
-612
-482
29
543
769
1008
1406
1838
2246
2491
2616
2894
3318
3520
3172
2642
1939
1511
1478
1713
2140
2251
1795
984
551
649
750
638
599
662
669
727
700
399
17
-146
39
581
1015
950
555
-33
-416
-378
-124
207
623
933
665
341
226
-225
-793
-948
-751
-559
-550
-954
-1665
-1938
-1847
-1404
-561
224
460
697
1427
1927
1948
1595
1351
1200
1113
932
462
-33
-596
-1139
-1520
-1658
-1381
-996
-551
-11
503
1168
1665
1627
1768
2241
2347
2065
1310
557
-184
-1046
-2190
-3379
-3922
-3966
-3863
-3776
-3596
-3184
-2646
-2069
-1410
-664
-299
-327
-282
45
374
120
-748
-1549
-1961
-2164
-2451
-2781
-3230
-3849
-4287
-4399
-3908
-2914
-2179
-1970
-1657
-887
367
1686
2736
3349
3728
3809
3383
2672
1840
963
203
-587
-1038
-1097
-999
-797
-705
-594
5
1333
3160
4769
5661
6288
6485
5961
5157
4708
4602
4184
3097
1906
926
-54
-978
-1947
-2586
-2399
-1724
-1005
-253
214
297
324
910
1580
2122
2502
2517
2372
1941
1425
744
-140
-1063
-1698
-2111
-2352
-2614
-2925
-3326
-3531
-3091
-2174
-995
-126
242
398
762
1346
1936
2394
2562
2565
2237
1708
1136
710
-102
-974
-1549
-1745
-1564
-1558
-1590
-1409
-956
-660
-371
-111
212
684
1043
1162
1023
691
156
-300
-796
-1689
-2294
-2271
-2354
-2762
-3152
-3152
-2890
-2391
-1958
-1730
-1358
-909
-777
-627
-522
-458
-664
-999
-957
-586
-398
-888
-1352
-1890
-1995
-2144
-2215
-2103
-2283
-2599
-2952
-2714
-2026
-1316
-609
100
745
1345
1728
2144
2562
3080
3350
3245
2976
2351
1506
469
-264
-632
-672
-487
-466
-229
314
1133
1969
2460
2896
3400
3815
4241
4612
4611
4175
3409
2573
1942
1534
993
215
-545
-872
-887
-832
-813
-687
-349
-99
114
445
1043
1749
2237
2490
2298
2116
1863
1382
998
186
-481
-1062
-1710
-2291
-2955
-3264
-3246
-3064
-2629
-1748
-666
248
1141
1823
2350
2908
3137
2887
2335
1822
1223
541
-64
-996
-1869
-2347
-2429
-2112
-1726
-1366
-1147
-807
-437
-27
-22
-57
32
-34
-83
-281
-355
-742
-1549
-2210
-2475
-2467
-2515
-2692
-2758
-2513
-2255
-1988
-1741
-1489
-1148
-583
-46
264
507
449
266
-212
-802
-1173
-1243
-1251
-1448
-1729
-2396
-3021
-3448
-3699
-3531
-3059
-2408
-1822
-1041
-315
16
320
681
1068
1627
2093
2363
2571
2347
1689
932
569
599
689
798
662
707
985
1256
1632
2189
2616
2791
2900
2976
3160
3566
3645
3274
2710
2327
2241
2051
1758
1549
1534
1596
1683
1678
1573
1435
1115
555
371
916
1532
1826
1597
1131
693
269
5
-85
-124
-422
-655
-875
-956
-1001
-1216
-1559
-1734
-1386
-1014
-782
-594
-511
-607
-666
-472
29
376
260
-118
-465
-779
-1200
-1507
-1522
-1392
-1144
-791
-670
-628
-579
-662
-812
-662
-386
-122
-165
-541
-840
-930
-1123
-1600
-1871
-1948
-1846
-1752
-1801
-1878
-2144
-2296
-2194
-1944
-1665
-1386
-1121
-1034
-802
-397
-29
263
-17
-408
-591
-650
-582
-607
-611
-840
-1076
-1302
-1368
-1272
-1167
-1265
-1635
-1752
-1439
-817
-443
-377
-264
-147
173
646
1206
1866
2120
2001
1736
1894
2218
2375
2220
1895
1716
1749
2009
2289
2188
1886
1517
1501
1819
2145
2446
2499
2537
2367
2280
2093
1910
1721
1470
1525
1571
1357
1044
748
608
721
844
1171
1456
1619
1356
887
695
649
672
530
443
330
68
-464
-855
-973
-1052
-1076
-1202
-1186
-1045
-1014
-1329
-1659
-1741
-1318
-630
-226
-136
-25
-19
-110
-340
-617
-717
-1068
-1306
-1398
-1369
-1459
-1724
-1801
-1857
-1730
-1312
-771
-617
-659
-673
-573
-454
-412
-399
-821
-1339
-1782
-2010
-2162
-2384
-2330
-2226
-2134
-1985
-1898
-1714
-1253
-857
-607
-143
375
708
493
91
-236
-386
-248
-116
-64
2
177
37
-401
-692
-703
-591
-505
-407
-254
-87
-18
59
18
6
132
297
791
1318
1577
1466
1403
1515
1772
2035
2370
2582
2639
2697
2569
2468
2480
2491
2306
1955
1631
1466
1557
1580
1621
1667
1747
1664
1241
1069
1076
1199
1216
1120
875
525
278
-133
-480
-715
-746
-631
-505
-352
-282
-176
-146
-135
-117
59
288
448
156
-198
-401
-578
-712
-768
-801
-1058
-1193
-1444
-1754
-2009
-2130
-1996
-1631
-1108
-598
-288
-238
-185
-200
-104
151
297
208
-37
-232
-389
-654
-865
-932
-969
-944
-835
-944
-1220
-1188
-1029
-912
-1017
-1083
-1035
-1069
-1004
-1058
-1195
-1172
-1106
-1055
-912
-837
-875
-773
-561
-411
-388
-336
-242
-406
-654
-625
-490
-360
-386
-403
-98
252
480
514
566
727
716
686
580
470
213
13
-163
-118
-15
-116
-255
-520
-403
-86
183
349
555
680
836
1238
1665
2014
2162
2255
2298
2528
2742
2691
2432
2015
1706
1484
1462
1417
1258
1159
916
727
586
710
1000
1125
1292
1484
1548
1504
1314
931
678
563
506
386
140
-137
-351
-533
-639
-631
-517
-322
-150
106
320
250
-97
-487
-761
-759
-791
-1006
-1171
-1398
-1789
-2197
-2405
-2281
-2017
-1894
-1784
-1624
-1485
-1226
-1033
-1062
-944
-758
-626
-588
-696
-760
-718
-631
-737
-795
-652
-646
-661
-843
-1004
-1037
-886
-862
-970
-1011
-974
-834
-723
-633
-562
-346
-329
-339
-163
-157
-93
110
480
591
539
467
316
244
279
355
397
557
658
496
353
366
517
579
542
491
624
764
558
315
13
99
121
38
41
10
-133
-377
-441
-484
-185
222
445
576
684
856
1028
1084
1033
946
852
712
929
1139
927
480
220
429
784
1030
1108
1136
1280
1506
1592
1529
1555
1554
1377
1226
1292
1248
1032
731
427
360
212
100
-84
-208
-156
-114
56
271
537
616
709
764
651
575
478
455
279
-70
-418
-740
-956
-1268
-1545
-1656
-1721
-1733
-1670
-1575
-1549
-1523
-1361
-1173
-974
-687
-401
-310
-352
-495
-578
-613
-591
-553
-733
-877
-946
-1031
-929
-897
-854
-807
-813
-810
-720
-752
-839
-774
-828
-774
-663
-686
-865
-946
-932
-844
-539
-471
-541
-588
-689
-763
-612
-377
-184
-153
-223
-156
-50
5
-44
-85
-83
-13
226
317
294
330
244
112
172
341
361
231
-8
-206
-278
-95
267
479
754
954
1082
1379
1509
1521
1456
1399
1336
1217
1107
1050
913
610
482
517
725
975
994
981
1021
1260
1508
1523
1574
1698
1702
1509
1445
1451
1298
997
557
427
526
536
405
331
307
55
-123
-248
-203
44
247
292
283
249
111
-65
-209
-224
-222
-247
-329
-404
-464
-699
-908
-1162
-1260
-1155
-1153
-1189
-1206
-1059
-945
-916
-938
-846
-746
-612
-397
-158
105
115
-38
-254
-362
-232
-147
-492
-941
-1200
-1238
-1141
-1106
-1084
-1070
-875
-727
-549
-414
-524
-680
-629
-338
-30
187
162
-55
-444
-604
-649
-702
-573
-324
-201
-244
-391
-321
-231
-312
-290
-221
44
204
170
-102
-310
-436
-581
-695
-613
-527
-567
-708
-901
-1015
-944
-777
-632
-302
55
388
621
782
888
902
894
922
853
838
729
613
503
418
402
529
860
1095
1232
1282
1337
1552
1909
2135
2146
2046
1999
1914
1749
1606
1513
1319
1233
1039
885
813
718
707
716
800
863
984
1041
1107
1001
824
642
503
401
63
-230
-383
-555
-752
-886
-1020
-1039
-1044
-1156
-1250
-1253
-1126
-1147
-1152
-1015
-702
-595
-728
-883
-931
-846
-887
-929
-998
-942
-1018
-1191
-1338
-1428
-1502
-1513
-1474
-1531
-1504
-1530
-1391
-1178
-995
-767
-591
-594
-580
-516
-473
-396
-431
-267
-223
-351
-476
-503
-489
-548
-600
-569
-341
60
447
544
602
799
1089
1306
1456
1623
1768
1685
1426
1161
936
893
813
594
431
283
98
-134
-228
-111
-34
34
163
468
849
1142
1182
1162
1250
1218
1165
1027
734
384
43
-252
-346
-418
-609
-805
-954
-937
-776
-521
-124
365
776
1033
1205
1342
1492
1547
1500
1447
1399
1219
806
298
-251
-722
-1037
-1163
-1102
-757
-558
-551
-461
-358
-100
164
330
477
476
391
217
-60
-270
-513
-819
-1075
-1214
-1220
-1359
-1635
-1936
-2026
-1959
-1827
-1555
-1236
-884
-691
-448
-177
108
316
523
616
595
554
265
-117
-570
-1047
-1201
-1357
-1504
-1564
-1452
-1229
-971
-715
-406
-42
179
365
556
898
1098
1132
962
751
595
494
379
221
45
-140
-297
-263
-97
0
135
306
512
847
1133
1224
1335
1479
1548
1563
1554
1453
1260
1028
771
612
454
264
-54
-305
-365
-461
-429
-375
-99
251
586
889
983
1073
1110
1035
875
717
518
472
383
132
-177
-440
-659
-665
-529
-507
-456
-305
-6
376
832
1107
1266
1339
1457
1641
1803
1816
1575
1216
840
555
272
121
-44
-227
-332
-413
-392
-367
-507
-538
-579
-477
-343
-329
-317
-357
-445
-534
-647
-861
-1051
-1351
-1526
-1781
-2105
-2302
-2438
-2528
-2525
-2442
-2367
-2175
-1923
-1605
-1358
-1134
-911
-754
-532
-385
-257
-270
-383
-550
-683
-758
-862
-1085
-1365
-1504
-1480
-1314
-1150
-1078
-1010
-812
-538
-153
183
464
761
906
887
958
1147
1304
1350
1138
947
827
671
594
421
413
313
208
265
381
495
485
632
843
1118
1332
1503
1618
1678
1735
1612
1474
1209
967
777
556
414
282
206
42
45
237
512
740
869
1017
1178
1250
1417
1541
1595
1624
1453
1167
831
488
171
-35
-231
-358
-367
-269
-195
-128
39
97
194
386
705
1038
1208
1218
1064
842
641
488
431
356
124
-120
-383
-514
-547
-680
-777
-679
-557
-530
-469
-500
-562
-661
-762
-725
-676
-759
-951
-1121
-1260
-1339
-1406
-1561
-1803
-1810
-1802
-1781
-1643
-1473
-1311
-1130
-1057
-932
-718
-575
-518
-510
-379
-205
-191
-311
-452
-541
-782
-956
-996
-1068
-932
-862
-850
-855
-799
-693
-557
-295
9
261
237
158
176
218
293
421
541
601
666
514
221
156
103
-107
-212
-125
85
287
332
319
289
264
351
475
653
739
734
607
449
345
289
328
362
467
539
606
684
610
607
643
758
812
828
896
1017
955
820
872
945
1017
1092
1130
1068
936
909
856
795
811
787
844
901
977
868
736
701
757
870
903
892
858
823
728
617
595
681
654
518
432
347
268
175
92
-33
-165
-291
-423
-591
-774
-942
-1069
-1120
-1074
-1075
-1088
-1129
-1157
-1124
-1112
-1155
-1239
-1389
-1516
-1630
-1614
-1609
-1691
-1771
-1733
-1464
-1266
-1152
-1066
-945
-730
-477
-367
-361
-397
-525
-693
-903
-930
-836
-851
-903
-970
-987
-875
-794
-661
-430
-165
64
234
352
492
538
689
753
772
804
724
558
330
251
222
319
333
371
389
452
479
461
417
423
557
683
864
909
917
835
671
493
381
421
440
408
354
311
145
24
-66
-47
79
126
249
327
380
324
253
251
324
420
468
426
281
216
258
292
282
324
339
398
511
555
547
509
565
742
878
993
1054
956
898
834
796
861
804
764
793
661
648
454
355
229
43
-99
-192
-261
-510
-621
-769
-769
-716
-708
-670
-602
-538
-539
-544
-587
-724
-914
-1015
-1141
-1152
-1218
-1271
-1342
-1435
-1414
-1424
-1391
-1191
-977
-843
-661
-469
-313
-254
-295
-301
-382
-438
-575
-672
-651
-716
-775
-886
-865
-842
-706
-556
-461
-341
-230
15
214
464
543
461
418
326
288
126
17
-56
-142
-104
-114
-56
-22
-12
53
-2
210
447
647
736
680
668
629
642
602
545
549
540
529
513
477
444
391
340
512
706
747
777
665
651
640
604
553
528
595
681
750
779
761
717
706
749
891
978
1049
1113
1139
1116
952
824
790
804
818
757
745
704
696
626
684
731
722
725
645
593
508
369
201
-10
-262
-473
-733
-937
-1119
-1202
-1352
-1522
-1579
-1588
-1413
-1353
-1401
-1344
-1279
-1186
-1092
-1027
-940
-993
-1107
-1119
-1156
-1196
-1284
-1381
-1338
-1290
-1148
-1083
-1046
-947
-899
-761
-581
-311
-60
59
63
82
142
349
426
382
303
294
287
180
130
79
108
67
151
299
442
514
503
578
647
763
835
801
698
568
453
362
245
163
102
-5
-14
-43
-36
7
10
20
36
80
105
113
98
35
1
-42
-72
-37
-117
-194
-242
-294
-292
-239
-213
-263
-162
-85
-77
-113
-187
-204
-196
-116
-45
-11
-56
-64
23
104
273
405
507
611
607
610
656
654
553
547
525
630
703
737
747
675
678
644
710
807
860
905
897
897
812
639
445
307
212
65
-8
-183
-334
-372
-541
-573
-501
-450
-456
-457
-342
-319
-272
-239
-302
-359
-334
-334
-333
-405
-581
-702
-813
-956
-995
-1022
-1009
-1018
-1004
-943
-843
-744
-690
-591
-464
-314
-149
-12
1
-11
-13
-68
-163
-184
-205
-191
-218
-184
-48
51
113
197
283
351
393
440
461
416
352
292
195
100
49
9
27
-91
-159
-134
-102
-36
104
200
264
259
311
387
413
489
547
600
557
571
523
508
476
393
377
247
93
114
32
-82
-97
-148
-84
-30
43
131
139
93
60
122
210
209
191
140
88
73
92
72
67
112
112
128
164
266
302
315
301
255
236
225
153
133
135
95
106
104
62
-21
-145
-316
-400
-443
-517
-580
-655
-664
-653
-632
-636
-563
-473
-401
-314
-323
-265
-203
-146
-103
-140
-128
-114
-191
-269
-221
-272
-314
-386
-403
-392
-392
-353
-362
-343
-295
-197
-115
-20
67
118
129
216
283
353
382
386
342
328
300
278
211
148
121
43
36
-24
-27
11
129
182
124
172
95
68
13
-9
91
81
-29
-150
-171
-190
-121
-197
-171
-132
-40
-18
-38
12
-4
-8
-5
87
193
377
529
563
546
578
540
507
434
410
356
222
77
-21
-15
6
16
-36
-12
87
258
376
456
515
512
566
557
516
542
562
630
637
675
646
581
497
430
451
403
423
457
474
467
409
328
295
219
53
-10
-94
-244
-376
-569
-714
-773
-826
-795
-803
-767
-750
-772
-712
-631
-589
-524
-491
-556
-606
-692
-759
-803
-819
-936
-908
-909
-879
-821
-798
-720
-753
-690
-602
-488
-414
-438
-494
-502
-453
-378
-313
-328
-328
-309
-229
-199
-185
-142
-146
-105
-82
17
84
137
121
64
121
135
185
147
91
77
47
28
22
-3
-29
38
96
145
187
215
281
319
364
407
382
397
337
253
267
213
127
113
86
152
263
318
361
351
274
284
326
445
564
499
480
421
483
470
400
377
330
318
303
363
305
316
272
270
333
337
478
557
708
775
758
766
712
669
721
738
784
797
766
664
658
628
562
537
393
319
253
205
142
-15
-97
-130
-119
-162
-132
-91
-163
-234
-354
-366
-347
-347
-366
-401
-374
-292
-327
-338
-290
-235
-241
-300
-242
-231
-260
-305
-420
-502
-533
-481
-549
-602
-645
-695
-697
-704
-610
-574
-571
-579
-578
-579
-493
-463
-501
-537
-568
-591
-575
-556
-547
-531
-592
-616
-591
-579
-579
-548
-481
-442
-370
-352
-311
-292
-299
-315
-292
-272
-262
-267
-311
-264
-279
-291
-231
-195
-122
-41
22
143
235
296
377
453
519
445
435
387
353
374
342
321
257
303
292
375
469
546
608
619
686
748
787
828
824
802
825
839
826
825
807
760
790
733
687
656
643
666
659
737
798
810
751
685
640
559
527
424
240
69
-42
-124
-214
-224
-200
-220
-162
-183
-135
-55
-84
-126
-264
-305
-409
-500
-547
-692
-736
-749
-781
-792
-668
-591
-528
-528
-536
-431
-296
-228
-276
-298
-365
-417
-409
-433
-462
-477
-455
-374
-243
-141
-57
-26
-35
-69
-47
52
121
133
86
98
104
112
38
1
-11
-35
16
11
8
-33
-113
-152
-107
-81
-30
-55
-120
-187
-193
-196
-180
-168
-173
-212
-301
-312
-357
-385
-366
-362
-294
-219
-172
-117
-66
-77
-91
-99
-142
-149
-137
-177
-197
-229
-269
-207
-199
-120
-49
-26
32
15
59
73
64
135
186
227
302
303
369
418
431
452
511
505
510
538
459
472
548
554
649
661
685
747
754
765
722
601
518
427
318
287
272
246
215
211
214
248
250
291
245
221
190
99
39
-8
-59
-177
-226
-279
-278
-265
-295
-333
-314
-336
-360
-334
-377
-392
-422
-379
-362
-340
-360
-397
-378
-395
-349
-307
-268
-267
-301
-241
-230
-207
-204
-226
-232
-264
-253
-216
-211
-186
-188
-214
-212
-179
-93
-122
-131
-115
-102
-43
19
43
49
94
125
139
135
107
91
103
77
91
101
82
81
73
42
122
193
236
250
316
340
318
317
277
253
261
263
249
223
222
273
239
213
207
195
212
231
232
214
216
151
85
150
193
244
302
254
261
248
230
239
239
202
182
93
44
25
-38
-77
-86
-70
-49
-18
-76
-120
-231
-256
-290
-293
-344
-365
-401
-446
-474
-567
-634
-654
-591
-598
-571
-553
-529
-550
-542
-557
-553
-426
-384
-361
-242
-269
-303
-316
-335
-316
-317
-301
-363
-371
-303
-304
-349
-261
-215
-190
-81
4
77
152
178
269
293
272
296
279
271
252
200
209
270
278
344
343
350
327
348
424
420
451
491
467
422
384
349
353
391
449
500
567
535
517
463
384
319
268
229
206
144
52
7
-49
-88
-70
-15
-51
-63
-75
-125
-129
-96
-45
-19
0
27
52
40
5
-78
-166
-170
-214
-160
-112
-123
-80
-50
10
92
162
167
239
233
241
260
222
212
164
127
42
44
33
-17
-40
-102
-119
-136
-130
-159
-166
-153
-145
-101
-72
-47
-80
-91
-112
-107
-132
-146
-153
-222
-295
-301
-360
-359
-330
-327
-300
-297
-325
-362
-350
-335
-349
-305
-272
-248
-247
-232
-201
-233
-281
-283
-240
-223
-203
-188
-224
-228
-135
-96
-32
17
89
128
150
184
205
225
200
174
198
194
229
170
117
33
-12
47
48
72
54
34
89
108
131
197
225
340
334
370
359
305
291
233
247
235
328
328
324
275
238
209
156
121
92
112
139
145
103
135
137
160
188
176
232
176
132
61
-2
-34
-36
-43
-65
-65
-59
-71
-57
-31
-21
93
167
206
227
256
247
225
196
180
202
168
135
135
103
30
-29
-84
-101
-133
-94
-183
-272
-207
-241
-229
-186
-202
-177
-132
-148
-176
-184
-200
-182
-186
-191
-183
-176
-253
-331
-393
-411
-387
-378
-306
-302
-283
-276
-322
-377
-400
-417
-426
-421
-440
-401
-393
-399
-396
-381
-323
-296
-238
-217
-168
-127
-100
-86
-74
45
38
72
129
158
209
202
220
173
181
217
227
212
194
147
167
209
162
212
230
261
319
318
339
362
338
315
311
308
329
366
357
360
337
306
289
268
229
220
153
83
62
30
27
64
89
120
206
316
387
368
443
393
383
367
273
260
211
162
59
7
-27
13
11
18
72
41
78
95
77
120
168
130
152
147
67
30
-65
-168
-207
-254
-280
-350
-362
-462
-462
-496
-566
-551
-547
-509
-479
-466
-495
-466
-501
-451
-462
-438
-442
-489
-494
-564
-540
-513
-480
-494
-533
-530
-497
-433
-450
-408
-354
-299
-230
-206
-181
-170
-180
-172
-104
-63
-60
-39
-6
3
48
59
68
166
232
370
468
536
580
564
575
574
603
589
558
560
499
451
433
429
400
394
410
421
446
474
468
452
476
499
547
515
489
490
467
490
496
517
521
540
511
418
429
363
273
199
122
108
81
13
-39
-112
-170
-205
-213
-212
-181
-188
-185
-183
-215
-171
-157
-153
-166
-198
-289
-342
-409
-509
-487
-532
-580
-583
-619
-586
-552
-522
-472
-407
-292
-227
-132
-85
-98
-96
-149
-202
-285
-303
-303
-328
-333
-371
-391
-378
-328
-304
-201
-92
-48
21
57
74
82
91
93
65
66
53
53
10
-21
-24
19
0
53
92
106
166
190
265
294
303
343
364
429
441
371
322
