SAMPLES:	8965
BITSPERSAMPLE:	16
CHANNELS:	1
SAMPLERATE:	16000
NORMALIZED:	FALSE
60
35
11
20
13
14
43
43
40
59
32
31
-14
-16
-58
-75
-55
-62
-37
-27
-27
-48
-58
-75
-59
-46
-28
-10
-23
14
29
40
61
48
54
55
58
70
52
69
58
30
29
9
31
21
23
26
3
1
-24
-35
-32
-57
-21
-27
3
32
-7
-42
-59
-87
-88
-86
-81
-99
-115
-128
-141
-139
-170
-168
-183
-183
-152
-160
-176
-175
-199
-202
-232
-230
-258
-268
-226
-233
-185
-197
-188
-164
-167
-158
-161
-170
-166
-142
-130
-128
-130
-140
-101
-90
-53
-38
-53
-32
-27
-25
-9
7
-1
9
16
28
77
122
140
185
185
220
206
197
203
178
207
200
221
201
184
191
172
177
179
200
192
188
173
125
98
89
94
85
137
113
115
146
128
128
102
72
32
0
-32
-35
-71
-74
-93
-104
-79
-66
-46
-20
-30
10
9
-2
6
-33
-38
-96
-64
-106
-89
-72
-81
-76
-93
-74
-73
-47
-57
-48
-49
-61
-51
-44
-48
-29
-36
-43
-41
-47
-27
-29
15
-4
20
27
70
77
68
63
57
19
-29
-26
-24
14
56
100
168
205
223
214
209
208
168
161
107
118
119
135
157
142
137
121
112
121
123
126
131
112
81
53
32
28
15
2
-12
-25
-46
-76
-111
-146
-200
-232
-245
-245
-185
-154
-127
-92
-151
-174
-211
-255
-249
-253
-217
-214
-204
-195
-192
-209
-191
-215
-260
-284
-287
-303
-271
-239
-208
-168
-151
-134
-143
-147
-139
-135
-127
-131
-134
-106
-78
-48
-38
-26
-6
11
51
53
73
73
47
32
36
29
36
59
72
107
134
169
171
197
224
219
223
201
179
193
189
169
152
144
102
72
43
10
-10
-17
5
23
15
35
49
44
82
40
73
83
53
45
50
39
27
8
20
27
43
66
44
74
49
77
105
103
107
102
98
103
134
141
142
170
145
138
139
137
153
137
161
148
171
192
219
245
227
264
272
246
254
234
209
189
149
126
120
84
97
99
82
113
72
63
34
50
38
23
19
29
-5
14
-4
-19
-24
-77
-97
-153
-164
-191
-144
-155
-135
-154
-189
-180
-203
-206
-245
-271
-293
-327
-306
-337
-337
-320
-326
-284
-283
-276
-293
-305
-359
-371
-393
-443
-458
-458
-406
-367
-340
-279
-263
-254
-225
-250
-277
-271
-265
-254
-186
-128
-93
-36
-23
4
38
52
90
87
98
109
145
153
184
208
211
240
202
184
169
147
131
151
147
154
174
217
253
281
291
316
325
348
347
340
346
350
338
306
295
266
277
278
277
263
231
247
255
252
269
274
248
219
140
68
3
-73
-94
-121
-145
-138
-172
-161
-162
-158
-145
-132
-115
-109
-92
-102
-122
-140
-170
-162
-164
-154
-133
-109
-78
-84
-112
-140
-115
-142
-132
-107
-115
-111
-76
-97
-91
-70
-68
-72
-75
-41
-28
-5
-24
-14
-2
21
35
12
7
18
28
41
77
86
94
104
89
80
46
25
25
16
23
39
26
23
24
-2
2
-56
-66
-80
-106
-143
-157
-149
-176
-169
-146
-113
-76
-65
-47
-45
-41
-53
-45
-47
-75
-54
-68
-50
-35
-32
-40
-77
-55
-62
-39
-3
7
0
15
0
-5
13
13
65
67
92
117
127
119
109
81
66
90
103
121
140
173
158
179
212
203
233
214
240
224
182
190
147
112
114
96
82
104
81
104
106
110
101
93
95
56
19
-5
3
-3
9
10
7
-14
-19
-55
-91
-117
-117
-122
-135
-93
-110
-68
-81
-125
-127
-175
-219
-245
-255
-256
-208
-200
-218
-203
-263
-271
-283
-316
-303
-272
-256
-217
-180
-178
-157
-144
-152
-163
-129
-117
-81
-48
-35
-4
-13
-28
-29
1
7
66
89
146
210
262
300
290
297
273
274
241
225
251
242
254
246
253
242
254
221
225
194
194
196
189
209
211
225
196
187
154
163
152
135
145
116
135
116
79
60
37
12
13
-23
-57
-16
-30
-27
-23
-60
-44
-67
-98
-99
-144
-166
-139
-184
-191
-185
-186
-170
-154
-159
-167
-169
-178
-200
-221
-223
-239
-255
-260
-265
-257
-228
-191
-153
-111
-106
-141
-130
-169
-177
-239
-403
-221
-68
-154
-358
-337
-119
-22
-57
-246
-292
-166
-103
-45
-16
-156
-228
-57
76
-1
-63
69
211
286
119
83
354
495
424
304
363
412
513
633
534
331
229
334
454
399
217
145
290
366
255
237
328
343
271
216
252
282
318
289
235
115
104
191
231
20
-614
-682
64
352
-354
-1203
-1114
-326
110
-324
-972
-1150
-944
-555
-331
-557
-1093
-1281
-961
-599
-602
-700
-626
-385
-413
-710
-494
206
598
208
-100
88
541
997
1077
756
415
353
836
1297
1099
630
431
803
1023
943
962
969
790
520
514
781
952
900
734
590
500
481
599
831
632
108
147
607
942
803
404
326
357
372
561
672
570
168
187
553
654
236
-125
-96
-119
-425
-887
-995
-991
-1222
-1516
-1692
-1745
-1801
-2007
-2163
-2401
-2729
-2769
-2617
-2547
-2655
-2843
-2735
-2370
-2203
-2254
-2215
-1884
-1599
-1366
-1050
-806
-549
-404
-80
128
292
460
757
1089
1285
1367
1476
1623
1701
1707
1670
1754
1939
1956
1831
1822
1760
1804
1895
1781
1616
1448
1441
1513
1428
1394
1201
1095
1281
1265
1268
1290
1250
1315
1259
1165
1398
1504
1458
1191
1307
1666
1709
1728
1556
1562
1487
1459
1466
1318
1345
1093
978
1090
706
502
365
490
299
-336
-608
-599
-605
-1750
-2578
-1477
-630
-2455
-5163
-4838
-2185
-1645
-3918
-5832
-5462
-3906
-3351
-3729
-4543
-4947
-4707
-4168
-3309
-2675
-2654
-3010
-2830
-1856
-1337
-1401
-486
1044
1224
-155
63
2434
4026
3378
1815
1750
3102
4293
4301
3839
3620
3496
3198
3276
3856
3985
3045
2258
2599
3012
2709
2338
2538
2234
1126
334
503
1237
1231
157
-992
-1215
-459
-299
-765
-1241
-1781
-2073
-2091
-1633
-829
-961
-2055
-2772
-2405
-1427
-796
-758
-1415
-2025
-1741
-687
207
90
-1084
-1761
-1019
114
321
32
-176
-477
-554
-128
474
636
279
-198
-234
46
461
744
720
340
-175
154
1222
1876
1405
567
435
876
1195
1280
1176
916
585
757
1378
1706
1648
1628
1448
1692
2076
2043
2504
2607
2062
167
-884
1768
3918
1321
-3533
-3462
1393
3444
424
-3119
-3184
-1053
-140
-710
-1985
-3004
-3271
-2966
-2295
-1823
-1861
-2787
-3070
-2219
-2403
-3203
-2053
461
-1
-3271
-3987
-800
1856
550
-2367
-3229
-1745
-169
-186
-1109
-1396
-1508
-2024
-2028
-710
208
-868
-1751
-891
-277
-724
-540
903
1210
-396
-1380
-312
1883
2668
1467
-131
15
1550
2355
2108
2230
1953
808
1280
3081
3689
2680
1934
2118
2470
2468
2774
3609
3139
1880
1705
2529
3475
3329
2432
1551
1489
2011
2248
2220
1838
1045
497
1042
1641
1284
727
528
115
-71
242
572
422
-341
-948
-816
-316
-64
-774
-1416
-1587
-1614
-1358
-1225
-1342
-1838
-2207
-1911
-1555
-1609
-1653
-1701
-1748
-1987
-2111
-1659
-1571
-3057
-4502
-2698
-336
-1706
-5656
-5796
-1370
592
-2292
-5137
-4431
-2162
-1419
-2013
-2855
-3198
-2812
-2317
-1768
-1126
-530
-605
-844
73
1225
890
1085
3007
3605
1628
568
2779
5416
4857
2279
1437
2664
4032
3817
2672
2140
2269
2084
1486
1898
2790
2248
692
451
1379
1531
745
532
845
342
-619
-785
369
1549
863
-1046
-1805
-243
927
362
-322
-235
-165
-931
-294
1162
1457
-89
-1188
-219
950
1413
1274
10
-766
332
766
787
100
-340
24
-332
-808
-560
-145
-136
-845
-1573
-1521
-955
-543
-552
-966
-1249
-1074
-663
-182
-125
-944
-1411
-1005
-401
-38
-269
-560
-482
-151
43
483
546
186
512
1123
1352
1249
1420
2067
2328
2109
1756
1650
2254
2350
322
-750
1422
2895
-226
-3691
-2031
1652
1686
-1677
-3543
-2803
-1441
-1014
-1954
-3345
-3899
-3628
-3707
-3659
-2848
-2647
-4012
-4346
-2872
-2356
-3121
-2681
-1097
-1395
-3367
-3483
-1074
624
-79
-1993
-2553
-901
664
239
-737
-541
-78
-557
-868
452
1707
922
-275
163
1542
1953
1817
2100
2541
2412
1691
1757
3312
4673
4041
2503
2679
4479
5415
4931
4142
3882
4335
4573
4534
4710
4714
4239
3699
3503
3750
3894
3309
2847
2856
2386
1323
903
1661
1885
384
-755
-554
-192
-333
-985
-1714
-2608
-2745
-2222
-2382
-2967
-3265
-2949
-3095
-3609
-3546
-3126
-3093
-3369
-3505
-3206
-2789
-2326
-2175
-2413
-2203
-2037
-1862
-1327
-458
-580
-1539
-801
558
781
420
382
567
302
474
1072
-219
-1982
-608
1806
367
-3531
-3918
-496
1351
-1022
-4023
-4670
-3121
-1517
-2012
-4098
-5194
-4427
-3831
-4300
-4009
-3147
-3294
-3827
-3533
-2604
-2419
-1749
-336
-303
-1993
-2407
-100
2511
2358
156
-850
505
2924
3536
2149
1298
2024
2844
2742
2864
3547
3498
2739
2591
3193
3811
3989
3859
3803
3822
3365
3069
3774
4833
4476
2713
1796
2860
4206
4097
2470
1705
2836
3065
1926
1359
2008
2283
829
-275
176
859
731
-177
-787
-793
-1161
-1394
-758
-656
-1776
-2415
-1530
-984
-1436
-1919
-1573
-1481
-1756
-1183
-481
-495
-696
-400
-32
-96
147
589
530
102
157
728
939
904
694
405
516
669
499
567
744
769
275
137
1001
1496
740
64
450
653
291
26
-904
-2570
-2431
-232
-166
-3607
-5839
-3498
-506
-1231
-4275
-5659
-4684
-3311
-3115
-4394
-5409
-5224
-4658
-4662
-4947
-4094
-3224
-3798
-4258
-3456
-2929
-2606
-1254
-230
-1465
-3013
-1712
1109
1895
495
-1000
-832
937
2220
1814
671
904
1800
1382
967
1956
2962
2296
1248
1474
2633
3314
3185
3191
3266
3102
2632
2559
3850
5054
4103
2295
2406
4138
5112
4180
2799
2749
4105
4447
2938
2074
3002
4151
3396
1752
756
1512
2678
2256
1153
-10
-791
-69
1127
1037
-455
-1717
-1590
-537
69
-799
-1877
-1467
-302
-489
-1435
-1210
71
32
-960
-1507
-752
487
694
306
-314
-675
-11
1121
1385
550
-463
-204
875
1543
1345
331
-309
338
989
1033
365
90
242
-150
-599
-1006
-2040
-2914
-1696
-949
-3181
-6020
-5480
-2564
-1882
-4311
-6687
-6585
-4771
-3622
-4454
-6166
-6435
-5384
-4978
-5238
-4795
-3665
-3503
-4214
-3956
-2707
-1873
-1101
206
351
-793
-873
1441
3900
3734
1724
817
2357
4664
5056
3887
3005
3515
4094
3736
4075
4855
4646
3313
2712
3505
4330
4203
3454
2918
2874
2402
1952
2658
3787
3424
1280
256
1511
3355
2859
324
47
1786
1761
-108
-878
948
2241
384
-2119
-2076
-469
593
134
-1464
-2915
-2725
-1198
160
-419
-2149
-2516
-1534
-524
-223
-362
-432
-433
-664
-340
471
1174
1215
915
445
250
1110
2422
2565
1345
185
716
2097
2484
1997
1064
877
1166
1283
1621
1718
1217
218
-331
479
1352
415
-917
-1183
-1255
-1152
-1716
-3215
-3338
-1609
-1354
-4534
-6942
-4579
-1445
-2870
-6426
-7273
-5605
-4207
-3975
-4948
-6571
-6757
-5421
-4397
-4421
-4231
-3498
-3438
-3444
-2444
-1496
-1295
-351
980
208
-922
503
3185
4029
2465
968
1611
3689
5117
4588
3440
3630
4364
4450
4197
4982
5375
4336
3509
3780
4521
4794
4796
4290
3323
3068
3725
3794
3370
3538
3419
2265
1658
2555
2998
2220
2026
2072
1128
462
1269
2372
2224
430
-1407
-912
385
932
-24
-1961
-2810
-1945
-459
57
-1483
-3278
-2655
-584
-256
-2046
-2412
-450
284
-1667
-2183
-4
1181
71
-1007
-429
755
877
520
775
468
-129
494
1676
1548
124
-335
797
2012
1281
-281
-83
1000
1154
12
-890
13
442
-841
-1901
-1607
-1113
-1721
-3402
-4149
-3008
-1600
-3077
-6298
-6568
-3608
-2141
-5058
-7928
-6809
-4756
-4933
-5961
-6223
-6271
-6172
-5389
-4664
-4469
-4253
-3657
-3493
-3195
-2256
-1654
-1238
317
1400
279
-256
2071
4600
3994
2039
2507
4344
4960
4740
4601
4902
5231
5212
4810
5076
5916
5881
5200
4875
5126
5065
4827
5337
5495
4469
3516
3998
4527
4435
4077
3545
2478
2155
3333
3649
2710
1853
1796
2392
1928
1459
1713
1163
431
-207
-533
-78
402
-332
-1939
-2750
-2351
-1544
-1299
-2569
-4017
-3970
-2507
-1336
-2212
-3692
-3482
-2268
-1861
-2162
-2126
-1742
-1724
-1510
-1015
-735
-945
-576
34
-274
-361
289
1056
1186
662
599
1446
2431
2427
1578
1395
1894
2436
2246
1548
1316
1334
1136
885
702
-414
-2043
-1626
159
-772
-4396
-6190
-3685
-1213
-2860
-6258
-7594
-6302
-4599
-4815
-6651
-7787
-7162
-6301
-6107
-5909
-5318
-5024
-5332
-5081
-4108
-3580
-2877
-1276
-761
-1982
-2236
-27
2164
2327
885
47
1392
3787
4655
3431
2636
3830
5171
4679
4275
5255
5801
5267
4983
5553
5987
5912
5546
5280
5151
4953
4776
4917
5554
5510
4142
2894
3910
5728
4854
2314
1485
2804
3743
2758
1972
1876
1672
1140
442
703
1199
155
-1241
-1652
-1322
-1278
-1450
-1552
-2458
-3786
-4005
-2481
-1594
-2490
-3390
-3602
-3287
-2287
-1253
-1437
-2599
-3017
-2019
-724
-225
-509
-1154
-960
-361
-204
-174
483
1224
343
-471
402
1754
2391
1855
1220
1181
1218
2141
3066
2343
1017
496
1149
1994
645
-1529
-1285
624
386
-3204
-5261
-2779
-93
-1761
-6018
-7392
-5357
-3527
-4064
-6171
-7676
-7284
-6111
-5629
-6029
-6249
-5878
-5806
-5439
-4557
-4085
-3822
-2860
-2022
-2745
-3469
-1668
1168
1818
-37
-1507
180
3132
3955
2549
1522
2561
4234
4646
4356
4740
5285
5216
5169
5711
6118
6170
6550
6972
6219
5091
5464
6753
6961
5977
4952
4313
5105
6448
6150
4434
2993
3207
3740
3892
3430
1979
1170
1447
1718
1291
-152
-1118
-580
-694
-2317
-3604
-2852
-1970
-2805
-4823
-5594
-4300
-3442
-3945
-5147
-5657
-4621
-3730
-3768
-3645
-3344
-3449
-3194
-2197
-1349
-1359
-1748
-1252
-220
0
-128
417
424
568
1479
2059
2211
2435
2894
3085
3030
3357
3769
4015
3563
2907
2801
2835
2906
1518
-102
680
1474
-234
-3006
-3291
-1105
-876
-3636
-6088
-5852
-4501
-4397
-5607
-7210
-7838
-7455
-7118
-6952
-6756
-6873
-7244
-7110
-5998
-5231
-5440
-5217
-3733
-2915
-3904
-3771
-1171
838
-146
-1821
-1131
1278
2717
2545
1947
2073
3029
4128
4359
4448
5322
5407
4902
5329
6703
7382
6694
6115
6549
6776
6414
6309
6750
6783
6137
5075
4796
6034
6594
5259
3385
3286
4549
4906
3535
2333
2269
2108
1848
1792
1024
-288
-455
-114
-844
-2120
-2342
-1884
-2273
-3477
-4176
-3844
-3729
-3879
-4449
-5127
-5125
-4521
-4096
-3878
-3830
-4215
-4115
-3178
-2025
-1960
-2784
-2273
-865
-633
-878
-170
699
624
185
623
1893
2661
2346
1991
2376
3075
3269
3233
3604
3557
2855
2026
2583
3196
1854
1020
1882
1924
-263
-2335
-1105
842
-254
-3589
-5460
-4325
-2862
-3354
-5357
-7144
-7016
-6124
-6234
-6600
-6448
-6156
-6724
-7007
-5966
-4905
-4853
-4858
-4242
-4186
-4422
-3433
-1706
-1003
-2015
-2940
-2102
-240
944
851
65
112
1345
2496
3078
3656
4036
3764
4007
5059
5936
6088
6079
6327
6281
6027
6339
7115
7490
6928
5786
5222
6210
7303
6559
5113
4524
4916
4941
4305
3729
3636
3184
1991
1490
1546
1089
666
132
-796
-1796
-2495
-1991
-1381
-2309
-4181
-5036
-4057
-2964
-3687
-5066
-5246
-4483
-4450
-4629
-4110
-3699
-3663
-3954
-3494
-2310
-1914
-1739
-1180
-971
-1275
-785
819
1193
281
-335
570
2238
2439
1876
1771
2089
2864
3196
3338
3312
2457
2033
2406
2051
987
1092
2248
1737
-1144
-2691
-627
1859
175
-3789
-5141
-3406
-1678
-2434
-4820
-6558
-6371
-5603
-5445
-5471
-5572
-5647
-6121
-6059
-4985
-4494
-4744
-4214
-3588
-4189
-4849
-3312
-630
-156
-2327
-3880
-2320
401
1277
309
-593
272
1848
2250
2259
3079
3889
3681
3290
3811
5211
6121
6069
5716
5418
5203
5722
7085
7728
6629
4828
4670
6506
7734
6527
4457
4050
5282
5844
4648
3983
4302
3405
1984
1755
2399
2247
853
-177
-400
-1017
-1824
-1615
-1507
-2886
-4645
-5254
-4060
-3126
-4282
-6000
-6278
-5487
-5099
-5383
-5383
-5014
-5000
-4938
-4245
-3481
-3059
-2660
-2718
-2736
-2297
-1458
-133
389
59
-171
144
1677
2772
2509
2022
1904
2330
3247
4139
4297
3086
2432
3200
2876
1842
2591
3857
2280
-1143
-1483
1648
2977
993
-2189
-3487
-2547
-1200
-1073
-3032
-5085
-5530
-5176
-4769
-4354
-4297
-5507
-6528
-5818
-4754
-4712
-4632
-3783
-3835
-5427
-5944
-3764
-1663
-1842
-3651
-4774
-3501
-1098
-398
-1409
-1932
-1156
-147
203
1070
2542
2911
2154
2120
3506
4773
5115
5051
5271
5340
5067
5184
6593
7681
6961
5260
4744
6699
8481
7351
5288
4686
5766
6728
5857
4823
4788
4298
3625
3660
3620
3053
2034
1522
1386
682
-568
-905
-579
-1209
-3006
-4400
-3858
-2400
-2957
-5275
-5845
-4743
-4086
-4603
-5666
-5614
-5082
-4789
-4621
-4642
-4338
-3556
-3146
-3233
-2834
-1946
-1340
-1373
-1310
-679
-250
504
1277
1437
1506
1672
2226
2826
2960
3119
2922
2341
2866
2457
1652
2351
3542
2403
-911
-1252
1812
3351
756
-2575
-2870
-1235
-713
-1554
-3209
-4462
-4555
-4578
-4542
-4298
-4238
-5036
-6085
-5841
-4859
-4740
-4908
-4171
-4088
-5542
-6156
-4051
-1924
-2556
-4853
-5570
-3841
-1789
-1649
-2796
-3152
-2027
-636
-575
-541
932
2016
1690
1526
2670
4113
4476
4628
5214
5489
5024
4976
6438
7855
7281
5591
5033
6605
8661
8153
5862
5047
6058
6974
6347
5431
5461
5406
4302
3549
3822
3869
3085
1863
818
314
178
-244
-577
-1356
-2791
-4008
-4134
-3042
-3061
-4962
-6586
-6135
-4912
-4863
-5855
-6600
-6144
-5391
-5190
-5430
-5065
-4294
-4152
-4398
-3875
-2897
-2060
-1747
-1920
-1364
-349
792
1503
1356
1473
2341
3316
3803
3841
4098
4131
4153
4307
3711
2785
3364
4988
4408
1244
-166
2497
4897
3113
-586
-1931
-352
823
-53
-2002
-3425
-3551
-3461
-3700
-3975
-4096
-4351
-5344
-5897
-5329
-5181
-5020
-4265
-4194
-5709
-6625
-5152
-2954
-3076
-5021
-6031
-5012
-3128
-2286
-3002
-3930
-3245
-1827
-1236
-1220
-150
1134
1215
949
2108
3779
4170
4213
5036
5538
5193
5246
6496
7783
7700
6541
6057
6823
8223
8929
7860
6422
6034
6665
7264
7187
6189
4720
3881
4238
4927
4275
2297
975
929
979
315
-744
-1562
-2035
-2825
-3887
-4319
-4066
-4171
-5104
-6451
-6900
-5900
-5485
-6245
-7153
-7383
-6842
-6310
-5938
-5682
-5855
-5932
-5284
-4081
-3584
-3541
-3330
-3150
-2288
-1337
-620
28
326
552
1116
2169
3276
3470
2993
3008
3740
4427
4339
3170
2278
3596
5212
4225
1191
543
3623
5607
3163
-429
-648
1398
1855
383
-1239
-2361
-2555
-2283
-2380
-2821
-3233
-3324
-3656
-3992
-3909
-3933
-3780
-3245
-3291
-4763
-5716
-3857
-1578
-2458
-4975
-5751
-4037
-2417
-2728
-3673
-3684
-2638
-1506
-1427
-1261
220
1363
979
617
2110
3942
4370
4289
4999
5470
5341
5669
7019
8045
7516
6509
6375
7507
8373
8167
7510
7026
6818
6660
6750
7418
7163
5065
3511
4141
4960
4152
2715
1604
599
-203
-312
-24
-895
-2811
-4040
-4313
-3978
-4183
-5124
-6017
-6755
-6858
-6828
-6838
-6884
-7125
-7504
-7857
-7573
-6630
-6211
-6391
-6446
-6460
-5762
-4533
-3715
-3851
-3918
-3118
-1884
-919
-578
-151
68
652
1795
2554
3001
3160
3513
3766
3761
4264
3875
3053
3835
5104
4676
1944
1162
4095
5734
3606
227
-373
1170
2323
1709
-694
-2497
-2276
-1382
-1382
-2384
-2877
-2737
-3559
-4209
-3546
-2955
-3454
-3608
-3577
-4300
-4865
-3623
-2015
-2493
-4472
-5108
-3932
-2810
-2399
-3080
-3983
-3670
-2288
-1501
-1294
-208
285
-207
363
2168
3484
3451
3598
4446
4527
4462
5628
6964
6897
6245
6144
6783
7704
7919
7890
7787
7019
6033
6060
7319
8148
6700
4076
3757
5649
5670
3950
2578
1986
1427
771
580
273
-628
-2051
-3078
-3296
-3304
-3668
-4619
-5404
-5522
-6064
-6566
-6022
-5527
-6199
-7270
-7356
-6416
-5672
-5667
-5815
-5865
-5594
-4781
-3479
-3244
-3654
-3285
-2477
-1680
-937
-78
377
545
630
1574
2874
3183
2951
3090
3501
3877
4312
3919
3245
3604
4677
4443
2314
1404
3608
5275
3096
144
-345
896
1858
987
-1196
-2761
-2718
-2154
-2294
-2924
-3391
-3901
-4787
-4642
-3683
-4006
-4855
-4399
-3682
-4690
-5599
-4068
-2499
-3062
-4930
-5696
-4542
-2819
-2148
-3201
-4341
-3384
-1530
-1025
-924
0
460
226
939
2772
3536
3354
3801
4423
4701
4930
5852
6552
6670
6656
6482
6529
7384
8261
7540
6695
7113
7203
6529
5752
6353
7112
5633
3938
3629
4279
4597
3898
2391
706
-90
224
514
15
-2128
-4286
-4109
-3086
-3293
-4975
-6126
-5758
-5888
-6803
-6946
-6065
-5886
-7087
-7955
-7462
-6172
-5512
-5999
-6501
-6313
-5584
-4314
-3505
-3532
-4044
-3879
-2409
-839
-437
-677
-263
604
1351
1919
2545
2866
2858
3167
3639
4121
4519
3728
3327
4581
5518
4205
1757
2301
5423
5869
2479
-209
833
2941
2796
599
-1456
-1604
-886
-853
-1473
-2294
-2585
-2586
-3029
-3254
-3073
-3032
-2896
-2742
-3128
-4098
-3889
-2318
-1289
-2538
-4786
-4806
-2578
-931
-1917
-3740
-3552
-1678
-450
-846
-976
-3
617
629
967
2114
3145
3041
2884
3534
4075
4540
5085
5550
5793
5682
5413
5638
6494
7036
6370
5727
5825
6049
5808
5277
5573
5551
4155
3339
3724
3833
3245
2498
1766
862
-18
-130
26
-648
-2202
-3189
-3389
-3278
-3468
-4543
-5129
-5141
-5578
-5964
-5498
-4890
-5602
-6683
-6160
-4895
-4715
-5342
-5095
-4420
-4509
-4173
-3077
-2728
-3174
-3161
-2325
-1200
-641
-634
-542
-64
861
1609
1838
2184
2480
2414
2359
2917
3549
3147
1818
1686
3602
4525
2741
284
731
3158
3470
848
-1300
-603
481
232
-975
-2285
-2842
-2741
-2956
-3357
-3506
-3581
-3682
-3850
-3856
-3806
-3979
-3479
-2566
-3076
-4353
-4009
-2126
-1488
-2767
-3872
-3178
-1635
-1080
-1723
-2161
-1326
-45
326
-60
517
1739
2041
2310
3164
3689
3679
3806
4825
5652
5436
5066
5340
6356
7177
6831
6048
6052
6973
7187
6576
6211
6388
6186
5335
5572
5605
4977
4416
3846
3722
3479
2943
2612
1870
796
-44
-443
-817
-1377
-2382
-3799
-3849
-3460
-4268
-4942
-5439
-6033
-5960
-5737
-5670
-6350
-7052
-6502
-5526
-5596
-6327
-6013
-5413
-5003
-4552
-4438
-4352
-3788
-3482
-3226
-2659
-2055
-1396
-1124
-869
-112
910
1273
1903
2164
1570
2123
3311
3602
3143
2729
2128
2583
4284
5048
3340
770
1065
4234
4969
1928
-453
-201
949
1294
172
-1583
-2401
-2495
-2374
-2596
-3043
-2909
-2738
-3577
-3782
-3233
-3213
-2710
-1978
-2554
-3851
-3868
-2253
-946
-1838
-3609
-3609
-2091
-1109
-1082
-1563
-1622
-734
6
30
339
1276
2060
2263
2185
2382
3150
4168
4799
4731
3961
3912
5117
6101
6075
5620
5202
5201
5925
6377
6140
5463
5164
5467
5039
4569
4702
4793
4683
3534
2449
2249
2409
2696
1986
131
-1361
-1305
-495
-762
-2546
-4359
-4497
-3809
-4254
-5008
-5283
-5495
-5595
-5722
-5671
-5160
-4989
-5117
-4973
-4901
-4737
-4231
-3723
-3221
-3187
-3690
-3322
-2013
-1270
-1443
-1522
-848
-167
63
246
829
1408
1393
1451
1650
1903
2650
2995
2321
2046
1869
1384
1841
3207
3561
1171
-1240
258
3299
2968
-506
-2652
-1967
-565
-214
-1843
-3730
-4033
-3409
-3376
-3931
-3831
-3152
-3477
-4482
-4288
-3481
-3032
-2530
-2155
-3045
-4151
-3422
-1187
-272
-1756
-3147
-2611
-713
531
49
-857
-513
979
1477
1036
1724
3132
3469
3113
3222
4079
5245
5979
5884
5314
5127
5990
7055
7161
6851
6439
6047
6310
7236
7578
6374
5144
5622
6512
6223
5197
4526
4678
4770
3788
2898
2520
2364
1949
929
-366
-1299
-1409
-1408
-2117
-3885
-5295
-4808
-4239
-5296
-6562
-7002
-6547
-6182
-6754
-7064
-6755
-6626
-6893
-6569
-5927
-5786
-5838
-5636
-4654
-3949
-4369
-4285
-3254
-2464
-2291
-2276
-1533
-752
-410
-6
440
1072
1393
1566
1956
2309
2993
3141
2627
2856
2880
2175
2358
3653
3825
1422
-229
1637
3902
2770
-544
-1920
-800
279
-77
-1913
-3628
-3484
-2690
-2986
-3756
-3662
-3231
-3512
-4009
-3801
-3064
-2703
-2469
-2516
-3194
-3471
-2432
-1265
-1271
-2203
-2721
-2042
-518
36
-659
-836
-67
1162
1455
1152
1854
2898
3088
2858
3198
3873
4489
4912
4723
4592
4784
5356
5762
5979
6033
5767
5577
5835
6641
6733
5765
5070
5394
5577
5171
4730
4472
4280
3788
3032
2835
2818
2131
1250
421
-429
-1294
-1421
-1505
-2354
-3769
-4796
-4270
-3722
-4663
-5746
-5773
-5385
-5190
-5310
-5168
-4990
-5298
-5356
-4498
-3865
-4210
-4423
-3659
-2558
-2418
-3106
-2732
-1226
-507
-1016
-1209
-324
775
1173
1057
1203
1863
2324
2489
2633
2780
3128
2925
2678
2673
1851
1770
3179
3642
1815
-793
-288
2718
3179
75
-2923
-2720
-1047
-529
-1919
-4203
-5036
-4433
-3952
-4093
-4410
-4359
-4551
-4905
-4652
-4069
-3830
-3620
-3043
-3269
-4307
-3926
-2020
-729
-1714
-3510
-3214
-1146
394
-60
-1035
-629
743
1526
1556
1933
2911
3043
2769
3357
4197
4782
4919
5124
5209
5103
5263
5693
6431
6730
6140
5334
5463
6371
6946
6157
5075
4398
4811
5960
5561
4205
3335
3476
3845
3008
2014
1702
1613
805
-529
-1220
-1659
-1953
-2388
-3569
-4716
-5213
-5007
-4546
-5291
-6523
-6955
-6256
-5493
-5615
-6164
-6437
-5722
-4981
-4690
-4632
-4763
-4474
-3551
-3019
-3228
-3477
-2706
-1503
-1164
-1406
-1354
-290
768
891
754
943
2009
3002
3003
2637
2756
3597
3984
3606
2698
1791
2886
4475
3970
1043
-344
2330
4356
2392
-977
-1771
-310
343
-469
-1858
-3117
-3296
-2801
-2337
-2682
-3366
-3376
-3099
-2837
-2685
-3099
-2962
-1935
-1494
-2628
-3611
-2365
-394
-476
-2230
-2670
-1214
164
407
-164
-397
443
1342
1579
1682
2268
2996
3061
3150
3835
4419
4583
4677
5282
5082
4394
4578
5588
6283
5790
4962
4682
5465
6186
6010
5015
4477
4293
3893
4625
5066
3772
1999
1733
2640
2901
1522
195
-98
-700
-1538
-2024
-2245
-3179
-4257
-5080
-5336
-4966
-5313
-6046
-6271
-6447
-6717
-6369
-5915
-5590
-5886
-6412
-5891
-4721
-4326
-4650
-4691
-4120
-3413
-3016
-2781
-2441
-1949
-1743
-1198
-50
349
384
903
1502
1870
2261
2863
3441
3393
3165
3974
4741
4377
3621
2988
3110
4438
4715
2761
469
1020
3628
3636
536
-1908
-1430
-210
-464
-1725
-3372
-4417
-4049
-3602
-3649
-4273
-4704
-4598
-4678
-4643
-4404
-4279
-4013
-3518
-3867
-4629
-4291
-2602
-1817
-2826
-3841
-3210
-1419
-360
-566
-919
-404
602
1494
1794
2152
2999
3150
3173
4058
4922
5268
5297
5445
5957
6004
5855
6312
6883
6972
6373
5864
6069
6760
7212
6653
5830
5758
5637
5639
5543
4902
4032
3385
3325
3117
2326
1511
1261
1158
-88
-1658
-1841
-1623
-2201
-3386
-4445
-4760
-4785
-5006
-5164
-5235
-5851
-6610
-5933
-4977
-4868
-5491
-5787
-4967
-3995
-4198
-4660
-3999
-3100
-2970
-3323
-3108
-2241
-1643
-1565
-1383
-948
-749
-329
607
1125
975
1076
1926
2841
2949
2439
2657
3437
3451
2695
1487
1770
3620
3814
1484
-1013
-144
2879
2874
-289
-2636
-2197
-727
-604
-1643
-3461
-4573
-4402
-3801
-3654
-4248
-4827
-4972
-4907
-4662
-4428
-4437
-4005
-3384
-3679
-4722
-4239
-2539
-1677
-2347
-3290
-2863
-1545
-321
66
-270
-397
425
1679
2343
2434
2977
3445
3513
4049
4542
4987
5222
5312
5518
5615
5710
5744
6251
6669
6210
5301
5326
6121
6688
6119
4782
4584
4919
4693
4168
3880
3561
2815
2099
1639
1943
1895
781
-302
-1186
-1542
-1589
-1772
-2384
-3646
-4717
-4577
-3714
-3915
-5046
-5430
-5362
-5128
-4627
-4347
-4450
-4595
-4616
-3986
-3149
-2917
-3112
-3120
-2592
-2002
-1912
-1939
-1216
-735
-882
-810
-202
648
1047
1137
1372
1858
2530
3305
3622
3175
3227
3971
4473
4228
3669
2932
2344
3130
4409
3471
653
-845
1028
3100
1721
-1260
-2792
-1964
-813
-1224
-3074
-4808
-4819
-4287
-4772
-5391
-5328
-5056
-5623
-6165
-5899
-5543
-5383
-4912
-4498
-5039
-5638
-4821
-3208
-2442
-2829
-3632
-3256
-1720
-257
82
-422
-201
833
1652
1890
2495
3661
3827
3498
3882
4966
5689
5621
5615
5816
5821
5673
6038
6845
7148
6448
5457
5519
6623
6948
5893
4836
4825
5233
5097
4339
3758
3763
3058
1743
1438
1610
1322
451
-871
-1483
-1387
-1757
-2433
-3111
-3927
-4388
-4459
-4645
-4738
-4765
-5436
-5734
-5177
-4939
-4993
-4944
-4874
-4534
-4087
-4010
-3765
-3446
-3201
-2988
-2922
-2884
-2349
-1473
-1150
-1213
-1141
-608
381
993
714
621
1485
2363
2585
2560
2910
3509
3498
3247
3586
3665
3082
2355
2212
2953
3387
1970
-4
-198
1477
2304
276
-1938
-2124
-1498
-1732
-2242
-2677
-3880
-4902
-4968
-4312
-4071
-4516
-5050
-5541
-5486
-4843
-4145
-4025
-4011
-3818
-4074
-4284
-2955
-1002
-862
-2020
-2256
-979
720
1623
1574
1273
1471
2258
3212
3972
4525
4525
4107
4159
5300
6231
6110
5606
5478
5672
5709
5904
6111
5920
5590
5222
4899
5111
5482
5442
4594
3636
3347
3524
3376
3005
2195
688
402
839
583
-306
-1583
-2371
-2153
-2216
-2794
-3375
-3978
-4352
-4435
-4461
-4636
-4679
-4836
-5251
-4899
-4753
-4832
-4152
-4048
-4432
-4224
-3436
-2710
-2516
-2824
-2719
-2084
-1812
-1539
-712
-329
-599
-704
-9
1191
1675
1093
668
1727
2863
2815
2430
2638
3470
3648
3222
3486
4102
4093
3509
3132
3196
3056
2373
1478
1362
1670
1013
-846
-1938
-1098
-164
-1246
-3259
-3955
-3745
-3430
-3587
-4316
-5597
-6680
-6610
-5852
-5647
-6186
-6847
-6990
-6401
-5641
-5022
-4986
-4728
-3924
-3361
-3038
-2214
-687
384
152
-192
760
2475
3519
3689
3329
3363
4240
5360
5869
5945
5873
5780
5844
6378
7131
7348
6980
6300
6050
6240
6608
6843
6401
5397
4740
4776
5083
5188
4404
3471
2634
1998
2101
2196
1430
223
-731
-1084
-943
-1027
-1692
-2772
-3263
-3365
-3702
-4197
-4291
-4215
-4597
-5319
-5399
-4822
-4569
-4630
-5073
-5427
-4947
-4165
-3880
-3729
-3682
-3594
-3213
-2702
-2024
-1747
-1633
-1442
-1023
-520
-3
724
1007
631
577
1387
2356
2427
1998
2061
2542
2905
3025
3076
3117
3186
2814
2435
2667
2931
2615
1950
1520
1276
1246
1108
484
-332
-1023
-1175
-1016
-1618
-2862
-3588
-3542
-3100
-3235
-4380
-5326
-5315
-4808
-5104
-5991
-6366
-6283
-5903
-5611
-5461
-5030
-4455
-3869
-3401
-3008
-2307
-1154
-346
-103
384
1331
2153
2773
3384
3735
4013
4525
4989
5530
6069
6026
5738
5825
6451
6931
6661
6106
5797
5879
6035
6172
6007
5244
4607
4591
4670
4258
3744
3419
2925
2324
1869
1589
1147
569
-221
-1180
-1797
-1861
-1974
-2501
-3363
-4005
-4203
-4087
-3873
-4266
-4944
-5242
-4783
-4567
-4747
-4689
-4745
-4842
-4703
-4346
-3961
-3744
-3397
-3149
-3092
-2571
-1726
-1264
-1037
-767
-386
139
560
1178
1513
1606
1783
2129
2766
2911
2950
2951
3014
3270
3366
3228
3036
3149
3010
2457
2090
2248
2088
1368
821
763
748
239
-205
-412
-878
-1360
-1603
-1765
-2140
-2594
-3021
-3255
-3455
-3739
-4089
-4422
-4511
-4351
-4799
-5296
-5016
-4503
-4298
-4667
-4709
-3941
-3315
-3113
-2762
-2251
-1903
-1587
-915
-308
378
1026
1333
1755
2356
3081
3570
3805
4109
4627
4864
4844
5279
5916
5926
5415
5324
5694
6052
5740
5329
5295
5232
5145
4778
4441
4366
4055
3267
2627
2494
2783
2247
1081
521
429
233
-417
-803
-1141
-1757
-2288
-2597
-2762
-2914
-3241
-3588
-3988
-4060
-3723
-3709
-4093
-4219
-3960
-3952
-4024
-3746
-3455
-3276
-3268
-3161
-2604
-2161
-1890
-1705
-1409
-807
-295
-7
313
761
1156
1321
1648
2161
2326
2388
2530
2890
3095
2994
2911
2801
2948
2998
2824
2201
1770
1803
1787
1102
258
-161
-334
-662
-1144
-1654
-2373
-2902
-3206
-3341
-3829
-4287
-4583
-4971
-5143
-5055
-5140
-5430
-5660
-5371
-5031
-5059
-4992
-4625
-4226
-3985
-3699
-3180
-2426
-1862
-1405
-856
-221
596
1424
1843
2235
2837
3504
4023
4483
4922
5066
5154
5578
6141
6314
6189
6081
6232
6447
6539
6430
6027
5879
5867
5421
4839
4705
4664
4081
3218
2752
2930
2679
1780
877
650
717
59
-867
-1421
-1564
-1533
-2108
-3003
-3353
-3357
-3765
-4257
-4474
-4571
-4912
-5305
-5220
-4806
-4718
-5247
-5437
-4974
-4499
-4172
-4199
-4194
-3809
-3311
-2863
-2496
-1994
-1628
-1306
-792
-270
306
882
1260
1566
1749
2189
2868
3339
3404
3448
3736
3981
4271
4345
4307
4244
4161
4061
3980
3796
3444
3234
3034
2717
2425
2109
1551
1214
893
177
-335
-782
-1166
-1708
-2336
-2596
-2907
-3424
-3881
-4012
-4320
-4846
-5054
-5159
-5145
-5282
-5478
-5517
-5364
-5100
-4965
-4954
-4654
-3956
-3616
-3411
-2945
-2287
-1703
-1443
-1068
-388
189
565
952
1669
2350
2806
3229
3643
4093
4444
4751
5144
5389
5370
5403
5763
6051
5947
5687
5537
5674
5617
5106
4718
4519
4552
4248
3379
2802
2703
2395
1680
1067
477
-5
-580
-1000
-1184
-1823
-2605
-2845
-3095
-3467
-3793
-4190
-4599
-4738
-4787
-5178
-5223
-5058
-5098
-5137
-5155
-4937
-4522
-4492
-4345
-3811
-3390
-2977
-2558
-1962
-1535
-1239
-774
-286
360
786
1109
1525
1955
2422
2579
2725
3119
3528
3784
3674
3795
4136
4296
4196
4041
4021
3655
3321
3135
3043
2793
2198
1536
1254
1264
902
387
-207
-746
-1131
-1396
-1667
-2058
-2495
-2882
-3069
-3307
-3568
-3703
-3932
-4113
-4144
-4100
-4045
-3944
-3677
-3441
-3343
-3200
-2751
-2152
-1731
-1440
-1184
-725
-219
197
667
1060
1417
1814
2305
2604
2985
3604
4111
4157
4109
4524
5023
5178
4995
4905
5153
5308
5230
5147
4961
4863
4595
3986
3706
3750
3443
2845
2159
1750
1517
916
422
159
-372
-1147
-1691
-1922
-2088
-2520
-3257
-4085
-4419
-4369
-4697
-5264
-5627
-5729
-5942
-6287
-6339
-6005
-6179
-6453
-6283
-5984
-5565
-5233
-4929
-4574
-4148
-3710
-3158
-2596
-1994
-1411
-1007
-577
152
971
1384
1725
2234
2702
3032
3404
4045
4649
4890
4868
5003
5359
5704
5692
5428
5291
5426
5287
4850
4627
4382
3949
3400
2841
2564
2233
1759
1136
520
33
-542
-1028
-1514
-2027
-2481
-3000
-3644
-3836
-4085
-4490
-4949
-5262
-5315
-5322
-5425
-5332
-5111
-5104
-5108
-4741
-4176
-3740
-3470
-3282
-2909
-2419
-1743
-1165
-760
-418
143
745
1224
1786
2480
2984
3312
3770
4402
4895
5194
5479
5652
5913
6122
6371
6607
6586
6420
6221
5953
5963
5965
5569
4983
4446
4153
3688
3058
2517
2033
1360
652
92
-296
-670
-1189
-1849
-2634
-3175
-3384
-3618
-4155
-4783
-5236
-5598
-5625
-5731
-6070
-6248
-6412
-6311
-6158
-6106
-5880
-5549
-5344
-5122
-4647
-4302
-3833
-3276
-2902
-2534
-2043
-1462
-858
-518
-101
379
758
1315
1897
2457
2703
2942
3384
3892
4372
4560
4402
4303
4558
4778
4739
4454
4254
4211
4062
3788
3403
3045
2766
2402
1984
1449
1038
767
262
-524
-1093
-1487
-1910
-2315
-2751
-3147
-3610
-3831
-3951
-4134
-4465
-4709
-4729
-4538
-4340
-4227
-4011
-3851
-3522
-3187
-2985
-2709
-2080
-1539
-1252
-1035
-553
227
619
997
1398
1905
2285
2741
3317
3714
3897
4077
4504
4886
5144
5193
5246
5346
5403
5337
5146
4846
4843
4727
4231
3787
3469
3258
2645
1920
1533
1157
592
-74
-646
-1030
-1467
-2049
-2621
-2990
-3206
-3552
-4092
-4541
-4625
-4817
-5181
-5399
-5360
-5342
-5425
-5362
-5137
-4944
-4692
-4447
-4197
-3911
-3467
-2973
-2535
-2113
-1638
-1238
-991
-460
163
488
634
978
1478
2043
2347
2597
2815
3045
3328
3625
3764
3890
4125
4150
4074
4166
4304
4344
4140
3903
3823
3600
3422
3159
2902
2654
2141
1681
1327
1166
1023
461
-277
-555
-686
-979
-1519
-1918
-2036
-2363
-2705
-2928
-3070
-3264
-3490
-3783
-3812
-3831
-3877
-3799
-3654
-3410
-3218
-3171
-2994
-2457
-1907
-1711
-1613
-1183
-590
-264
3
457
803
931
1251
1721
2084
2345
2410
2603
2885
3082
3214
3348
3615
3741
3665
3374
3325
3562
3540
3096
2619
2500
2475
2265
1778
1351
1065
643
231
4
-200
-461
-917
-1340
-1652
-1866
-2102
-2559
-2847
-3099
-3433
-3805
-3917
-3831
-3964
-4157
-4421
-4346
-4150
-3937
-3819
-4004
-3959
-3640
-3178
-2907
-2698
-2423
-2025
-1780
-1566
-1115
-682
-385
-167
90
562
1055
1278
1524
1663
1826
2123
2375
2617
2859
3023
2945
2937
3219
3463
3452
3219
3060
3221
3182
3016
2908
2703
2577
2268
2042
1971
1770
1311
825
690
611
293
-114
-379
-467
-669
-1028
-1331
-1434
-1411
-1579
-1803
-1821
-1705
-1612
-1662
-1785
-1527
-1223
-1227
-1170
-879
-491
-232
-221
28
391
575
732
1045
1431
1818
2039
2184
2469
2706
2894
2983
3042
3029
2946
2921
2941
2814
2659
2371
2118
2046
1920
1678
1245
883
623
343
-10
-375
-705
-1028
-1460
-1868
-2164
-2367
-2664
-3064
-3340
-3484
-3650
-3858
-4082
-4160
-4341
-4550
-4483
-4427
-4304
-4369
-4399
-4150
-4012
-3825
-3589
-3384
-3250
-2970
-2575
-2320
-1993
-1666
-1299
-995
-707
-374
59
446
641
909
1134
1563
1893
2086
2168
2272
2543
2765
2808
2864
2924
2973
3063
3154
3209
3180
3081
2950
2882
2784
2645
2497
2316
2050
1774
1615
1543
1402
989
599
507
470
242
-79
-246
-393
-599
-721
-944
-1067
-1159
-1256
-1403
-1503
-1455
-1461
-1419
-1489
-1449
-1383
-1317
-1183
-987
-759
-616
-402
-186
120
380
654
877
1022
1189
1367
1594
1787
2005
2159
2236
2270
2380
2498
2536
2557
2389
2261
2318
2314
2170
1874
1606
1374
1146
938
738
491
117
-125
-350
-616
-827
-1113
-1410
-1700
-1988
-2206
-2371
-2593
-2853
-3166
-3409
-3454
-3564
-3741
-3900
-3912
-3967
-3961
-3900
-3755
-3606
-3582
-3540
-3353
-3076
-2806
-2571
-2371
-2133
-1681
-1299
-1014
-671
-384
-49
82
304
751
1128
1385
1473
1555
1781
2093
2425
2571
2521
2593
2813
3094
3164
3100
3038
2965
2975
2940
2734
2560
2474
2355
2087
1833
1741
1675
1443
1166
986
797
596
501
341
147
-133
-310
-406
-543
-650
-889
-972
-1026
-1074
-1093
-1208
-1174
-1099
-1029
-1046
-1093
-979
-818
-638
-527
-501
-348
-134
77
381
594
726
807
1001
1190
1374
1598
1683
1802
1848
1915
2110
2218
2216
2103
2016
1873
1896
1971
1818
1521
1177
928
787
542
257
-32
-372
-684
-908
-1142
-1467
-1769
-2101
-2453
-2656
-2873
-3011
-3326
-3675
-3735
-3829
-3893
-4057
-4133
-4056
-3967
-4018
-3986
-3881
-3662
-3518
-3473
-3253
-3023
-2752
-2483
-2133
-1813
-1576
-1191
-778
-421
-119
197
564
980
1251
1471
1817
2170
2480
2663
2965
3190
3366
3490
3550
3676
3808
3823
3683
3784
3834
3765
3594
3384
3302
3282
3043
2746
2531
2335
2121
1750
1477
1223
931
453
130
79
-127
-554
-840
-1019
-1125
-1258
-1515
-1640
-1707
-1781
-1855
-1981
-2022
-1936
-1959
-2046
-2051
-1899
-1688
-1526
-1348
-1138
-1002
-884
-562
-270
-50
140
280
573
879
1149
1400
1623
1763
1807
1948
2066
2114
2255
2247
2134
2098
2080
2022
1918
1801
1562
1301
1113
971
767
509
147
-199
-467
-697
-925
-1240
-1591
-1899
-2137
-2374
-2615
-2757
-3067
-3341
-3531
-3707
-3818
-3855
-3878
-3931
-3906
-3774
-3609
-3431
-3348
-3291
-3028
-2787
-2610
-2394
-2171
-1812
-1569
-1295
-962
-680
-375
-138
184
494
836
1068
1369
1774
2028
2144
2375
2623
2878
2959
2981
3096
3308
3420
3421
3338
3350
3386
3225
3075
3005
2903
2737
2448
2224
2162
1922
1611
1379
1183
889
594
467
357
107
-129
-444
-591
-750
-939
-1204
-1463
-1547
-1501
-1551
-1710
-1697
-1635
-1582
-1629
-1591
-1461
-1229
-1098
-1057
-832
-598
-395
-159
55
249
448
680
1043
1262
1450
1564
1693
1868
1943
1986
2130
2267
2209
2138
2081
2113
1998
1825
1604
1311
1179
1176
1013
674
433
268
-19
-319
-631
-870
-1081
-1431
-1701
-1928
-2160
-2283
-2615
-2947
-3177
-3354
-3552
-3780
-3934
-3924
-4038
-4155
-4117
-4040
-4007
-3891
-3760
-3609
-3366
-3170
-2905
-2745
-2370
-2040
-1853
-1618
-1185
-711
-397
-147
194
689
1044
1290
1626
1855
2196
2554
2791
3060
3266
3456
3537
3695
3795
3821
3825
3860
3814
3738
3495
3260
3268
3174
2863
2624
2443
2263
2076
1734
1366
1095
759
417
214
50
-58
-260
-548
-676
-765
-930
-1143
-1302
-1427
-1490
-1598
-1665
-1641
-1659
-1718
-1716
-1567
-1375
-1310
-1265
-1084
-870
-655
-537
-314
-12
161
353
610
937
1106
1208
1333
1511
1678
1760
1790
1876
1939
1990
1921
1893
1921
1795
1643
1544
1387
1280
1016
754
529
395
198
-223
-480
-848
-1018
-1362
-1672
-1941
-2105
-2334
-2589
-2779
-2883
-2934
-3065
-3250
-3412
-3392
-3382
-3362
-3378
-3458
-3446
-3270
-3191
-3044
-2976
-2798
-2614
-2372
-2117
-1972
-1794
-1653
-1400
-1212
-947
-740
-526
-324
47
375
559
840
1024
1330
1587
1780
2014
2185
2404
2497
2633
2679
2688
2757
2738
2804
2800
2760
2790
2839
2841
2704
2554
2573
2543
2342
2105
1933
1860
1673
1456
1209
945
812
593
384
164
71
-58
-243
-402
-502
-551
-660
-740
-695
-684
-761
-803
-776
-704
-683
-642
-592
-469
-313
-202
-165
-53
137
235
298
400
545
690
832
1004
1153
1234
1287
1307
1382
1385
1363
1326
1272
1242
1189
1159
1033
911
836
660
425
256
54
-160
-371
-718
-974
-1194
-1399
-1568
-1845
-2052
-2253
-2479
-2623
-2747
-2882
-3097
-3193
-3228
-3229
-3201
-3220
-3185
-3178
-3129
-3039
-2913
-2805
-2710
-2617
-2509
-2275
-2002
-1819
-1727
-1589
-1355
-1127
-928
-766
-708
-469
-278
-99
201
387
634
823
1060
1261
1424
1556
1693
1827
1959
2116
2197
2375
2464
2556
2575
2633
2679
2693
2613
2485
2508
2436
2307
2155
2044
1929
1798
1607
1476
1316
1237
1062
860
654
557
479
339
240
108
-9
-140
-236
-274
-302
-456
-451
-417
-406
-349
-296
-292
-341
-282
-168
-91
49
128
157
316
436
539
565
683
800
870
930
1003
1054
1090
1079
1084
1089
1058
1099
1081
1005
951
853
722
569
465
300
132
-90
-290
-432
-554
-757
-920
-1038
-1197
-1352
-1504
-1675
-1856
-1964
-2152
-2319
-2394
-2417
-2472
-2545
-2632
-2705
-2697
-2725
-2739
-2663
-2595
-2526
-2423
-2311
-2170
-1998
-1892
-1780
-1572
-1368
-1131
-976
-816
-680
-516
-320
-92
111
286
466
670
921
1024
1058
1128
1295
1437
1566
1704
1764
1875
1941
1951
1968
2086
2097
1982
1962
1996
2049
1990
1770
1728
1638
1578
1508
1410
1369
1279
1116
945
858
766
565
352
193
166
37
-175
-321
-422
-447
-544
-628
-718
-730
-767
-816
-844
-902
-960
-915
-868
-817
-750
-677
-594
-488
-329
-206
-107
77
272
420
505
619
719
774
806
836
885
847
867
828
791
839
775
708
694
657
675
532
325
274
148
-6
-196
-378
-555
-707
-874
-1116
-1268
-1363
-1560
-1618
-1760
-1832
-1901
-1911
-1878
-1954
-1941
-1918
-1903
-1827
-1770
-1772
-1753
-1646
-1555
-1409
-1299
-1262
-1114
-1033
-885
-695
-649
-463
-275
-145
84
311
553
643
786
894
1013
1146
1179
1344
1438
1521
1690
1742
1872
1981
2001
2030
2052
2145
2112
2054
2038
2072
2084
1902
1786
1770
1706
1533
1420
1337
1221
1060
912
823
702
568
394
289
255
186
80
-73
-127
-240
-319
-459
-577
-577
-721
-768
-841
-842
-825
-797
-814
-806
-742
-661
-637
-650
-566
-550
-492
-450
-327
-276
-232
-132
-133
-80
-3
76
144
128
113
157
120
133
69
72
37
-98
-112
-179
-224
-379
-462
-556
-636
-731
-871
-1006
-1135
-1222
-1374
-1508
-1623
-1638
-1682
-1755
-1713
-1672
-1657
-1654
-1658
-1744
-1784
-1789
-1761
-1749
-1718
-1656
-1592
-1432
-1350
-1189
-1057
-932
-748
-620
-411
-326
-180
-11
95
281
426
530
701
912
1073
1235
1289
1423
1537
1637
1741
1803
1808
1892
1964
1950
2011
2060
2120
2096
2042
2084
2035
1947
1870
1728
1655
1586
1447
1340
1173
1041
1001
877
706
573
481
332
206
144
42
53
-50
-107
-124
-69
-103
-190
-220
-260
-191
-195
-144
-140
-103
-85
-76
20
53
84
90
131
166
224
268
375
425
367
444
443
431
432
309
222
109
125
89
-55
-109
-128
-176
-230
-270
-301
-370
-419
-512
-623
-754
-878
-1016
-1205
-1365
-1433
-1564
-1604
-1563
-1630
-1717
-1758
-1778
-1796
-1787
-1795
-1787
-1722
-1673
-1672
-1627
-1471
-1422
-1365
-1260
-1144
-1036
-907
-795
-733
-648
-641
-553
-485
-432
-314
-254
-125
3
89
140
285
374
432
479
514
628
738
819
909
987
1028
1094
1167
1173
1256
1311
1364
1362
1380
1418
1373
1297
1238
1210
1101
1085
1021
991
919
838
805
715
632
556
528
396
346
297
250
221
151
101
85
77
162
176
175
171
174
254
205
212
167
123
182
231
339
325
364
383
387
381
403
409
379
374
338
399
402
356
388
309
193
230
174
127
138
100
17
-75
-88
-107
-191
-335
-465
-522
-549
-635
-698
-739
-823
-884
-949
-961
-966
-981
-1032
-1082
-1119
-1112
-1092
-1076
-1123
-1123
-1137
-1121
-1084
-1015
-941
-933
-856
-779
-702
-623
-602
-589
-536
-461
-426
-362
-286
-252
-174
-142
-64
23
56
129
227
321
370
428
518
572
590
550
615
636
685
694
708
765
762
755
722
741
753
776
773
735
775
797
729
677
576
455
344
220
158
73
49
-7
-49
-70
-140
-162
-124
-89
-62
-94
-99
-83
-70
-51
-144
-133
-130
-35
84
102
155
187
289
328
398
452
507
545
520
502
494
566
586
626
592
595
557
548
502
438
350
302
281
196
193
96
62
13
-97
-193
-286
-328
-451
-561
-671
-739
-814
-874
-951
-1008
-1068
-1145
-1146
-1206
-1224
-1265
-1280
-1300
-1269
-1295
-1239
-1135
-1055
-953
-906
-777
-673
-592
-575
-533
-464
-393
-244
-166
-112
-2
53
124
208
240
263
340
406
514
632
696
671
624
694
725
738
752
740
761
819
779
802
858
759
756
699
629
643
604
554
478
377
312
300
248
161
140
21
-5
85
7
-42
-102
-148
-201
-287
-228
-301
-311
-325
-308
-235
-243
-136
-192
-116
-109
-110
-29
20
100
151
169
285
360
403
450
459
568
557
594
674
667
705
699
737
742
763
817
788
843
824
729
652
615
558
468
317
220
150
72
12
-93
-192
-302
-373
-536
-621
-738
-903
-986
-1125
-1169
-1194
-1295
-1305
-1327
-1425
-1447
-1438
-1452
-1490
-1425
-1432
-1428
-1352
-1285
-1159
-1076
-1026
-916
-805
-688
-586
-494
-369
-262
-172
-68
38
139
233
280
376
456
598
682
715
813
888
1036
1081
1118
1158
1189
1250
1198
1193
1191
1258
1262
1237
1152
1141
1140
1080
1045
975
851
756
705
602
525
367
214
121
41
-43
-150
-208
-324
-355
-384
-436
-529
-530
-534
-537
-510
-545
-529
-563
-567
-542
-494
-503
-460
-410
-409
-352
-356
-363
-330
-279
-265
-264
-110
-50
7
37
44
124
159
144
134
154
175
210
241
226
237
222
265
262
208
167
117
118
91
114
87
-41
-99
-149
-241
-332
-398
-468
-542
-564
-596
-669
-691
-725
-752
-851
-888
-857
-901
-947
-975
-982
-927
-876
-836
-748
-629
-519
-387
-297
-238
-115
-103
-95
-29
96
158
224
267
368
547
625
744
758
878
907
951
1005
1008
1062
1002
980
990
991
943
946
949
957
862
796
771
752
699
615
524
504
499
417
392
361
265
208
122
2
-71
-154
-188
-229
-229
-248
-267
-253
-248
-260
-289
-307
-346
-323
-328
-355
-324
-302
-294
-306
-292
-275
-240
-180
-112
-100
-66
-22
-16
22
48
69
60
146
230
216
255
226
259
280
238
223
182
131
91
123
134
175
164
135
151
101
85
-25
-114
-184
-286
-355
-494
-553
-639
-771
-874
-903
-957
-1035
-1066
-1135
-1179
-1188
-1194
-1238
-1255
-1280
-1302
-1297
-1266
-1226
-1220
-1115
-1080
-1001
-883
-779
-649
-597
-480
-383
-166
-27
50
130
227
374
406
461
534
620
689
815
899
1012
1105
1139
1213
1261
1323
1315
1359
1401
1438
1425
1413
1409
1389
1315
1239
1211
1182
1169
1104
1011
944
932
839
712
613
510
368
234
121
49
-39
-126
-149
-128
-214
-203
-145
-190
-187
-256
-280
-320
-344
-270
-289
-318
-285
-259
-234
-192
-180
-169
-128
-140
-116
-113
-139
-125
-102
-95
-92
-107
-45
-69
-71
-90
-127
-110
-168
-162
-224
-154
-165
-209
-190
-188
-104
-158
-196
-185
-237
-319
-391
-425
-446
-558
-595
-652
-611
-661
-682
-685
-689
-609
-644
-647
-676
-652
-653
-693
-670
-670
-646
-640
-574
-595
-582
-473
-448
-394
-333
-288
-242
-140
-8
40
68
110
137
216
340
401
461
492
521
599
620
607
573
507
475
530
576
638
668
677
726
713
759
700
639
561
467
452
394
304
213
132
15
-33
-101
-86
-103
-117
-92
-163
-192
-198
-298
-370
-425
-500
-479
-453
-454
-462
-447
-455
-397
-366
-274
-188
-152
-5
72
124
195
228
283
305
368
466
492
528
552
508
591
625
634
650
554
617
623
601
609
561
579
480
454
437
355
315
243
189
157
85
56
3
-64
-147
-257
-334
-404
-447
-506
-541
-595
-633
-694
-721
-737
-766
-853
-888
-890
-862
-857
-889
-870
-901
-827
-826
-764
-695
-632
-576
-510
-450
-370
-274
-219
-127
-31
36
114
217
374
507
587
633
686
761
753
791
880
819
881
950
933
978
1033
975
931
911
922
913
870
874
815
754
670
565
481
406
354
309
262
215
184
137
28
-53
-166
-266
-408
-450
-518
-566
-613
-651
-663
-691
-704
-774
-762
-785
-803
-794
-779
-785
-817
-786
-808
-751
-757
-754
-713
-681
-612
-564
-503
-449
-367
-351
-321
-317
-269
-263
-314
-233
-253
-245
-150
-128
-116
-75
-46
-17
11
-46
-57
-86
-95
-57
-74
-59
-51
0
27
49
64
91
70
82
145
161
158
188
174
170
195
219
236
305
370
403
485
531
540
583
611
579
621
658
644
674
758
774
797
842
786
824
776
788
779
734
770
739
724
669
667
609
568
521
479
467
423
378
305
265
178
177
90
55
-1
-76
-31
-89
-140
-196
-262
-315
-363
-396
-457
-513
-544
-606
-620
-670
-743
-754
-767
-763
-786
-702
-625
-594
-551
-564
-490
-509
-464
-450
-437
-374
-326
-295
-257
-175
-153
-104
-93
-69
45
94
90
145
178
185
206
192
209
184
196
195
146
181
121
85
40
26
10
-28
-58
-106
-139
-196
-188
-172
-198
-248
-313
-319
-376
-401
-447
-489
-518
-573
-631
-683
-685
-676
-744
-749
-743
-741
-728
-712
-685
-648
-601
-572
-436
-346
-322
-270
-196
-112
-90
-85
10
91
187
267
329
380
488
548
619
701
723
782
783
814
851
927
939
950
951
961
961
923
885
831
791
763
740
745
698
685
678
646
609
536
459
396
353
285
269
241
238
213
178
204
129
118
42
-38
-88
-86
-104
-97
-98
-105
-82
-91
-45
-14
-17
-49
-15
13
10
-27
-61
-70
-85
-134
-121
-104
-183
-186
-234
-280
-286
-252
-273
-240
-204
-212
-218
-224
-224
-230
-263
-277
-254
-260
-288
-346
-342
-406
-502
-528
-527
-577
-594
-643
-644
-628
-645
-618
-643
-665
-621
-654
-655
-643
-640
-622
-616
-611
-558
-586
-537
-478
-467
-396
-362
-239
-136
-87
-17
84
177
288
354
420
494
517
596
650
666
736
766
805
863
868
866
865
816
821
837
810
821
807
778
749
708
729
649
586
546
470
468
395
283
188
123
23
-69
-142
-191
-266
-318
-331
-347
-395
-420
-424
-456
-444
-473
-500
-524
-541
-529
-543
-526
-528
-479
-501
-501
-420
-375
-345
-297
-235
-142
-128
-112
-48
-21
9
63
120
167
203
264
218
298
312
287
337
268
272
255
230
179
206
210
224
228
234
283
231
184
153
113
57
-79
-99
-151
-227
-251
-331
-331
-338
-316
-347
-361
-404
-428
-449
-480
-527
-555
-592
-583
-560
-510
-470
-422
-330
-299
-252
-199
-205
-149
-126
-84
-41
20
93
123
205
257
333
363
411
454
489
533
593
618
638
653
649
680
690
701
717
772
763
724
721
671
695
669
622
603
617
585
569
554
525
509
435
397
288
232
153
110
27
-33
-90
-178
-214
-257
-331
-420
-496
-555
-572
-603
-666
-694
-715
-786
-853
-883
-922
-936
-932
-923
-872
-844
-762
-725
-693
-676
-687
-580
-551
-559
-504
-425
-399
-296
-226
-159
-141
-94
-55
-21
-1
-1
9
-38
-29
-42
-42
-51
-22
24
55
134
