SAMPLES:	13560
BITSPERSAMPLE:	16
CHANNELS:	1
SAMPLERATE:	16000
NORMALIZED:	FALSE
-435
-422
-386
-371
-374
-364
-334
-304
-254
-227
-204
-169
-130
-104
-56
-32
-16
-6
-41
-7
-6
-31
16
14
54
60
70
99
114
136
150
181
173
188
189
238
235
256
290
297
340
327
368
356
381
399
401
454
439
485
497
450
478
472
467
469
442
439
469
435
447
417
386
410
390
333
288
285
271
235
214
217
171
182
141
117
103
83
102
57
83
43
2
-9
-53
-65
-132
-130
-169
-176
-189
-238
-259
-281
-303
-326
-312
-363
-330
-365
-375
-377
-399
-404
-387
-370
-376
-384
-390
-386
-396
-406
-433
-403
-408
-417
-368
-372
-368
-342
-317
-290
-277
-231
-238
-243
-211
-196
-199
-176
-161
-174
-167
-144
-123
-120
-63
-70
-59
-54
-35
-55
-88
-36
-28
10
16
35
18
54
71
67
78
63
106
89
136
132
160
173
168
182
184
208
222
253
219
243
215
236
250
222
263
253
258
269
286
312
309
339
316
299
336
314
308
306
292
302
293
316
325
292
277
289
273
289
273
274
282
255
264
213
243
225
173
151
140
122
99
120
105
99
98
107
100
100
81
96
81
61
73
33
60
22
14
49
-10
-33
-69
-67
-126
-145
-143
-223
-239
-226
-293
-315
-314
-372
-376
-418
-432
-460
-470
-444
-490
-477
-468
-503
-525
-495
-560
-546
-527
-547
-538
-521
-492
-539
-486
-464
-467
-445
-406
-391
-358
-322
-312
-292
-287
-268
-269
-246
-212
-181
-190
-138
-113
-103
-57
-25
3
28
63
65
125
159
152
182
204
216
231
255
278
320
311
344
367
341
379
381
397
398
422
411
435
447
452
456
451
455
477
461
454
465
449
458
449
423
396
357
350
350
287
301
243
227
230
185
177
162
146
125
115
151
118
161
130
102
107
116
138
141
100
71
90
71
83
72
109
60
100
119
69
73
-19
-68
-81
-89
-54
-80
-100
-117
-188
-205
-195
-276
-259
-282
-265
-296
-308
-275
-370
-280
-333
-313
-294
-348
-280
-328
-292
-284
-343
-348
-358
-430
-351
-290
-337
-291
-324
-338
-334
-363
-360
-357
-317
-303
-350
-327
-339
-314
-276
-271
-257
-302
-308
-263
-291
-285
-192
-175
-119
-99
-107
-67
-87
-14
-25
29
49
30
21
51
130
138
189
170
155
211
269
279
344
315
368
426
365
327
334
274
309
300
306
334
345
414
391
440
431
462
452
350
338
341
368
400
344
301
262
246
173
178
248
173
234
207
126
155
152
180
164
40
25
-27
-100
-103
-106
-152
-180
-204
-218
-211
-221
-262
-341
-267
-325
-277
-276
-288
-243
-300
-316
-357
-335
-344
-297
-358
-303
-236
-281
-226
-196
-192
-123
-113
-172
-80
-64
-35
4
-11
0
40
65
145
179
137
202
169
226
254
176
254
240
219
232
207
222
237
187
203
190
132
166
118
154
173
171
201
186
156
150
125
165
168
120
214
149
126
136
60
52
96
17
70
27
-15
59
-1
-56
-60
-120
-84
-87
-132
-75
-84
-117
-139
-155
-115
-120
-137
-170
-205
-212
-205
-185
-193
-136
-189
-188
-80
-91
-95
-56
-125
-126
-169
-227
-159
-158
-203
-158
-165
-164
-146
-174
-144
-165
-148
-141
-179
-152
-76
-175
-155
-141
-159
-57
-57
-80
-24
1
3
14
-10
-5
-36
20
3
72
89
115
140
55
52
28
26
48
7
23
29
0
44
43
31
19
34
20
22
-17
-24
-7
-21
-64
-88
-62
-115
-71
-55
-115
-72
-106
-93
-120
-155
-96
-9
-8
-15
42
86
78
62
83
68
117
112
148
181
180
154
174
137
152
153
209
248
203
261
225
222
194
182
178
165
174
109
183
240
281
285
325
194
209
272
224
247
239
201
132
129
193
218
162
247
180
153
178
167
231
126
21
78
-7
-21
44
-9
4
65
20
-1
14
-81
-5
-48
-104
-98
-132
-99
-27
-70
-171
-158
-177
-212
-228
-226
-303
-321
-316
-346
-356
-362
-401
-371
-421
-451
-372
-383
-340
-394
-401
-380
-382
-396
-367
-403
-420
-372
-395
-354
-276
-266
-320
-197
-214
-183
-179
-202
-161
-93
-58
12
17
-16
18
6
21
39
134
70
112
176
125
274
224
207
233
177
190
148
166
284
332
312
279
263
261
262
241
188
167
250
199
221
276
222
214
196
212
148
192
270
272
285
310
251
253
268
266
315
338
287
267
183
157
115
128
142
138
158
135
80
25
43
28
54
3
19
-32
17
40
28
-1
-31
-119
-210
-144
-219
-195
-163
-132
-215
-253
-214
-196
-158
-204
-179
-211
-170
-119
-168
-185
-196
-234
-251
-275
-238
-165
-220
-207
-126
-197
-119
-108
-175
-160
-188
-126
-98
-97
-103
-64
-85
-83
-66
-44
-33
-58
-49
-41
-20
-43
-59
-47
-15
-14
-38
-24
-77
-45
-17
-46
13
-33
-28
-49
-41
-15
0
98
74
102
79
82
98
70
117
44
72
43
110
198
182
255
220
207
230
169
207
225
206
151
191
215
205
260
238
203
164
166
205
210
235
195
187
175
152
198
148
94
136
100
92
124
131
131
80
139
95
67
165
72
43
104
48
-27
-32
-44
-99
-135
-167
-205
-214
-197
-297
-197
-229
-263
-221
-290
-239
-304
-334
-304
-302
-292
-279
-285
-269
-282
-241
-249
-300
-245
-256
-216
-224
-237
-193
-236
-248
-207
-188
-208
-198
-210
-162
-87
-92
-76
-54
-87
-29
18
16
12
1
-1
-19
-3
4
13
-5
-3
57
89
109
148
129
189
157
189
233
161
156
178
186
230
275
243
252
241
273
236
222
255
251
208
217
227
228
253
200
189
125
147
170
152
145
155
121
101
77
49
30
-17
-39
-59
-14
-5
-39
-33
-51
-95
-104
-85
-63
-99
-143
-185
-191
-198
-242
-265
-209
-242
-253
-211
-272
-217
-232
-289
-310
-312
-253
-229
-278
-222
-169
-227
-164
-163
-152
-88
-6
1
19
55
-5
31
50
49
57
94
135
164
176
128
176
163
152
170
204
240
173
245
259
224
187
180
169
146
180
216
205
263
266
248
268
233
251
226
193
190
235
246
233
165
188
203
126
97
69
67
82
47
16
21
20
-18
-31
-32
-118
-70
-50
-72
-82
-110
-125
-143
-163
-203
-178
-208
-155
-119
-165
-174
-202
-188
-182
-147
-126
-151
-111
-90
-111
-51
-57
-70
-58
-81
-36
-72
-117
-123
-141
-103
-84
-107
-170
-148
-106
-95
-77
-55
-79
-78
-90
-95
-108
-93
-94
-112
-103
-139
-82
-79
-40
16
-15
71
56
29
69
24
-6
29
27
8
48
33
-5
-41
-57
-21
-91
-42
-8
-38
-11
-15
-95
-95
-112
-116
-68
-134
-100
-94
-50
-31
-15
-9
-26
-15
8
33
66
76
59
19
25
41
46
35
48
52
31
60
68
89
82
51
5
30
67
70
117
118
87
107
96
115
115
103
147
157
184
188
163
108
148
132
162
228
218
269
232
183
174
172
174
136
101
89
109
110
151
121
125
129
74
137
127
110
154
125
68
51
27
3
17
64
-6
13
4
-16
2
-3
-25
-75
-100
-68
-119
-138
-111
-155
-141
-135
-148
-130
-88
-75
-39
18
-8
-31
-17
-85
-69
-6
-57
-17
-51
-70
-36
-25
9
-48
35
1
-49
-5
-74
-86
-88
-86
-61
-104
-113
-76
-102
-92
-125
-126
-111
-118
-90
-97
-82
-84
-133
-131
-164
-189
-192
-140
-189
-178
-173
-203
-206
-225
-238
-267
-258
-286
-282
-323
-328
-297
-278
-258
-234
-224
-222
-215
-274
-262
-314
-301
-282
-315
-247
-229
-201
-228
-202
-178
-172
-158
-183
-155
-128
-74
-12
28
-12
-7
-29
35
122
131
156
180
255
204
242
203
170
248
249
284
337
369
399
452
461
470
469
507
501
548
593
604
615
586
552
570
576
558
581
562
592
599
586
552
558
557
517
496
473
440
458
395
390
355
286
262
203
181
122
119
58
59
54
-22
-51
-136
-166
-208
-202
-219
-237
-227
-245
-258
-313
-346
-380
-410
-442
-404
-388
-385
-368
-416
-445
-465
-469
-489
-494
-509
-490
-519
-513
-472
-511
-483
-516
-533
-514
-504
-495
-442
-398
-423
-382
-324
-305
-253
-221
-221
-209
-148
-163
-98
-46
-83
-22
-93
-85
-30
-12
31
81
82
96
147
127
137
213
181
189
220
210
201
231
224
143
205
199
157
254
219
214
220
189
197
164
127
147
108
159
141
114
187
156
172
160
121
132
144
117
150
111
103
87
70
83
10
32
7
-11
16
9
49
34
-1
25
24
-14
16
-29
-35
-46
-38
43
-7
38
55
29
57
62
53
66
45
72
69
86
97
104
117
69
71
37
54
45
66
21
45
39
2
60
9
28
11
19
19
-2
46
-4
24
25
14
56
45
35
-9
-55
-37
-96
-128
-147
-194
-185
-190
-185
-178
-197
-214
-229
-292
-243
-199
-197
-137
-172
-152
-169
-142
-160
-180
-170
-163
-150
-163
-110
-159
-136
-145
-153
-134
-111
-87
-45
-28
-48
2
23
64
113
125
125
173
130
151
166
83
142
130
127
203
205
243
223
253
250
202
248
223
229
258
205
239
203
177
176
148
122
121
117
107
84
52
64
21
17
48
2
24
8
3
18
-34
1
3
-15
3
7
1
-41
-71
-110
-79
-93
-141
-178
-218
-215
-250
-248
-228
-232
-258
-238
-256
-240
-250
-242
-236
-239
-238
-238
-239
-225
-185
-264
-264
-205
-239
-193
-157
-147
-138
-87
-86
-73
-40
-49
-44
5
37
10
98
79
74
161
103
121
117
130
181
150
166
194
135
193
212
178
192
173
174
137
141
151
163
138
130
129
87
123
127
101
140
154
95
104
113
118
146
120
119
117
111
129
136
169
163
164
171
162
157
176
195
158
192
179
161
171
166
152
113
107
104
32
37
61
29
78
64
44
22
24
-21
-2
26
-66
-95
-67
-76
-109
-81
-72
-93
-47
-63
-115
-131
-122
-112
-90
-72
-91
-61
-80
-83
-112
-106
-89
-140
-162
-173
-165
-157
-165
-146
-164
-188
-186
-194
-208
-191
-214
-298
-310
-317
-317
-283
-306
-320
-308
-323
-317
-305
-317
-299
-348
-342
-337
-365
-322
-324
-297
-256
-187
-214
-212
-161
-169
-110
-113
-91
-62
-53
-14
60
49
60
96
103
98
108
177
205
251
283
322
329
378
366
396
418
421
448
376
400
422
381
397
395
363
366
301
346
345
309
352
327
363
386
364
385
378
358
342
300
340
335
334
268
245
229
224
184
136
137
65
57
68
54
42
14
-10
-8
-33
-44
-63
-91
-133
-193
-247
-245
-297
-295
-294
-332
-340
-310
-342
-335
-288
-286
-234
-288
-282
-330
-355
-290
-321
-270
-253
-259
-229
-259
-231
-219
-235
-188
-213
-205
-150
-178
-146
-139
-175
-167
-106
-116
-75
-39
-61
-14
-49
6
-11
-36
-45
-77
-78
-57
-18
-71
-73
-64
-77
-95
-61
-59
-19
-56
-84
-36
-54
-33
-9
-6
56
-3
60
69
41
53
36
15
21
40
53
36
69
113
73
133
109
91
101
136
138
116
101
112
81
101
159
176
199
173
184
195
150
101
121
127
140
187
202
212
248
217
222
188
183
210
199
179
180
136
155
175
160
168
179
177
148
171
177
188
128
127
139
96
87
113
79
61
40
34
0
1
9
-41
-6
-18
-63
-75
-105
-112
-94
-117
-162
-134
-193
-179
-179
-218
-197
-226
-231
-231
-284
-272
-302
-329
-317
-320
-264
-300
-271
-264
-252
-247
-257
-264
-305
-290
-338
-365
-287
-299
-315
-295
-288
-289
-282
-271
-236
-257
-230
-182
-202
-149
-145
-138
-116
-86
-28
-54
-29
70
27
30
91
58
51
99
147
162
172
204
258
262
313
342
345
370
380
382
426
432
445
384
377
369
361
412
385
452
446
457
441
393
364
354
351
331
338
326
341
313
302
323
248
237
209
171
152
153
131
81
103
46
25
-16
-42
-69
-109
-125
-145
-191
-188
-211
-241
-241
-323
-298
-300
-320
-310
-315
-330
-321
-311
-349
-347
-351
-332
-336
-312
-313
-285
-339
-301
-281
-321
-277
-314
-314
-303
-262
-332
-309
-302
-319
-255
-268
-228
-245
-194
-194
-137
-127
-104
-35
-58
10
38
24
86
123
136
160
152
155
181
209
222
237
253
293
267
237
294
255
207
240
192
180
202
212
210
171
168
173
142
127
139
101
115
82
68
77
55
74
39
81
105
91
141
60
51
37
35
55
27
27
2
18
-24
-46
-21
-50
-46
-41
-43
-10
-30
-24
-14
0
-49
-5
8
12
27
31
26
-8
16
17
1
20
34
53
50
34
76
38
64
42
58
63
86
116
69
128
56
86
61
10
21
-32
31
-10
-28
-9
-14
-33
-22
-7
-39
-31
-53
-94
-88
-86
-124
-156
-186
-180
-227
-230
-187
-267
-234
-200
-184
-227
-229
-234
-246
-224
-250
-222
-257
-232
-236
-214
-195
-207
-124
-146
-158
-158
-161
-91
-90
-66
-85
-75
14
-15
17
60
39
79
120
116
127
151
184
171
170
244
181
172
225
242
258
285
275
293
315
304
299
278
303
289
319
266
305
349
273
309
266
231
283
271
222
239
204
213
185
156
136
69
82
70
15
31
12
7
-31
-80
-68
-87
-94
-119
-146
-146
-196
-231
-211
-278
-267
-256
-326
-331
-372
-389
-388
-391
-386
-427
-404
-425
-430
-445
-424
-428
-415
-401
-389
-381
-392
-348
-326
-328
-292
-270
-216
-168
-146
-150
-132
-114
-81
-83
-64
-32
-37
-1
51
59
24
86
70
82
94
44
93
99
109
145
146
184
220
243
240
279
311
330
339
384
387
396
417
399
400
414
393
360
365
318
352
339
321
288
306
286
244
248
243
207
175
172
135
125
114
115
88
73
91
92
67
86
45
74
46
-9
-41
-42
-54
-88
-73
-81
-108
-93
-71
-70
-25
-75
-52
-87
-101
-109
-108
-117
-82
-38
-36
2
-5
2
-15
-4
31
-19
49
59
22
84
57
35
24
17
-8
34
3
39
127
97
162
165
153
151
150
105
87
37
-35
-38
-201
-245
-349
-552
-622
-706
-830
-862
-940
-919
-856
-808
-738
-658
-521
-484
-353
-296
-289
-161
-95
-10
114
160
213
255
284
260
226
189
109
-33
-92
-174
-347
-441
-505
-500
-445
-328
-235
-93
48
178
314
374
439
489
522
552
580
564
595
666
743
882
1013
1112
1184
1182
1228
1222
1091
989
963
913
897
1026
1127
1240
1377
1477
1637
1630
1626
1474
809
45
-707
-1409
-2476
-3481
-4125
-4580
-4665
-4324
-3567
-2688
-1654
-494
532
1346
1955
2151
1762
1251
851
453
140
92
378
729
1349
2011
2563
2873
2848
2338
1565
540
-759
-2165
-3551
-4656
-5344
-5571
-5394
-4760
-3901
-2761
-1598
-404
587
1159
1445
1552
1475
1280
1118
1065
1199
1504
1980
2628
3297
3788
4035
4036
3715
3037
2123
1126
-70
-1356
-2252
-2905
-3327
-3359
-3147
-2698
-2069
-1369
-645
-117
163
226
191
50
-101
-194
-228
-89
187
771
1339
1839
2324
2632
2735
2592
2356
1684
953
262
-477
-1064
-1609
-1853
-2014
-2015
-1787
-1435
-1045
-824
-644
-597
-685
-868
-1133
-1306
-1520
-1592
-1393
-1031
-547
-3
721
1300
1822
2365
2716
2787
2816
2698
2577
2301
2131
1951
1762
1643
1519
1469
1307
1158
1036
915
546
313
109
-292
-938
-1789
-2683
-3302
-4011
-5033
-5680
-5875
-5774
-5471
-4551
-3267
-2003
-565
993
2312
3289
3898
3979
3510
3018
2582
1868
1240
984
906
880
1196
1592
1803
1702
1443
1108
259
-670
-1650
-2864
-4007
-4809
-5256
-5423
-5029
-4346
-3269
-2117
-893
379
1341
2065
2478
2680
2660
2546
2268
2074
1981
2002
2205
2578
2922
3116
3322
3349
3275
2934
2579
1881
1015
338
-248
-860
-1336
-1425
-1331
-1149
-724
-163
211
458
669
748
697
568
302
134
-15
-51
-101
-52
73
155
288
501
654
793
1002
1124
1249
1466
1632
1812
2022
2274
2297
2302
2139
1860
1481
793
305
-316
-850
-1428
-1855
-2502
-3589
-4366
-4914
-5701
-7039
-7930
-8148
-8253
-8051
-7079
-5778
-4445
-2620
-630
1151
2687
3921
4488
4244
4191
4113
3578
2943
2849
2888
2774
3073
3507
3618
3264
2824
2215
1050
-321
-1910
-3665
-5290
-6578
-7409
-7837
-7763
-7056
-5915
-4398
-2667
-868
749
1897
2854
3537
3979
4036
3977
3926
3935
4052
4464
5095
5666
6045
6362
6620
6306
5704
4808
3488
1826
338
-979
-2329
-3367
-3935
-4045
-3897
-3228
-2395
-1675
-824
-116
368
598
782
706
388
342
451
565
835
1255
1777
2256
2696
3064
3292
3136
2580
2084
1410
506
-329
-1179
-1869
-2287
-2408
-2280
-1814
-1356
-864
-194
353
862
925
860
718
330
177
-110
-190
-252
-196
142
478
745
363
-220
-1124
-1839
-2916
-4641
-6040
-6970
-7415
-7496
-6764
-5485
-3961
-2339
-374
1485
2859
3728
3695
3164
2327
1598
718
-188
-557
-536
-126
606
1656
2541
3016
3080
2799
2221
989
-496
-2296
-4125
-5475
-6475
-6988
-6942
-6311
-5276
-3979
-2376
-711
483
1335
1992
2342
2382
2254
2020
1825
1769
2019
2488
3227
4048
4750
5246
5624
5757
5323
4482
3227
1652
190
-1179
-2369
-3447
-4236
-4193
-3771
-3075
-2091
-916
88
1075
2057
2641
3042
2827
2552
2476
2183
1939
1882
2043
2166
2472
3132
3859
4447
4449
4462
4225
3581
2750
1640
520
-557
-1450
-2112
-2162
-2050
-1887
-1329
-374
399
1102
1683
1914
2107
1838
1570
1331
856
316
-73
-186
-613
-1357
-2316
-3008
-3759
-5160
-6312
-7170
-7826
-8138
-7783
-7066
-6029
-4689
-3198
-1647
-170
1033
1731
1956
1981
2134
2090
1780
1830
2059
2309
2724
3316
3765
3848
3658
3071
2283
1169
-229
-1840
-3532
-4991
-6109
-6867
-7272
-7229
-6788
-5963
-4818
-3668
-2392
-1303
-595
132
849
1227
1679
2063
2392
2942
3621
4353
5116
5687
6145
6595
6559
6307
5792
4837
3492
2064
674
-558
-1533
-2454
-2956
-2971
-2446
-1786
-977
-117
624
1004
1114
1236
902
206
-326
-697
-911
-822
-338
406
1329
2270
3338
4280
4939
5134
4903
4475
3523
2581
1408
193
-632
-1304
-1631
-1355
-1039
-547
176
698
1240
1428
1262
1159
656
-13
-534
-1001
-1505
-1791
-1877
-1916
-2222
-3040
-3611
-3910
-4724
-5977
-6933
-7461
-7621
-7526
-6826
-5520
-4095
-2560
-682
1117
2697
3943
4401
4300
4274
4163
3705
3089
2832
2783
2651
2943
3309
3556
3442
2906
2305
1452
164
-1284
-3025
-4705
-6011
-7025
-7814
-8031
-7772
-7254
-6364
-5103
-3660
-2373
-1320
-454
546
1311
1891
2312
2781
3342
3930
4625
5400
6168
6611
6991
7213
7241
6586
5671
4669
3217
1896
544
-420
-1314
-1903
-1888
-1449
-931
-602
180
513
307
94
-214
-896
-1697
-2319
-2648
-2528
-2123
-1434
-414
674
1724
2822
3784
4256
4335
4118
3562
2876
2036
1108
433
32
-249
-273
43
619
1151
1180
1412
1580
1273
676
178
-555
-1129
-1330
-1583
-1530
-1513
-1277
-951
-562
-796
-1619
-2521
-3491
-4534
-5962
-7375
-8161
-8343
-8146
-7173
-5521
-3708
-1854
114
2051
3602
4624
4897
4357
3682
3053
2376
1627
1103
1174
1387
1807
2628
3323
3391
3159
2585
1596
290
-1475
-3483
-5574
-7272
-8448
-9235
-9518
-9252
-8480
-7326
-5768
-4096
-2513
-1213
-253
629
1481
2155
2654
3162
3786
4540
5469
6628
7685
8465
9125
9300
9301
9223
8315
6982
5360
3791
2302
840
-391
-1254
-2054
-2543
-2331
-2047
-1900
-1820
-1750
-1870
-2138
-2244
-2369
-2656
-2805
-2500
-1912
-1119
-27
1103
2331
3312
4525
5570
5956
6103
5701
5061
4240
3225
2120
1001
144
-672
-1108
-1031
-917
-963
-963
-792
-721
-890
-1350
-1678
-2254
-3048
-3407
-3428
-3591
-3402
-3074
-2507
-1836
-1779
-2197
-2511
-2885
-3822
-5129
-6347
-6885
-7131
-7058
-6338
-4986
-3350
-1578
385
2316
3796
4806
5043
4589
4165
3604
2781
1963
1398
1289
1285
1536
2053
2357
2371
2114
1576
604
-587
-2140
-4031
-5859
-7372
-8599
-9431
-9648
-9386
-8568
-7346
-5833
-4070
-2382
-908
458
1708
2710
3539
4251
4818
5430
6012
6668
7448
8023
8362
8741
8402
8184
7759
6734
5363
3922
2690
1354
349
-751
-1340
-1770
-2154
-1982
-1909
-2170
-2298
-2414
-2733
-2816
-2787
-2641
-2167
-1616
-508
872
1936
3026
4177
4975
5387
5730
5811
5236
4446
3572
2628
1847
949
239
-202
-460
-589
-256
-179
36
155
-189
-301
-429
-914
-1420
-1654
-2066
-2206
-2147
-2082
-1848
-1614
-1286
-1256
-2023
-2780
-3065
-3753
-5389
-6486
-6881
-7196
-6905
-6027
-4714
-3175
-1304
509
2306
3802
4851
5222
4636
4234
3950
3158
2222
1890
1792
1618
1660
2008
2187
1819
1290
700
-343
-1716
-3185
-4885
-6723
-8126
-9074
-9816
-10189
-9934
-9237
-8325
-6969
-5405
-3952
-2727
-1506
-221
985
1940
2818
3722
4519
5321
6267
7229
7816
8110
8319
8551
8445
7851
7332
6458
5263
4281
3591
2740
1734
950
296
-251
-752
-1163
-1800
-2397
-2977
-3374
-3624
-3564
-3354
-3108
-2407
-1207
82
1343
2483
3566
4387
5052
5530
5669
5517
4949
4529
3974
3418
2881
2389
1904
1589
1325
1131
1066
756
391
-89
-634
-1335
-1919
-2520
-3205
-3562
-3860
-3879
-3736
-3471
-3011
-2667
-2224
-2331
-2920
-3486
-4074
-4844
-6114
-7168
-7533
-7236
-6756
-5599
-3805
-2067
-107
1979
3777
5061
5853
5684
4958
4206
3540
2785
1943
1542
1522
1736
2098
2665
3053
2905
2347
1559
449
-1103
-2930
-5013
-7051
-8528
-9543
-10245
-10345
-9779
-8820
-7502
-5828
-4042
-2294
-1038
-30
1087
2068
2920
3422
4001
4675
5388
6280
7232
8042
8621
8975
9312
9369
9006
8303
7119
5719
4373
3116
1703
316
-917
-1881
-2501
-3084
-3326
-3658
-4037
-4191
-4203
-3979
-3743
-3396
-3090
-2399
-1408
-273
808
1843
2886
3620
4337
4983
5394
5459
5088
4673
4297
3813
3019
2344
1699
945
308
-232
-378
-820
-1315
-1697
-1881
-1953
-2366
-2538
-2607
-2745
-2927
-2843
-2729
-2715
-2633
-2570
-2564
-3098
-3915
-4202
-4631
-5676
-6444
-6646
-6448
-5915
-4944
-3445
-1811
-148
1783
3419
4676
5468
5748
5257
4534
4260
3745
2920
2394
2550
2575
2595
2901
3055
2822
2056
1248
109
-1488
-3185
-5014
-6960
-8669
-9759
-10437
-10828
-10614
-9754
-8617
-7206
-5432
-3574
-2013
-777
514
1853
2860
3707
4637
5415
6098
6881
7826
8624
8979
9156
9283
9346
8901
8338
7393
6110
4824
3606
2528
1267
76
-996
-1752
-2243
-2644
-3015
-3361
-3629
-3600
-3538
-3474
-3218
-2895
-2724
-2056
-1197
-339
751
1785
2857
3900
4912
5754
6386
6648
6423
6133
5596
4793
3883
2882
1931
1087
257
-277
-526
-1017
-1446
-1597
-1984
-2341
-2476
-2959
-3514
-4024
-4422
-4669
-5003
-5281
-5369
-5389
-6037
-6620
-6477
-6558
-6996
-7384
-7227
-6484
-5377
-4119
-2508
-720
830
2559
4106
5135
5806
5940
5198
4418
4165
3746
3046
2548
2514
2653
2565
2672
2710
2240
1299
231
-952
-2531
-4093
-5764
-7588
-8963
-9679
-9988
-10140
-9792
-8866
-7677
-6278
-4798
-3192
-1831
-851
276
1308
2361
3201
4061
5040
5874
6951
8083
9112
9689
9981
10127
9876
9308
8573
7560
6160
4695
3573
2808
1841
978
303
-217
-592
-970
-1427
-2027
-2797
-3475
-4013
-4446
-4552
-4426
-4174
-3436
-2255
-845
687
2093
3458
4466
5257
5939
6198
6059
5567
5037
4494
3863
3218
2819
2390
1729
1332
1120
645
68
-665
-1433
-2247
-3174
-3771
-4368
-4967
-5251
-5350
-5136
-4839
-4363
-3996
-3688
-3963
-4589
-4817
-5091
-5800
-6914
-7473
-7312
-6714
-5688
-4225
-2403
-635
1240
3143
4616
5616
5967
5393
4371
3631
3045
2005
1163
939
1000
1319
1828
2331
2500
2305
1751
838
-431
-1899
-3730
-5797
-7684
-8923
-9850
-10456
-10388
-9737
-8767
-7448
-5710
-3916
-2332
-1029
157
1130
1934
2730
3360
3927
4739
5673
6746
7828
8919
9526
10125
10306
10177
9800
8836
7670
6117
4548
3130
1810
572
-632
-1470
-1903
-2127
-2277
-2592
-2641
-2820
-3049
-3303
-3397
-3374
-3355
-3111
-2403
-1339
-315
982
2340
3644
4678
5868
6816
7318
7378
7121
6858
6180
5191
4217
3330
2305
1445
793
262
-206
-701
-1136
-1488
-1964
-2571
-3035
-3578
-4245
-4808
-5213
-5631
-5993
-6164
-6356
-6334
-6834
-7265
-7244
-7079
-7312
-7670
-7427
-6603
-5458
-4379
-2805
-1021
637
2188
3816
5033
5883
6106
5616
4953
4574
4113
3259
2651
2324
2299
2235
2153
2108
1761
1001
59
-997
-2400
-3921
-5629
-7373
-8745
-9620
-10167
-10396
-10117
-9245
-8012
-6587
-4910
-3149
-1625
-319
958
2193
3244
4034
4878
5656
6483
7476
8397
9144
9786
10056
10056
9766
9243
8357
7083
5716
4238
2950
1709
840
-2
-830
-1160
-1353
-1526
-1846
-2157
-2490
-2975
-3472
-3851
-3822
-3707
-3563
-2759
-1577
-259
1117
2603
3886
4949
5742
6319
6615
6404
5987
5557
5058
4286
3644
3131
2563
2037
1571
1269
746
198
-404
-1101
-1783
-2684
-3409
-4089
-4876
-5387
-5762
-6001
-6176
-6212
-6178
-6112
-6438
-7065
-7087
-6907
-7290
-7789
-7670
-7083
-6129
-4956
-3459
-1706
4
1666
3318
4581
5531
6006
5471
4724
4361
4002
3070
2392
2165
2088
2042
2180
2387
2195
1672
921
-28
-1259
-2703
-4268
-6034
-7561
-8416
-8999
-9392
-9314
-8680
-7797
-6588
-5138
-3638
-2222
-1186
-91
1183
2196
3088
4099
5042
6017
7240
8333
9199
9828
10174
10303
9922
9341
8560
7356
6041
4650
3432
2366
1388
649
14
-553
-849
-1030
-1582
-2284
-2874
-3461
-4137
-4765
-4982
-4913
-4671
-3931
-2596
-995
495
2164
3815
5060
6030
6834
7114
6968
6623
6042
5527
4763
4094
3583
3099
2736
2434
2238
1630
1156
610
-231
-1203
-2147
-3159
-4357
-5386
-6220
-6732
-7298
-7592
-7532
-7364
-7272
-7519
-7634
-7522
-7432
-7803
-8161
-7962
-7218
-6341
-5265
-3609
-1826
-22
1800
3505
4974
5979
6342
5891
5133
4790
4238
3187
2410
2161
1950
1767
1924
1925
1600
1060
188
-988
-2309
-3783
-5525
-7352
-8761
-9469
-9905
-10049
-9442
-8377
-7158
-5613
-3965
-2357
-1055
-51
914
1718
2545
3331
3995
4853
5865
7017
8231
9307
10069
10562
10788
10581
9924
8790
7416
5805
4108
2664
1445
250
-588
-958
-1156
-1172
-914
-858
-1147
-1550
-1910
-2538
-3279
-3846
-4156
-4110
-3666
-2542
-1052
529
2167
3961
5521
6665
7444
7749
7442
6897
6175
5239
4229
3247
2574
2003
1634
1753
1838
1690
1520
1362
857
127
-883
-2141
-3380
-4659
-5727
-6636
-7290
-7634
-7718
-7573
-7179
-7280
-7484
-7383
-7168
-7538
-8207
-8080
-7698
-7220
-6224
-4572
-2792
-1049
1019
3030
4604
6019
6792
6559
5992
5602
5057
3916
2918
2504
2096
1599
1544
1677
1335
740
84
-849
-2238
-3542
-5065
-7014
-8673
-9648
-10343
-10777
-10520
-9663
-8516
-7089
-5298
-3446
-1708
-244
1039
2288
3300
4226
5055
5739
6546
7335
8224
9208
9688
10034
10348
10230
9605
8755
7593
6029
4423
2843
1504
-15
-1180
-1929
-2508
-2821
-2766
-2628
-2792
-2833
-2750
-2842
-3088
-3081
-3027
-2845
-2431
-1507
-170
1144
2444
4015
5437
6519
7469
7879
7717
7353
6764
5928
4894
3886
3003
2265
1635
1377
1306
1067
751
557
342
-160
-811
-1675
-2536
-3641
-4449
-5220
-5848
-6280
-6557
-6589
-6542
-6600
-6951
-7059
-6885
-7124
-7733
-7780
-7242
-6596
-5724
-4306
-2670
-825
948
2754
4266
5512
6394
6285
5760
5330
5031
4166
3156
2633
2226
1698
1418
1444
1101
472
-346
-1282
-2555
-3891
-5304
-6985
-8587
-9544
-10090
-10411
-10262
-9480
-8414
-7236
-5649
-3941
-2346
-1136
79
1298
2377
3372
4309
5280
6222
7199
8340
9398
9917
10292
10585
10394
9759
8860
7837
6438
4827
3489
2288
1047
-59
-682
-1172
-1600
-1686
-1853
-2249
-2610
-2826
-3139
-3554
-3745
-3656
-3363
-2908
-1876
-577
767
2075
3522
4776
5685
6557
6772
6582
6191
5615
4903
4098
3369
2844
2384
1953
1742
1805
1689
1247
753
220
-461
-1310
-2324
-3477
-4397
-5262
-5929
-6363
-6566
-6672
-6732
-6587
-6741
-7103
-7370
-7481
-7859
-8493
-8651
-8144
-7430
-6404
-4785
-2831
-867
1158
3217
4775
5891
6748
6784
6039
5470
5051
4086
2943
2443
2152
1673
1553
1622
1444
919
219
-688
-1993
-3484
-5056
-6840
-8563
-9722
-10357
-10635
-10471
-9612
-8252
-6644
-4888
-2925
-1103
331
1617
2748
3702
4431
5153
5854
6557
7327
8320
9372
10173
10560
10916
10929
10488
9758
8588
7116
5278
3600
1985
412
-876
-1861
-2611
-3071
-3037
-2899
-2868
-2951
-2959
-2951
-3210
-3273
-3207
-3120
-2901
-2217
-1064
219
1653
3168
4608
5889
7086
7786
7928
7526
6928
6185
5112
4018
3071
2177
1276
947
695
599
620
340
-12
-326
-846
-1647
-2668
-3720
-4702
-5596
-6258
-6620
-6701
-6805
-6638
-6333
-6461
-6743
-6691
-6675
-7202
-7785
-7767
-7437
-6801
-5744
-4316
-2643
-812
1205
2939
4345
5556
6124
5714
5020
4588
3888
2675
1704
1210
744
342
288
299
111
-332
-890
-1669
-2804
-4034
-5502
-7256
-8709
-9594
-10271
-10697
-10469
-9530
-8312
-6876
-4935
-2891
-1155
314
1717
3033
4033
4859
5631
6373
7021
7694
8671
9438
9825
10252
10533
10404
10017
9413
8273
6885
5457
4121
2779
1421
344
-494
-1130
-1576
-1728
-1903
-2185
-2466
-2630
-2785
-2993
-3089
-2941
-2605
-2061
-1029
192
1323
2669
4044
5128
6109
6874
7165
7000
6550
6007
5323
4330
3602
3020
2314
1729
1572
1510
1154
786
388
-250
-1048
-1911
-2902
-3876
-4944
-5631
-6264
-6614
-6611
-6592
-6421
-6110
-5794
-6155
-6465
-6576
-6733
-7487
-8129
-7975
-7369
-6688
-5452
-3648
-1838
117
2099
3784
5015
6007
6130
5466
4749
4382
3482
2274
1613
1331
954
748
869
874
532
-40
-781
-1861
-3034
-4495
-6183
-8002
-9209
-9819
-10407
-10495
-9809
-8627
-7359
-5701
-3742
-1892
-305
1083
2354
3507
4501
5313
6020
6698
7383
8268
9102
9728
10106
10266
10320
9890
9171
8180
6780
5261
3687
2345
1032
-191
-984
-1724
-2188
-2296
-2355
-2593
-2857
-2954
-3081
-3376
-3521
-3313
-3173
-2813
-1974
-669
769
2133
3623
5051
6189
7087
7694
7670
7154
6542
5784
4789
3831
3095
2242
1541
1247
1054
966
765
370
-15
-539
-1282
-2167
-3083
-4002
-4938
-5780
-6228
-6349
-6391
-6257
-6018
-5447
-5180
-5547
-5913
-5928
-6135
-6944
-7602
-7477
-6921
-6257
-5195
-3597
-1660
152
1991
3673
4989
5788
5826
5351
4629
3974
3239
2096
1289
1081
797
689
906
864
546
141
-714
-1792
-3046
-4532
-6253
-8010
-9184
-9871
-10379
-10363
-9623
-8485
-7082
-5423
-3395
-1479
70
1517
2780
3837
4819
5554
6225
6885
7645
8592
9342
10084
10585
10800
10697
10244
9637
8473
6931
5299
3700
2095
767
-452
-1424
-2111
-2419
-2496
-2593
-2654
-2693
-2873
-3256
-3534
-3555
-3525
-3547
-3150
-2248
-975
341
1788
3316
4793
6065
6983
7687
7820
7508
6813
5925
4960
3955
2928
1806
1198
704
236
-36
-167
-380
-801
-1350
-1941
-2631
-3462
-4326
-5113
-5822
-6170
-6398
-6474
-6333
-5987
-5502
-5153
-5254
-5651
-5591
-5570
-6225
-6981
-6930
-6401
-5979
-5062
-3370
-1573
30
1926
3830
4988
5632
5976
5655
4754
4114
3461
2360
1456
1186
972
629
675
812
434
-186
-769
-1743
-3083
-4606
-6171
-7709
-9069
-9795
-10119
-10157
-9527
-8339
-6947
-5270
-3334
-1468
184
1631
2890
4190
5346
6138
6874
7716
8429
9096
9840
10479
10766
10675
10345
9911
9200
7972
6437
4795
3079
1576
249
-1156
-2281
-3004
-3434
-3715
-3783
-3710
-3696
-3786
-3911
-3759
-3545
-3303
-2975
-2341
-1260
-84
1256
2757
4113
5362
6409
7147
7628
7801
7549
6790
5908
5116
4094
2778
1716
1024
175
-598
-959
-1148
-1611
-2079
-2382
-2827
-3318
-3702
-4203
-4797
-5345
-5553
-5684
-5901
-5760
-5448
-5203
-4849
-4538
-4601
-5014
-5028
-5021
-5472
-6017
-5838
-5205
-4617
-3645
-2133
-605
771
2380
3729
4529
5018
5222
4522
3611
3148
2487
1519
907
804
597
520
579
412
-34
-755
-1552
-2825
-4187
-5461
-6851
-8314
-9217
-9440
-9531
-9224
-8309
-6945
-5391
-3647
-1784
-128
1437
2862
4117
5254
6189
7154
7935
8560
9211
9879
10399
10592
10530
10215
9635
8768
7621
6189
4611
2978
1484
45
-1161
-2154
-2920
-3446
-3824
-3936
-3734
-3615
-3686
-3557
-3235
-2890
-2728
-2182
-1412
-604
349
1605
3016
4250
5354
6305
6973
7360
7528
7286
6668
5885
5079
4018
2776
1669
694
-413
-1310
-1946
-2387
-2821
-3295
-3498
-3708
-3969
-4216
-4255
-4392
-4619
-4782
-4818
-4648
-4564
-4378
-4151
-3953
-3649
-3319
-3714
-4299
-4132
-4085
-4623
-5278
-5064
-4443
-4075
-3458
-2117
-820
159
1300
2450
3120
3527
3743
3232
2459
2060
1813
1219
647
652
791
565
412
314
3
-865
-1937
-2898
-4163
-5402
-6697
-7767
-8568
-8925
-8895
-8559
-7726
-6420
-4858
-3339
-1650
157
1752
3164
4378
5455
6561
7296
7963
8704
9357
9726
9957
10149
10078
9700
9072
8233
7014
5689
4283
2750
1141
-212
-1280
-2394
-3166
-3523
-3676
-3797
-3755
-3440
-3214
-3050
-2682
-2291
-1976
-1344
-575
261
1228
2351
3530
4430
5386
6288
6919
7238
7224
7128
6662
5707
4724
3702
2398
1110
-116
-1137
-1879
-2632
-3038
-3356
-3595
-3630
-3700
-3801
-3881
-3886
-4133
-4327
-4349
-4413
-4611
-4791
-4816
-4630
-4437
-4227
-4126
-4448
-4592
-4261
-4048
-4461
-4689
-4326
-3809
-3404
-2513
-1334
-422
439
1574
2603
3140
3574
3867
3329
2749
2772
2541
1877
1336
1288
977
479
332
7
-783
-1709
-2521
-3556
-4615
-5410
-6356
-7310
-7891
-7815
-7503
-7173
-6218
-4925
-3579
-2141
-506
1319
2828
4104
5392
6598
7495
8176
8802
9281
9507
9530
9518
9235
8754
8243
7502
6390
5189
4148
2931
1513
222
-790
-1898
-3002
-3585
-4035
-4647
-5059
-5037
-4791
-4587
-4175
-3314
-2577
-1709
-591
704
1854
2859
3937
4773
5509
6130
6601
6642
6569
6542
6116
5508
4899
4149
3197
1980
902
-41
-1187
-2185
-3191
-4103
-4598
-4984
-5384
-5502
-5505
-5372
-5282
-5228
-4892
-4715
-4730
-4705
-4535
-4448
-4345
-4213
-3936
-4063
-4443
-4149
-3606
-3535
-3742
-3461
-2845
-2241
-1527
-666
110
768
1536
2322
2807
3206
3343
2986
2455
2387
2439
1978
1584
1351
1218
971
713
336
-361
-1194
-1967
-2915
-3936
-4686
-5487
-6349
-7047
-7071
-6700
-6369
-5796
-4630
-3351
-1982
-581
925
2460
3679
4844
5983
6976
7761
8371
8794
9028
9223
9267
9041
8632
8105
7470
6494
5368
4461
3388
2066
932
-167
-1228
-2174
-2802
-3221
-3710
-3911
-3789
-3654
-3323
-2860
-2276
-1786
-1172
-320
621
1469
2321
3208
3842
4578
5127
5586
5859
5876
5755
5397
5004
4418
3647
2555
1467
385
-723
-1774
-2729
-3567
-4333
-4815
-5081
-5216
-5218
-5251
-5283
-5039
-4936
-4927
-4894
-4805
-4891
-4991
-4793
-4586
-4395
-4056
-3683
-3851
-3948
-3274
-2746
-3209
-3648
-3167
-2656
-2580
-2014
-1082
-418
179
1120
2084
2598
3041
3192
2880
2412
2444
2264
1507
1024
858
711
230
88
-134
-761
-1382
-2006
-2736
-3477
-4234
-5141
-5911
-6448
-6564
-6396
-6148
-5459
-4391
-3038
-1708
-121
1621
3163
4483
5706
6861
7707
8274
8624
8898
8979
8830
8771
8516
8132
7663
7071
6423
5522
4651
3569
2393
1224
94
-916
-1929
-2753
-3224
-3548
-3858
-3695
-3295
-2865
-2312
-1635
-975
-281
410
1183
1784
2325
3010
3683
4125
4619
5242
5564
5655
5653
5643
5195
4458
3543
2577
1286
22
-1153
-2338
-3304
-4161
-4632
-4964
-5137
-5028
-4911
-4943
-4835
-4620
-4647
-4993
-5042
-5085
-5159
-5161
-4980
-4531
-4055
-3476
-2814
-2534
-2510
-2030
-1756
-2199
-2833
-2847
-2805
-3057
-2786
-2037
-1354
-655
408
1522
2216
2779
3265
3061
2444
2080
1774
926
140
-146
-442
-808
-897
-750
-905
-1188
-1369
-1836
-2469
-3100
-3778
-4801
-5645
-5965
-6164
-6174
-5670
-4586
-3369
-1894
-76
1697
3382
4917
6133
7035
7706
8128
8282
8139
7988
7717
7454
7271
7069
6827
6586
6266
5708
4934
4114
3175
1971
671
-458
-1566
-2419
-3004
-3414
-3526
-3268
-2703
-2131
-1413
-542
211
789
1344
1731
2134
2417
2653
2849
3054
3499
3838
4001
4109
4398
4381
4033
3502
2827
1878
575
-677
-1864
-2976
-4078
-4740
-5201
-5517
-5484
-5320
-5119
-4806
-4425
-4275
-4301
-4318
-4253
-4334
-4487
-4422
-4183
-3885
-3376
-2761
-2268
-2120
-2078
-1713
-1505
-2017
-2674
-2850
-2791
-2952
-2748
-2011
-1349
-736
301
1354
2123
2801
3237
3124
2549
2387
2149
1298
600
419
185
-105
-132
43
-31
-328
-593
-1076
-1714
-2299
-3151
-4199
-4912
-5232
-5319
-5392
-4819
-3756
-2670
-1309
340
2012
3518
4761
5663
6489
7134
7398
7438
7342
7232
7054
6834
6718
6554
6327
6004
5637
5185
4583
3854
2859
1656
494
-505
-1559
-2470
-3015
-3338
-3428
-3287
-2728
-2226
-1688
-1029
-405
137
461
918
1198
1437
1727
1945
2195
2602
2882
3172
3390
3667
3685
3308
2996
2369
1516
498
-595
-1687
-2787
-3710
-4347
-4825
-5096
-5100
-4944
-4893
-4618
-4281
-4265
-4189
-4224
-4204
-4295
-4294
-4111
-3995
-3637
-3061
-2414
-2006
-1885
-1607
-1254
-1161
-1633
-2170
-2130
-2196
-2213
-1896
-1317
-649
78
938
1910
2636
3158
3471
3165
2940
2708
2322
1591
927
738
426
73
90
43
-327
-608
-946
-1429
-2088
-2624
-3440
-4421
-4919
-5097
-5159
-5047
-4475
-3530
-2447
-1267
226
1730
2883
4077
5031
5766
6270
6640
6804
6742
6797
6789
6708
6543
6439
6226
5821
5373
4934
4251
3365
2491
1533
536
-405
-1255
-1919
-2354
-2599
-2659
-2398
-2103
-1758
-1320
-764
-286
68
421
915
1302
1613
1972
2201
2452
2742
3013
3171
3294
3401
3280
2850
2457
1940
1179
126
-831
-1752
-2699
-3497
-4201
-4690
-5104
-5195
-5239
-5198
-5048
-4759
-4495
-4529
-4331
-4018
-3776
-3653
-3474
-3173
-2825
-2309
-1815
-1400
-1376
-1563
-1424
-1252
-1579
-2276
-2595
-2644
-2620
-2522
-2027
-1376
-729
85
980
1712
2202
2642
2530
2004
1697
1599
1168
514
393
497
459
571
690
666
516
272
-185
-799
-1364
-2039
-3017
-3750
-3964
-3978
-4029
-3634
-2751
-1769
-662
580
1857
2985
3916
4594
5056
5470
5875
5830
5755
5836
5902
5886
5934
6031
5906
5651
5383
4960
4261
3587
2827
1856
840
39
-506
-1245
-1630
-1696
-1808
-1756
-1457
-1191
-929
-780
-570
-410
-301
14
222
457
662
886
1232
1573
1843
2054
2200
2197
2126
1856
1438
976
269
-610
-1372
-2204
-2958
-3569
-4156
-4616
-4924
-5135
-5151
-5084
-5009
-4901
-4807
-4551
-4242
-3918
-3544
-3185
-2711
-2247
-1869
-1369
-941
-643
-488
-773
-1047
-1041
-1121
-1829
-2548
-2725
-2671
-2610
-2322
-1604
-846
-142
795
1811
2330
2790
3082
2701
2199
1975
1805
1329
888
1019
1058
1074
1240
1390
1428
1148
868
352
-348
-981
-1869
-2824
-3387
-3668
-3981
-3945
-3456
-2722
-1846
-778
438
1669
2676
3451
4123
4703
5156
5355
5381
5418
5459
5350
5387
5491
5514
5326
5193
5033
4672
4224
3573
2850
1920
1118
558
-230
-764
-1113
-1422
-1594
-1564
-1303
-1285
-1242
-1052
-853
-793
-628
-498
-397
-280
-116
307
663
1018
1367
1612
1827
2027
2058
1905
1542
984
288
-443
-1314
-2090
-2830
-3716
-4406
-4729
-4928
-5246
-5366
-5217
-5011
-4847
-4550
-4054
-3703
-3349
-2932
-2617
-2239
-1910
-1445
-1086
-843
-439
-111
-211
-593
-690
-681
-1328
-2376
-2739
-2881
-3187
-3209
-2813
-2148
-1560
-711
194
928
1597
2142
2076
1586
1471
1490
1198
643
649
811
776
896
1286
1572
1558
1558
1581
1226
755
295
-417
-1274
-1866
-2158
-2377
-2387
-2060
-1427
-620
343
1427
2541
3475
4191
4752
5304
5602
5608
5638
5516
5192
5084
5114
4967
4626
4500
4583
4439
4207
4015
3590
3023
2379
1767
1121
369
-343
-949
-1418
-1796
-1840
-1924
-2020
-1861
-1673
-1574
-1389
-1196
-963
-975
-846
-563
-569
-557
-365
-287
-251
43
236
281
306
221
-51
-468
-1030
-1721
-2490
-3451
-4208
-4768
-5288
-5678
-5805
-5754
-5488
-5027
-4417
-3731
-2951
-2336
-1644
-1040
-627
-199
-76
120
207
388
689
739
674
293
-138
-244
-565
-1307
-2021
-2419
-2693
-2840
-2840
-2474
-2050
-1498
-768
-68
707
1277
1603
1624
1497
1521
1489
1163
884
827
905
997
1151
1507
1772
1920
1883
1800
1714
1449
867
96
-619
-1171
-1578
-2019
-2132
-1957
-1460
-860
-144
740
1713
2417
2884
3442
3904
4164
4188
4166
4100
4046
4006
3955
4009
3995
4008
4100
4054
4073
4042
3877
3365
2899
2489
1736
848
34
-515
-1158
-1745
-2080
-2194
-2189
-2051
-1796
-1568
-1298
-954
-774
-732
-508
-470
-506
-564
-609
-471
-587
-461
-387
-388
-379
-445
-574
-842
-1239
-1823
-2354
-3029
-3710
-4146
-4544
-4764
-4809
-4618
-4178
-3567
-2944
-2335
-1740
-1226
-760
-386
-129
9
2
24
-27
-67
79
230
247
86
-198
-576
-826
-1180
-1918
-2857
-3440
-3678
-3948
-3912
-3399
-2826
-2085
-1070
4
924
1676
2127
2249
1947
1788
1753
1296
963
895
1037
1319
1772
2483
3141
3520
3805
3880
3771
3357
2594
1605
490
-271
-971
-1621
-1971
-2004
-1662
-1082
-218
749
1643
2600
3282
3889
4360
4500
4262
3861
3528
3138
2913
2751
2733
2740
2982
3371
3769
4213
4317
4033
3542
2877
1980
856
-341
-1493
-2590
-3404
-3698
-3781
-3683
-3315
-2780
-2192
-1560
-1014
-691
-768
-1112
-1362
-1837
-2365
-2803
-3155
-3342
-3333
-3059
-2602
-2099
-1700
-1299
-1151
-1213
-1123
-1350
-1970
-2600
-3272
-3717
-3913
-3989
-3807
-3430
-2882
-2098
-1273
-435
299
779
1088
1222
1256
1063
832
399
190
89
29
361
736
1153
1572
1822
1840
1777
1445
809
-187
-1094
-2038
-2790
-3098
-3292
-3079
-2545
-1644
-608
486
1535
2278
2577
2513
2453
2007
1318
789
302
29
-23
344
925
1659
2420
3134
3826
4200
4269
3863
3119
2050
871
-355
-1506
-2355
-2906
-2976
-2495
-1629
-650
581
1731
2615
3429
3815
3825
3436
2910
2254
1432
902
661
556
692
1212
1896
2551
3183
3637
3882
3699
3197
2416
1395
321
-910
-1849
-2571
-3010
-2954
-2687
-2238
-1646
-1006
-433
-102
-63
-222
-753
-1594
-2417
-3316
-4080
-4630
-5050
-4969
-4552
-3961
-3173
-2228
-1353
-677
-129
88
164
-111
-496
-1003
-1535
-1873
-2108
-2040
-1825
-1330
-671
11
663
1269
1715
1854
1672
1376
902
212
-431
-1041
-1505
-1734
-1638
-1360
-915
-379
302
823
1091
1209
1157
832
224
-471
-1111
-1693
-2086
-2244
-2226
-1890
-1215
-491
281
1147
1782
2141
2307
2258
2038
1628
1112
703
376
224
240
495
848
1394
1960
2429
2783
2940
2947
2612
2130
1618
1072
475
-1
-270
-298
-42
244
841
1442
1950
2425
2665
2825
2804
2517
2115
1619
1104
735
395
168
93
147
374
504
714
996
1090
1155
895
643
217
-322
-890
-1485
-1955
-2300
-2540
-2627
-2497
-2228
-2048
-1980
-1858
-1711
-1770
-1942
-2217
-2426
-2708
-3059
-3278
-3423
-3443
-3434
-3117
-2675
-2133
-1599
-1113
-706
-407
-85
119
33
-84
-100
-212
-278
-280
-191
-114
8
266
561
778
925
909
792
539
53
-446
-986
-1463
-1727
-1962
-1968
-1515
-969
-401
363
1199
1956
2513
2952
3087
3040
2855
2563
2206
1817
1596
1398
1325
1404
1666
1922
1978
2087
2137
1918
1549
996
369
-407
-1242
-1839
-2404
-2821
-2833
-2662
-2286
-1623
-641
287
1077
1969
2665
3070
3323
3366
3178
2859
2433
2064
1769
1444
1311
1350
1449
1420
1464
1467
1402
1203
883
484
-21
-513
-1068
-1489
-1891
-2227
-2355
-2448
-2258
-1992
-1776
-1567
-1197
-1006
-992
-944
-1050
-1235
-1574
-1927
-2168
-2433
-2615
-2690
-2680
-2418
-2127
-1830
-1458
-1049
-785
-745
-573
-491
-633
-737
-909
-1005
-1062
-1063
-974
-903
-754
-401
-156
68
396
601
772
734
878
1014
884
869
915
907
875
927
1010
1191
1243
1428
1658
1719
1877
2040
2013
1845
1716
1490
1154
812
528
151
-171
-416
-634
-795
-885
-947
-910
-873
-922
-815
-835
-831
-883
-895
-889
-841
-885
-769
-549
-470
-220
52
376
618
949
1403
1763
2020
2343
2696
2844
3008
3003
2879
2911
2789
2613
2314
1974
1730
1486
1119
680
471
76
-393
-773
-1087
-1263
-1462
-1593
-1563
-1343
-1031
-696
-440
-176
156
317
411
432
393
262
-26
-327
-592
-836
-1029
-1158
-1403
-1545
-1703
-1913
-2142
-2446
-2868
-3165
-3557
-3924
-4045
-4248
-4354
-4290
-4014
-3683
-3289
-2681
-2019
-1492
-781
-181
248
578
748
882
843
891
902
951
1038
1213
1449
1795
2115
2361
2508
2560
2526
2326
2015
1662
1294
830
609
467
444
478
627
922
1160
1576
1857
2139
2268
2366
2426
2241
2162
1949
1733
1444
1261
1224
1088
1013
1004
995
867
781
752
525
209
-116
-488
-949
-1376
-1694
-1970
-2118
-2122
-1942
-1696
-1365
-1022
-592
-241
65
290
405
396
307
176
-78
-200
-300
-457
-538
-617
-624
-511
-451
-340
-294
-245
-283
-372
-485
-620
-711
-765
-854
-876
-751
-705
-581
-461
-302
-187
-176
-191
-357
-519
-762
-1054
-1336
-1676
-1861
-2085
-2234
-2223
-2266
-2273
-2137
-2031
-1969
-1772
-1518
-1261
-1044
-775
-514
-235
160
527
856
1148
1481
1856
2059
2143
2161
2262
2117
1959
1961
1907
1800
1770
1749
1673
1697
1685
1684
1498
1477
1503
1374
1285
1265
1158
1036
1002
923
982
932
888
930
849
863
796
747
628
492
364
106
-207
-441
-736
-1141
-1415
-1748
-1946
-2156
-2225
-2243
-2198
-2077
-1974
-1754
-1578
-1377
-1146
-893
-654
-453
-139
175
462
766
1234
1556
1686
2047
2241
2378
2384
2296
2211
1964
1680
1434
1044
683
452
141
-133
-251
-317
-331
-385
-382
-368
-448
-566
-853
-1012
-1211
-1365
-1465
-1520
-1519
-1430
-1229
-1049
-803
-639
-502
-466
-532
-647
-749
-1150
-1531
-1849
-2209
-2467
-2648
-2669
-2771
-2686
-2479
-2231
-2079
-1923
-1654
-1515
-1362
-1160
-996
-830
-694
-551
-365
-164
110
342
541
801
1131
1395
1638
1886
2066
2139
2157
2250
2286
2261
2254
2324
2328
2467
2641
2769
2927
3064
3069
3093
3102
3036
2828
2557
2317
2013
1759
1385
1124
837
575
339
154
11
-217
-384
-545
-733
-841
-997
-1077
-1112
-1121
-1106
-1055
-944
-789
-633
-531
-411
-252
-114
-135
42
53
37
46
-1
-26
-52
-148
-324
-377
-554
-725
-930
-1260
-1490
-1762
-2010
-2206
-2358
-2471
-2543
-2539
-2379
-2138
-2015
-1811
-1496
-1235
-981
-803
-682
-543
-502
-476
-556
-574
-510
-553
-396
-323
-298
-122
-6
30
-2
-32
-157
-363
-596
-731
-941
-1142
-1255
-1179
-1045
-838
-458
-143
231
646
997
1339
1606
1782
1918
1920
1899
1864
1869
1810
1784
1843
1853
1884
1870
1911
1795
1606
1516
1334
1104
983
772
684
660
643
680
842
989
1196
1377
1596
1861
1990
2034
2037
1973
1816
1615
1302
1080
735
376
27
-363
-588
-920
-1168
-1377
-1582
-1793
-1956
-2128
-2323
-2396
-2508
-2580
-2623
-2480
-2366
-2217
-2025
-1777
-1530
-1256
-920
-615
-293
-40
227
375
521
615
574
604
508
379
351
284
170
113
-5
-94
-162
-254
-312
-363
-470
-472
-445
-442
-444
-404
-380
-383
-283
-246
-170
-153
-49
-15
-64
-87
-56
-195
-269
-343
-542
-631
-759
-916
-1079
-1169
-1248
-1339
-1389
-1430
-1435
-1501
-1511
-1414
-1280
-1119
-878
-569
-235
52
470
757
932
1199
1262
1360
1361
1405
1315
1122
1050
953
808
674
703
687
661
693
786
888
928
1036
1043
1117
1208
1367
1532
1564
1825
2061
2165
2364
2541
2713
2865
2922
2882
2880
2761
2548
2411
2150
1833
1490
1192
841
547
283
49
-250
-558
-807
-931
-1114
-1340
-1351
-1391
-1454
-1446
-1368
-1316
-1211
-1192
-1124
-1082
-1099
-1029
-1057
-1048
-1008
-894
-855
-904
-943
-886
-965
-996
-1011
-1166
-1191
-1376
-1458
-1561
-1715
-1803
-1918
-2061
-2155
-2141
-2071
-2054
-1938
-1842
-1746
-1645
-1645
-1607
-1621
-1653
-1614
-1576
-1609
-1462
-1348
-1184
-1010
-749
-497
-293
46
206
408
505
534
564
425
295
161
161
189
297
539
818
1199
1536
1804
2072
2294
2315
2275
2170
1900
1636
1290
964
695
426
257
257
348
517
723
1029
1297
1482
1648
1789
1752
1683
1683
1515
1459
1377
1350
1425
1614
1850
1982
2214
2306
2340
2313
2143
1868
1558
1209
889
549
324
169
-72
-172
-293
-414
-497
-558
-697
-922
-1135
-1417
-1671
-1875
-2076
-2176
-2268
-2230
-1995
-1808
-1542
-1233
-943
-708
-501
-417
-467
-594
-869
-1068
-1247
-1492
-1578
-1602
-1496
-1260
-1060
-686
-407
-167
-52
5
-27
-194
-322
-571
-759
-882
-962
-997
-905
-791
-613
-408
-128
83
241
255
207
44
-155
-275
-520
-630
-757
-806
-708
-679
-616
-462
-355
-216
-142
-86
-80
-99
-142
-253
-289
-339
-259
-195
-103
44
319
501
660
785
832
793
663
552
398
141
-152
-310
-451
-404
-238
-29
238
493
846
1078
1327
1609
1680
1872
1890
1923
2004
1975
2072
2012
2046
2099
2096
2094
2055
1955
1815
1701
1526
1350
1252
1123
997
880
825
811
730
637
496
428
359
270
71
-132
-284
-482
-618
-748
-811
-851
-849
-878
-871
-841
-742
-767
-860
-903
-1070
-1202
-1428
-1664
-1843
-2080
-2212
-2261
-2277
-2143
-1976
-1864
-1660
-1528
-1467
-1369
-1340
-1266
-1325
-1380
-1398
-1498
-1553
-1569
-1522
-1494
-1380
-1267
-1129
-955
-847
-773
-677
-678
-639
-622
-593
-536
-410
-334
-353
-208
-121
-30
105
292
452
686
918
1186
1398
1591
1783
1905
2018
2078
2125
2026
1931
1770
1651
1518
1385
1281
1236
1204
1135
1199
1121
1143
1136
1096
1111
1114
1122
1117
1080
1116
1193
1283
1395
1487
1683
1836
1964
2102
2160
2169
2066
1863
1698
1321
957
652
258
-73
-270
-419
-563
-562
-587
-605
-690
-798
-925
-1151
-1397
-1692
-1888
-2167
-2315
-2398
-2504
-2494
-2451
-2218
-1999
-1784
-1542
-1294
-1156
-1124
-1000
-1096
-1184
-1177
-1225
-1224
-1251
-1154
-991
-898
-783
-658
-545
-487
-429
-437
-469
-568
-698
-872
-1024
-1090
-1108
-1125
-1110
-988
-841
-657
-528
-378
-143
-54
-25
35
70
134
158
148
204
236
291
377
493
585
704
869
1044
1077
1136
1139
979
947
876
863
803
826
924
943
1143
1153
1101
1026
978
858
658
466
283
186
-17
-63
-73
-83
-51
28
138
212
395
580
665
775
872
960
1033
1125
1240
1368
1485
1606
1743
1837
1932
2004
1970
1924
1835
1750
1528
1309
1108
773
499
302
105
-36
-188
-235
-286
-428
-517
-610
-727
-837
-962
-1200
-1315
-1384
-1486
-1458
-1446
-1369
-1261
-1110
-973
-902
-790
-733
-730
-836
-879
-909
-967
-1040
-1074
-1087
-1194
-1105
-1080
-1122
-1080
-1124
-1120
-1231
-1286
-1371
-1510
-1581
-1706
-1728
-1731
-1793
-1754
-1697
-1688
-1534
-1423
-1279
-1153
-1064
-868
-680
-578
-470
-287
-90
110
329
603
777
952
1097
1156
1154
1273
1346
1273
1386
1387
1443
1494
1444
1460
1490
1430
1356
1197
1012
979
865
723
625
577
601
596
616
688
833
962
1127
1202
1320
1476
1513
1595
1643
1601
1612
1627
1569
1574
1587
1559
1521
1528
1434
1321
1237
1077
1039
888
642
501
310
78
-93
-289
-438
-577
-722
-829
-998
-981
-1043
-1152
-1249
-1322
-1376
-1477
-1528
-1581
-1639
-1613
-1614
-1648
-1586
-1523
-1464
-1462
-1484
-1494
-1461
-1513
-1436
-1430
-1374
-1253
-1105
-919
-805
-656
-551
-473
-431
-431
-425
-466
-491
-553
-643
-751
-772
-856
-902
-867
-938
-930
-885
-883
-791
-754
-762
-645
-594
-479
-321
-222
-44
141
367
552
764
915
1024
1229
1332
1389
1502
1581
1623
1686
1694
1701
1824
1829
1866
1895
1793
1816
1654
1452
1312
1141
932
674
499
349
216
113
104
11
-42
-96
-192
-157
-154
-195
-162
-185
-160
-127
-140
-66
23
91
222
362
521
627
796
893
865
937
872
843
736
686
631
563
540
472
461
425
398
305
256
74
-78
-204
-408
-541
-768
-922
-1094
-1214
-1329
-1377
-1343
-1325
-1264
-1199
-1114
-1077
-1077
-1029
-965
-1016
-1017
-955
-1010
-969
-834
-816
-729
-628
-502
-432
-387
-433
-490
-612
-785
-872
-996
-1099
-1167
-1253
-1379
-1452
-1460
-1476
-1490
-1446
-1428
-1370
-1283
-1187
-998
-829
-653
-363
-122
143
417
627
861
1048
1265
1445
1596
1749
1875
1924
1996
2035
2008
2092
2069
2081
2156
2095
2129
2054
1919
1783
1617
1375
1179
937
691
585
491
476
417
485
597
708
795
810
807
834
749
680
574
459
379
256
174
93
77
65
172
253
288
344
333
260
127
-43
-261
-417
-600
-722
-864
-940
-1003
-1005
-882
-804
-685
-549
-475
-480
-528
-605
-756
-934
-1107
-1325
-1401
-1479
-1576
-1573
-1561
-1521
-1501
-1452
-1328
-1239
-1279
-1281
-1248
-1373
-1360
-1410
-1450
-1311
-1235
-1097
-933
-710
-498
-338
-200
-130
-119
-144
-172
-308
-454
-562
-691
-812
-838
-816
-763
-691
-573
-413
-281
-168
-23
29
128
235
321
494
618
806
988
1160
1375
1614
1844
2050
2239
2467
2640
2715
2796
2826
2771
2764
2651
2550
2483
2453
2407
2304
2215
2054
1904
1694
1478
1202
993
669
356
144
-103
-231
-432
-569
-586
-663
-707
-690
-670
-688
-685
-729
-744
-772
-764
-727
-770
-692
-605
-561
-488
-390
-302
-250
-256
-256
-298
-399
-484
-643
-820
-923
-1103
-1280
-1344
-1351
-1423
-1380
-1369
-1315
-1273
-1199
-1113
-1010
-960
-935
-854
-885
-848
-821
-802
-738
-645
-543
-447
-395
-337
-296
-303
-320
-358
-418
-457
-511
-598
-615
-645
-711
-747
-801
-810
-756
-767
-794
-781
-807
-820
-855
-908
-936
-999
-1022
-986
-904
-865
-742
-654
-499
-263
-89
181
373
617
840
999
1227
1428
1522
1583
1703
1778
1893
2001
2034
2144
2272
2383
2436
2488
2516
2499
2485
2469
2402
2355
2332
2237
2144
2054
1879
1769
1584
1414
1287
1151
1070
977
886
729
610
432
291
133
-54
-183
-288
-370
-367
-383
-376
-284
-205
-105
-16
68
113
136
81
23
-63
-235
-339
-537
-695
-846
-939
-1027
-1211
-1281
-1388
-1564
-1762
-1869
-2030
-2225
-2322
-2355
-2408
-2442
-2350
-2269
-2191
-1983
-1849
-1721
-1592
-1479
-1416
-1381
-1259
-1218
-1110
-1018
-984
-876
-779
-785
-724
-678
-633
-629
-586
-604
-686
-687
-801
-905
-988
-1072
-1115
-1189
-1155
-1066
-1005
-968
-854
-689
-542
-388
-256
-103
16
186
324
506
717
918
1163
1408
1648
1868
2109
2352
2463
2630
2786
2765
2812
2793
2782
2701
2601
2589
2533
2480
2460
2420
2428
2369
2294
2260
2117
1969
1779
1589
1386
1130
953
722
565
458
427
344
216
216
119
27
-64
-188
-335
-388
-470
-498
-582
-615
-566
-664
-598
-552
-582
-604
-540
-571
-564
-634
-727
-719
-830
-974
-1051
-1081
-1171
-1276
-1362
-1438
-1514
-1474
-1493
-1477
-1422
-1415
-1405
-1369
-1321
-1319
-1290
-1258
-1179
-1139
-1077
-1023
-981
-920
-842
-822
-738
-691
-643
-607
-557
-548
-547
-515
-561
-561
-609
-660
-638
-656
-719
-708
-671
-726
-747
-677
-653
-649
-647
-599
-610
-584
-502
-436
-338
-273
-199
-77
-43
76
211
319
457
563
700
848
924
1070
1153
1253
1390
1505
1632
1724
1854
1994
2063
2207
2351
2436
2562
2729
2841
2866
2896
2748
2676
2525
2354
2199
1991
1751
1514
1406
1194
1015
892
736
528
350
204
-16
-203
-334
-499
-670
-800
-852
-927
-910
-864
-853
-730
-676
-636
-580
-572
-586
-574
-694
-801
-895
-1016
-1161
-1213
-1285
-1461
-1536
-1635
-1771
-1862
-1975
-2092
-2148
-2212
-2302
-2345
-2333
-2276
-2219
-2110
-1997
-1838
-1618
-1466
-1212
-1054
-928
-733
-588
-481
-363
-248
-125
16
77
176
202
225
201
184
140
39
-58
-192
-216
-280
-323
-287
-331
-343
-262
-263
-210
-100
-37
135
241
305
479
548
702
835
944
1060
1181
1363
1471
1571
1717
1762
1828
1879
1872
1908
1868
1870
1832
1818
1792
1854
1826
1808
1883
1838
1885
1937
1957
2017
2023
1986
1939
1909
1859
1717
1581
1427
1321
1140
980
799
628
474
271
103
-140
-298
-510
-689
-889
-1057
-1131
-1210
-1289
-1318
-1319
-1301
-1232
-1205
-1171
-1140
-1128
-1058
-1021
-1023
-983
-1030
-1053
-1022
-1136
-1135
-1294
-1481
-1577
-1696
-1770
-1916
-2014
-2096
-2161
-2129
-2109
-2167
-2115
-2060
-1984
-1883
-1771
-1632
-1529
-1415
-1257
-1126
-948
-764
-651
-461
-312
-116
41
100
254
246
255
238
120
112
11
-108
-237
-320
-397
-432
-469
-521
-473
-442
-382
-353
-336
-231
-162
-100
16
116
257
451
613
802
966
1158
1339
1491
1604
1700
1770
1826
1894
1923
1987
1959
1966
2008
1995
2053
2085
2140
2219
2262
2382
2405
2425
2373
2264
2189
2026
1953
1849
1774
1685
1558
1494
1379
1200
1063
896
661
539
335
182
39
-95
-243
-298
-361
-417
-383
-425
-399
-370
-346
-363
-418
-458
-545
-562
-644
-705
-789
-879
-974
-1109
-1160
-1278
-1449
-1549
-1704
-1847
-2045
-2198
-2390
-2584
-2704
-2861
-2958
-3012
-3009
-2964
-2871
-2711
-2598
-2531
-2372
-2161
-2007
-1830
-1570
-1316
-1077
-843
-617
-438
-244
-62
37
87
125
132
75
33
-73
-177
-268
-335
-401
-412
-428
-449
-377
-354
-321
-231
-172
-69
103
203
421
561
710
929
1078
1230
1386
1554
1644
1827
1984
2123
2210
2330
2456
2524
2588
2580
2567
2539
2494
2466
2429
2396
2350
2299
2304
2279
2231
2197
2122
2053
1985
1818
1681
1487
1296
1121
940
739
570
388
171
23
-188
-407
-553
-741
-877
-1005
-1145
-1232
-1320
-1412
-1432
-1405
-1373
-1265
-1152
-1058
-951
-873
-808
-768
-792
-790
-826
-928
-922
-977
-1040
-1040
-1180
-1205
-1236
-1341
-1426
-1541
-1687
-1800
-1917
-1987
-2067
-2135
-2159
-2105
-2010
-1892
-1695
-1520
-1260
-1040
-813
-561
-394
-202
-25
62
214
322
431
514
573
631
646
633
556
495
370
224
33
-160
-332
-485
-611
-666
-741
-791
-814
-782
-704
-688
-631
-461
-374
-213
-40
35
172
332
500
642
840
1011
1094
1284
1393
1467
1589
1614
1567
1609
1635
1608
1585
1567
1565
1577
1617
1607
1619
1709
1723
1743
1790
1830
1849
1838
1836
1747
1686
1636
1536
1475
1334
1237
1152
1037
912
796
646
494
344
218
72
-102
-197
-280
-366
-446
-503
-558
-552
-581
-627
-609
-616
-691
-703
-746
-797
-870
-960
-962
-1023
-1061
-1140
-1257
-1357
-1455
-1592
-1732
-1822
-1922
-1989
-2135
-2216
-2303
-2359
-2421
-2446
-2348
-2293
-2177
-2044
-1822
-1713
-1560
-1436
-1370
-1228
-1097
-920
-787
-638
-526
-359
-242
-123
-33
61
102
159
253
217
202
237
223
161
198
196
252
255
323
391
420
513
549
624
697
758
863
935
1018
1034
1103
1116
1123
1239
1302
1362
1441
1514
1568
1637
1648
1664
1644
1606
1593
1629
1564
1577
1643
1607
1652
1677
1706
1697
1704
1664
1576
1529
1418
1323
1248
1099
945
805
681
488
367
265
79
-43
-150
-329
-416
-492
-651
-698
-802
-887
-930
-960
-955
-1039
-1033
-1082
-1088
-1061
-1010
-957
-914
-865
-870
-905
-917
-949
-1006
-1081
-1195
-1273
-1348
-1459
-1568
-1644
-1688
-1721
-1745
-1745
-1759
-1736
-1741
-1710
-1639
-1574
-1498
-1375
-1221
-1066
-904
-780
-659
-463
-351
-263
-149
-44
63
89
98
184
225
203
214
222
178
170
160
137
98
110
132
62
91
118
71
124
152
170
210
302
365
439
539
544
637
693
723
818
854
950
980
998
1075
1073
1064
1121
1149
1143
1155
1129
1159
1209
1272
1345
1407
1399
1461
1543
1505
1497
1492
1460
1444
1405
1384
1323
1244
1167
1050
1015
955
856
766
681
602
476
326
223
92
37
-12
-120
-141
-118
-167
-164
-134
-200
-150
-182
-248
-238
-289
-406
-462
-559
-671
-751
-889
-1004
-1102
-1168
-1253
-1347
-1447
-1533
-1662
-1811
-1939
-2097
-2271
-2387
-2445
-2523
-2501
-2472
-2394
-2270
-2143
-1995
-1848
-1631
-1462
-1272
-1127
-960
-818
-706
-588
-494
-362
-299
-150
-27
41
215
255
351
370
334
304
238
183
110
81
65
38
15
89
197
287
417
566
687
843
1034
1162
1238
1287
1333
1401
1380
1491
1513
1531
1655
1675
1717
1782
1803
1802
1785
1790
1714
1693
1688
1588
1573
1504
1431
1374
1355
1290
1256
1242
1214
1115
981
944
801
689
621
480
338
224
90
-40
-154
-268
-346
-444
-566
-636
-727
-799
-831
-897
-978
-974
-953
-975
-926
-906
-910
-911
-917
-881
-942
-939
-913
-916
-911
-956
-982
-1039
-1094
-1182
-1225
-1291
-1334
-1343
-1394
-1402
-1407
-1430
-1440
-1472
-1484
-1444
-1345
-1286
-1184
-1081
-942
-752
-664
-412
-243
-140
40
160
243
328
366
452
441
494
513
555
586
585
585
532
539
498
482
486
394
364
323
239
204
135
105
105
89
117
143
152
208
194
203
230
232
244
263
211
245
241
254
297
261
301
292
300
365
405
434
440
491
497
552
604
608
669
752
741
802
837
791
772
776
795
759
801
779
784
749
762
712
629
551
442
380
271
210
133
66
42
7
-32
-7
72
27
57
79
82
78
138
93
61
123
102
107
45
28
90
33
-18
-61
-177
-262
-364
-510
-652
-802
-968
-1126
-1287
-1418
-1455
-1530
-1537
-1530
-1515
-1445
-1366
-1272
-1190
-1142
-1076
-979
-972
-918
-885
-832
-800
-761
-716
-677
-584
-528
-409
-313
-255
-179
-152
-136
-144
-135
-120
-148
-180
-147
-112
-69
7
100
132
232
349
441
591
680
759
840
887
920
948
931
961
1004
1013
1028
1050
1098
1161
1202
1223
1248
1268
1283
1258
1231
1250
1243
1230
1210
1199
1151
1147
1165
1129
1056
1049
1010
931
902
802
700
649
535
442
367
274
160
12
-43
-191
-303
-416
-467
-562
-654
-686
-758
-790
-817
-875
-927
-901
-923
-943
-902
-929
-941
-915
-958
-960
-970
-983
-1055
-1069
-1105
-1167
-1151
-1205
-1229
-1265
-1287
-1429
-1472
-1406
-1439
-1392
-1387
-1247
-1066
-967
-788
-633
-502
-388
-234
-126
-49
52
141
146
193
261
239
299
381
376
408
422
430
443
396
390
396
375
374
364
349
346
358
401
381
417
551
578
664
748
779
795
838
871
814
808
768
729
678
547
497
405
336
346
340
320
343
387
360
393
425
425
417
442
438
478
489
489
486
464
437
430
409
420
435
356
340
288
224
154
84
33
-57
-79
-102
-161
-164
-164
-153
-179
-173
-138
-101
-112
-114
-76
-88
-110
-91
-98
-59
-59
-89
-53
-15
-21
33
26
34
55
1
-73
-159
-246
-366
-483
-588
-648
-784
-831
-939
-1030
-1033
-1097
-1141
-1156
-1175
-1193
-1142
-1153
-1126
-1111
-1090
-991
-922
-914
-791
-725
-705
-643
-622
-648
-627
-604
-618
-606
-618
-600
-544
-514
-445
-432
-318
-228
-211
-154
-57
-9
9
60
101
177
244
358
454
527
639
727
836
957
1027
1141
1219
1315
1346
1392
1450
1468
1504
1510
1530
1536
1525
1566
1528
1561
1565
1611
1631
1620
1645
1563
1495
1417
1343
1254
1153
1050
963
854
745
674
493
387
272
117
63
-24
-134
-214
-345
-456
-537
-615
-659
-704
-751
-803
-816
-880
-863
-913
-918
-925
-959
-948
-963
-1011
-1057
-1075
-1094
-1150
-1165
-1208
-1262
-1244
-1293
-1307
-1349
-1380
-1459
-1499
-1509
-1532
-1578
-1574
-1558
-1503
-1457
-1375
-1254
-1138
-1000
-869
-695
-549
-355
-239
-105
-10
150
280
335
483
564
639
731
801
828
893
929
915
973
959
924
943
909
920
872
805
826
817
791
809
826
837
857
820
782
776
765
738
723
677
681
653
595
560
565
545
535
517
520
500
517
543
467
475
462
372
309
270
225
163
100
108
70
14
-3
-79
-138
-183
-255
-321
-384
-440
-530
-593
-611
-653
-666
-680
-627
-591
-549
-520
-489
-471
-407
-399
-390
-326
-283
-209
-159
-86
17
88
137
216
256
276
253
256
250
211
153
102
80
-20
-66
-189
-225
-309
-415
-426
-488
-540
-602
-654
-714
-661
-679
-688
-657
-615
-552
-507
-433
-393
-287
-259
-207
-146
-139
-105
-81
-91
-127
-97
-109
-139
-145
-130
-171
-202
-190
-196
-209
-217
-253
-247
-209
-176
-175
-135
-134
-84
-88
-45
-11
-17
67
92
151
231
303
384
466
488
513
587
594
657
729
748
769
778
846
862
873
911
927
973
979
1037
1034
1005
974
884
898
836
813
801
759
725
665
667
616
567
566
463
405
313
256
166
18
-73
-167
-284
-392
-439
-511
-586
-657
-703
-761
-735
-764
-730
-729
-745
-719
-767
-816
-835
-898
-922
-912
-898
-895
-896
-902
-922
-930
-912
-935
-972
-973
-972
-933
-968
-933
-943
-928
-859
-892
-811
-800
-740
-667
-651
-609
-577
-489
-370
-309
-205
-97
-67
5
114
194
223
316
425
472
494
604
621
685
797
820
912
980
1053
1047
1047
1073
1045
1020
1020
1025
1030
1049
1034
1051
1050
1063
1080
1041
1078
996
991
963
840
830
748
649
626
585
506
486
450
448
381
391
391
330
296
292
244
189
154
93
53
-47
-83
-167
-237
-292
-299
-406
-443
-448
-513
-511
-586
-593
-611
-636
-663
-696
-766
-742
-771
-761
-711
-712
-674
-683
-641
-663
-616
-562
-559
-467
-399
-341
-296
-250
-217
-182
-164
-142
-173
-165
-159
-172
-154
-162
-229
-214
-261
-288
-280
-373
-364
-387
-398
-458
-445
-485
-500
-482
-511
-477
-463
-390
-431
-308
-347
-256
-325
-251
-269
-155
-76
-332
-222
-331
-219
-225
61
-11
-114
-24
-59
-81
-155
92
77
-242
271
71
56
0
1
149
164
363
333
337
352
347
428
244
358
439
436
681
606
862
707
880
815
882
928
939
1173
1081
1167
1087
1159
1278
1057
1082
972
1035
1030
915
944
780
749
659
555
519
523
387
354
253
197
59
13
46
-104
-102
-209
-179
-299
-318
-273
-359
-321
-382
-484
-500
-585
-518
-630
-616
-617
-607
-696
-739
-625
-699
-708
-754
-850
-861
-815
-914
-937
-965
-957
-1086
-1047
-1043
-1105
-1047
-1038
-972
-937
-882
-885
-775
-818
-743
-685
-645
-537
-526
-416
-395
-367
-294
-304
-98
-160
-49
67
23
187
147
333
299
485
478
475
647
652
659
733
699
670
780
768
810
869
950
933
915
912
894
961
1014
885
944
898
893
951
862
916
952
933
915
938
891
813
904
772
742
596
615
602
463
392
345
279
124
240
89
17
-135
-260
-223
-379
-484
-525
-603
-761
-769
-878
-890
-958
-1023
-975
-1063
-1029
-1074
-1030
-1114
-1109
-1066
-1158
-1151
-1094
-1101
-1046
-998
-1046
-922
-865
-809
-721
-656
-618
-526
-597
-521
-456
-457
-284
-303
-245
-47
-69
20
106
162
213
188
218
313
335
409
458
360
457
502
496
500
489
557
586
564
641
662
588
635
572
605
580
525
536
510
543
505
483
513
454
437
455
440
469
447
445
510
434
385
345
386
324
312
279
203
248
154
201
141
169
110
61
129
34
148
51
100
160
164
186
157
192
176
226
158
202
227
157
153
119
89
56
69
18
-8
-60
-72
-82
-109
-128
-163
-147
-158
-139
-217
-270
-298
-399
-359
-424
-453
-457
-474
-454
-524
-443
-459
-514
-487
-500
-463
-426
-426
-476
-483
-494
-498
-509
-590
-588
-586
-685
-673
-711
-791
-647
-671
-661
-658
-667
-679
-673
-671
-615
-618
-565
-454
-505
-333
-356
-326
-234
-245
-161
-135
-152
-86
-43
-85
-68
-116
2
43
35
93
122
207
229
246
274
297
366
356
391
503
514
562
653
703
649
706
765
770
804
793
842
821
826
847
857
810
795
856
818
850
848
1001
1007
947
966
963
947
912
867
944
896
968
925
886
933
824
730
617
617
518
407
320
250
113
71
-24
-147
-291
-335
-416
-454
-467
-545
-533
-626
-615
-711
-776
-775
-838
-865
-955
-918
-935
-932
-993
-1001
-1026
-1014
-1045
-1074
-1012
-1050
-1024
-991
-1014
-1013
-977
-999
-1000
-931
-943
-911
-863
-846
-824
-727
-635
-608
-533
-436
-418
-325
-262
-181
-151
-53
38
81
160
230
335
337
451
512
532
544
547
546
494
535
517
487
501
528
548
567
583
563
591
613
603
576
498
462
494
433
375
370
400
364
350
359
350
333
343
260
284
268
258
203
146
183
122
190
243
254
246
291
299
341
332
429
483
409
476
461
422
418
442
398
376
303
334
371
272
269
249
239
130
161
144
15
50
26
-79
-119
-96
-146
-106
-138
-153
-198
-217
-205
-216
-180
-273
-198
-229
-262
-224
-274
-260
-386
-393
-393
-422
-454
-435
-516
-454
-550
-588
-570
-639
-605
-682
-695
-683
-699
-743
-742
-760
-773
-724
-673
-680
-687
-681
-701
-676
-632
-663
-585
-579
-504
-453
-469
-398
-402
-323
-301
-334
-285
-327
-351
-277
-346
-284
-243
-205
-75
23
67
160
230
207
234
347
343
335
389
372
478
546
551
603
668
665
740
823
903
922
1019
1006
993
1073
1020
1082
1028
1026
1094
1080
1124
1010
999
954
915
877
803
759
623
674
640
555
450
402
340
292
267
185
199
94
-11
2
-42
-94
-116
-174
-190
-165
-192
-206
-204
-230
-303
-292
-298
-336
-356
-400
-405
-453
-552
-512
-567
-604
-613
-647
-656
-714
-724
-780
-812
-725
-809
-820
-804
-856
-835
-866
-862
-830
-826
-866
-743
-744
-579
-598
-514
-515
-526
-364
-366
-336
-355
-264
-261
-239
-180
-118
-142
-32
10
15
34
111
91
111
107
183
210
269
373
340
393
458
451
457
500
442
446
485
451
457
471
440
467
464
490
394
412
423
406
417
402
366
331
355
306
344
321
397
355
353
383
412
416
466
404
366
410
333
389
289
344
331
245
317
256
176
195
195
141
22
57
16
-55
-86
-71
-44
-92
6
-69
-6
38
-20
-21
16
2
-30
-35
-38
-17
-83
-114
-164
-133
-193
-158
-148
-225
-180
-182
-203
-251
-236
-275
-353
-370
-402
-413
-498
-428
-450
-530
-521
-545
-498
-512
-451
-502
-420
-433
-423
-317
-390
-373
-381
-354
-339
-346
-326
-274
-312
-283
-211
-259
-217
-197
-216
-182
-239
-186
-206
-177
-173
-126
-86
-52
64
-13
67
108
157
140
163
203
247
261
314
378
348
412
457
411
442
436
484
507
492
507
470
543
488
444
515
478
492
501
441
474
436
435
504
423
433
435
416
359
321
326
284
235
189
158
154
125
106
92
20
13
-58
-73
-87
-178
-210
-228
-229
-298
-264
-195
-275
-302
-214
-226
-303
-367
-334
-371
-410
-407
-459
-488
-484
-467
-508
-558
-607
-552
-612
-652
-625
-687
-719
-649
-643
-668
-591
-546
-559
-508
-424
-375
-329
-269
-211
-189
-161
-64
-18
65
104
148
195
214
277
288
348
321
336
351
322
309
295
303
305
319
271
345
345
340
410
351
367
363
394
399
447
411
403
412
417
419
415
449
437
419
406
458
417
414
383
395
355
357
374
255
245
250
204
156
193
61
84
75
2
-38
-25
-2
-69
3
-54
-44
-26
11
-20
-43
-17
-29
-5
-12
-3
-10
-15
-15
-24
-23
12
23
-34
-5
56
-39
-11
38
-3
-10
-26
-17
-7
-62
-62
-82
-83
-118
-115
-149
-143
-180
-216
-259
-382
-394
-455
-425
-405
-451
-441
-422
-473
-452
-467
-438
-467
-444
-452
-426
-355
-349
-377
-352
-348
-348
-363
-334
-298
-306
-240
-239
-236
-219
-180
-181
-146
-131
-134
-104
-97
-143
-135
-41
-148
-49
-3
-24
40
-40
44
16
-15
38
50
51
74
134
110
120
175
167
145
154
180
176
150
204
195
200
256
173
223
214
205
295
290
294
340
335
344
405
429
444
437
428
472
492
388
370
355
340
334
275
327
358
341
307
289
276
214
253
207
196
198
192
151
182
136
141
149
103
132
111
140
78
106
59
-6
-2
-35
-58
-1
-56
-20
-7
-73
-67
-73
-40
-107
-139
-178
-187
-202
-302
-281
-319
-351
-327
-328
-382
-305
-345
-350
-333
-348
-311
-370
-322
-309
-349
-294
-278
-312
-333
-288
-258
-238
-242
-265
-242
-194
-217
-184
-206
-174
-140
-166
-109
-129
-63
-75
-23
52
12
39
-6
-15
56
-34
-14
-20
-55
44
-3
46
54
37
92
45
94
113
130
129
180
172
148
251
220
234
251
232
207
170
164
190
121
108
104
88
67
31
9
-5
72
41
53
29
6
61
-5
-11
-4
3
6
-50
16
55
28
51
29
36
73
74
75
73
90
46
95
70
28
60
32
-42
-47
-113
-160
-141
-190
-167
-195
-167
-122
-179
-204
-178
-134
-139
-139
-103
-77
-64
-50
28
4
35
116
95
128
122
165
168
133
127
144
148
137
126
149
153
113
155
143
178
216
182
208
209
165
145
118
145
122
110
103
123
190
165
135
145
169
119
121
115
70
103
120
67
66
63
81
67
48
110
76
59
22
9
6
-36
-38
-24
29
22
42
39
29
1
-29
-52
-34
-89
-162
-175
-234
-203
-217
-205
-266
-272
-285
-320
-344
-388
-403
-461
-428
-448
-413
-423
-417
-388
-400
-369
-329
-324
-260
-204
-186
-151
-130
-136
-151
-145
-116
-133
-116
-110
-90
-130
-94
-46
-129
-77
-80
-61
-92
-47
-57
-88
-89
-111
-124
-138
-45
-25
8
49
87
103
141
190
207
255
300
292
299
320
355
404
360
358
368
345
389
374
358
325
399
344
381
394
357
447
346
331
285
266
197
154
205
187
129
174
176
114
145
84
94
67
-13
33
5
35
22
-40
1
-32
-47
-40
-58
-45
-72
-66
-52
-90
-112
-103
-99
-161
-120
-150
-138
-184
-187
-166
-181
-196
-216
-200
-255
-231
-269
-281
-281
-271
-275
-251
-222
-208
-213
-205
-234
-249
-267
-221
-193
-178
-126
-63
-22
-63
17
32
1
39
57
101
111
104
97
97
142
129
121
185
171
168
199
151
115
112
107
68
71
80
71
45
8
-5
-70
-47
-58
-43
-36
-30
-37
-63
14
-59
-49
-23
-51
-43
20
49
20
75
79
108
115
104
165
109
102
106
60
61
62
27
12
40
11
7
75
60
-40
26
43
8
-14
-15
-62
-64
-58
-32
-12
-6
57
64
59
110
126
90
118
143
125
151
176
189
183
201
193
124
193
189
151
195
136
156
110
109
100
69
30
31
2
-3
31
-69
-85
-60
-103
-98
-100
-95
-127
-147
-138
-182
-176
-168
-156
-176
-142
-168
-162
-158
-195
-178
-185
-155
-164
-189
-178
-195
-268
-187
-187
-225
-165
-242
-177
-147
-179
-160
-156
-152
-195
-189
-137
-194
-153
-120
-123
-93
-99
-67
-86
-85
-61
-56
-49
-14
-48
6
39
22
38
37
43
44
76
77
73
105
156
157
131
117
135
148
158
151
171
161
190
192
171
186
148
135
73
82
103
79
95
102
121
138
112
138
100
111
98
23
41
4
14
60
43
86
109
72
132
64
54
48
8
12
23
34
44
48
70
42
32
-27
-24
-30
-93
-65
-83
-161
-143
-133
-181
-180
-190
-185
-205
-156
-187
-213
-176
-214
-190
-181
-221
-162
-112
-118
-84
-8
-26
-13
-5
37
25
45
83
70
55
79
60
74
32
55
31
36
37
16
68
1
75
5
-40
-37
-61
-51
-69
-64
-78
-70
-58
-71
-88
-89
-87
-64
-103
-25
-52
-25
44
20
15
37
98
52
77
99
123
132
142
189
158
188
182
206
270
250
285
267
303
276
278
303
269
228
262
247
251
263
272
284
235
320
297
359
348
342
275
278
261
178
239
218
252
227
210
176
180
135
112
93
-16
23
4
-60
-97
-144
-159
-211
-257
-248
-245
-286
-326
-356
-423
-452
-448
-495
-543
-534
-564
-521
-473
-470
-465
-432
-453
-400
-393
-430
-399
-398
-368
-369
-314
-315
-321
-278
-251
-203
-236
-204
-162
-191
-212
-175
-153
-198
-143
-162
-132
-115
-126
-69
-67
-72
-23
-44
32
99
93
184
195
253
242
283
328
301
313
306
332
318
371
351
358
348
375
372
400
439
437
452
432
411
441
422
361
409
359
334
360
325
296
302
266
251
227
160
121
149
89
78
42
-13
-23
-31
-18
-51
-41
-71
-33
-100
-86
-58
-134
-120
-181
-185
-122
-135
-141
-140
-180
-178
-160
-197
-225
-225
-271
-292
-273
-275
-313
-301
-320
-324
-301
-318
-350
-345
-354
-364
-333
-322
-319
-300
-252
-219
-188
-195
-152
-124
-156
-160
-132
-70
-138
-96
-34
-64
-35
-70
-72
-73
-118
-123
-135
-93
-139
-119
-96
-100
-59
-68
-29
-40
-14
-24
18
1
31
25
31
15
52
92
110
130
146
202
235
253
270
294
307
329
303
346
352
381
383
333
333
363
312
344
326
291
275
262
277
264
272
234
219
196
225
149
153
151
114
83
114
102
99
101
97
159
129
134
147
81
93
113
92
89
97
141
118
100
128
63
56
24
15
-7
-30
-21
-73
-27
-90
-127
-207
-232
-249
-323
-273
-328
-294
-363
-359
-329
-377
-336
-321
-323
-299
-302
-333
-297
-268
-265
-198
-177
-155
-90
-102
-81
-50
-76
-82
-71
-88
-68
-106
-138
-132
-113
-159
-146
-52
-21
-1
-14
31
-6
41
66
48
48
76
30
39
49
-14
40
-33
17
31
42
105
60
