SAMPLES:	9220
BITSPERSAMPLE:	16
CHANNELS:	1
SAMPLERATE:	16000
NORMALIZED:	FALSE
-161
-162
-193
-217
-279
-321
-360
-378
-383
-382
-393
-398
-391
-415
-391
-394
-384
-381
-357
-365
-333
-312
-302
-291
-309
-239
-259
-251
-195
-219
-178
-136
-115
-57
-46
0
21
24
57
33
62
82
100
169
187
221
246
250
259
269
303
297
334
353
335
328
306
314
276
276
259
268
256
256
268
233
248
245
206
206
194
173
212
177
154
144
92
38
-9
-62
-104
-114
-135
-150
-159
-159
-143
-136
-164
-196
-199
-210
-181
-170
-189
-163
-151
-151
-139
-116
-111
-86
-71
-50
-44
-60
-36
-34
-30
1
31
34
56
64
60
48
40
23
36
20
-6
-3
-48
-70
-102
-137
-137
-167
-159
-170
-161
-163
-178
-176
-216
-248
-268
-263
-293
-300
-305
-334
-365
-378
-374
-400
-400
-402
-413
-386
-389
-415
-380
-373
-351
-367
-339
-326
-334
-270
-275
-235
-192
-170
-163
-134
-134
-116
-47
-25
56
89
138
162
166
194
186
206
219
259
279
335
386
421
453
479
520
520
569
576
549
583
561
553
579
553
565
596
604
648
659
694
714
753
789
752
769
741
725
709
695
640
599
555
494
447
369
311
260
183
125
94
38
-4
-31
-101
-133
-173
-227
-270
-264
-310
-337
-386
-468
-514
-571
-603
-655
-711
-767
-807
-845
-849
-872
-878
-903
-922
-904
-903
-904
-902
-889
-911
-881
-867
-850
-798
-754
-678
-658
-595
-542
-501
-457
-408
-390
-347
-322
-261
-209
-156
-86
-60
-13
38
100
150
197
263
281
340
374
378
421
415
433
454
434
458
479
472
521
540
541
561
583
573
570
583
556
584
572
579
588
574
590
560
551
537
470
434
407
358
343
338
350
347
316
316
280
251
239
183
149
114
104
144
121
136
122
110
88
60
50
4
-16
-2
-39
-36
-29
-25
-15
-36
-4
-22
-43
-13
5
16
7
29
14
-15
10
-22
-37
-55
-89
-69
-106
-108
-89
-94
-74
-79
-101
-139
-128
-166
-172
-133
-151
-151
-133
-127
-129
-106
-121
-112
-120
-138
-154
-187
-208
-223
-227
-213
-205
-188
-153
-178
-152
-143
-142
-115
-121
-116
-146
-183
-212
-249
-296
-318
-379
-383
-377
-399
-374
-400
-418
-436
-423
-418
-418
-403
-416
-424
-435
-441
-418
-392
-375
-349
-332
-282
-264
-253
-239
-216
-172
-163
-138
-116
-109
-90
-60
-46
-30
-20
-43
-16
-4
22
32
26
42
29
55
94
129
139
184
216
231
241
271
283
276
306
306
352
370
411
451
451
492
478
493
497
473
490
469
485
494
495
534
507
461
438
389
363
329
321
301
285
275
239
208
178
118
70
57
56
67
80
123
142
157
168
157
153
144
129
88
86
86
70
91
83
83
79
98
110
115
147
119
101
103
41
-2
-35
-77
-86
-92
-99
-113
-130
-132
-157
-173
-162
-169
-178
-172
-183
-159
-149
-170
-143
-168
-192
-213
-237
-242
-297
-341
-342
-350
-339
-329
-319
-318
-314
-305
-351
-346
-341
-342
-344
-380
-397
-368
-387
-414
-411
-450
-425
-390
-380
-376
-345
-301
-285
-284
-264
-243
-228
-218
-201
-212
-209
-203
-183
-161
-143
-56
-20
32
56
73
69
42
57
62
89
119
182
261
316
342
332
348
360
341
349
340
365
424
428
495
538
523
533
518
514
523
520
527
545
568
571
582
552
511
481
454
432
397
371
348
328
337
300
275
269
255
244
237
230
193
170
127
75
50
31
-13
-59
-91
-155
-155
-193
-215
-248
-280
-277
-291
-280
-271
-264
-260
-278
-314
-305
-352
-374
-418
-447
-454
-439
-413
-411
-357
-356
-333
-287
-291
-255
-250
-270
-228
-205
-176
-152
-142
-127
-83
-66
-51
-60
-66
-66
-92
-130
-160
-182
-183
-199
-184
-166
-161
-121
-105
-105
-103
-88
-85
-110
-111
-106
-101
-80
-65
-103
-65
-77
-88
-65
-2
49
58
117
153
181
212
275
256
236
197
151
98
66
30
30
53
61
174
270
336
367
358
286
212
130
24
-66
-99
-89
-45
-3
46
94
107
88
105
114
111
104
37
-11
-57
-96
-128
-131
-133
-126
-118
-76
40
129
141
78
1
-59
-66
-121
-170
-161
-103
-52
-32
16
6
-43
-107
-133
-158
-180
-108
-70
-16
-3
-25
-45
-61
-68
-117
-114
-91
-28
15
61
46
31
-23
-187
-300
-378
-379
-356
-310
-157
-21
93
207
218
254
164
39
-76
-142
-116
-101
-43
44
144
227
296
320
253
183
130
63
54
36
14
89
166
231
333
409
439
467
375
298
314
237
159
177
222
228
268
321
398
432
460
420
465
560
464
373
377
379
365
369
413
550
604
593
640
641
438
316
266
139
54
28
-45
-42
68
103
262
527
630
676
474
-173
-1228
-2485
-3426
-3845
-4043
-4056
-3289
-1669
331
2251
3928
4909
4869
3838
2185
302
-1587
-3267
-4569
-5170
-4811
-3486
-1686
-180
891
1307
1177
751
353
206
205
332
758
1462
2010
2282
1845
715
-980
-2591
-3686
-4050
-3617
-2536
-1010
611
2234
3499
4213
3981
3009
1694
226
-1264
-2288
-2269
-1718
-1564
-1346
-567
235
773
1005
1297
1477
1613
1854
2322
2882
3064
2550
1691
720
-411
-1562
-2740
-3472
-3561
-3199
-2256
-724
1012
2400
3236
3770
3853
3303
2164
904
-252
-1296
-2108
-2390
-2186
-1804
-1557
-1289
-652
-41
422
776
1161
1468
1637
1416
1048
863
426
-420
-1034
-1427
-1437
-961
-549
181
1048
1278
1255
1467
1372
997
725
465
243
425
616
648
821
768
395
114
-1326
-5099
-8716
-9099
-7968
-8027
-7430
-3940
1063
5309
8807
11742
12747
10744
6768
2309
-2207
-6058
-8610
-10633
-11625
-9973
-5884
-1580
1512
3943
5398
5003
3563
2669
2146
1114
283
467
943
1278
1881
1916
130
-2784
-4890
-5798
-5767
-4421
-1665
1017
3143
5439
7432
7998
6789
4744
2015
-1128
-3065
-2959
-2141
-1591
-792
519
1421
1606
1677
1567
471
-867
-732
538
1792
3121
4355
4571
3974
3150
1780
-609
-3222
-5227
-6007
-5589
-4160
-1809
902
3188
4737
5758
6006
5323
3815
1218
-1470
-2940
-3791
-4162
-3853
-3021
-1963
-1180
-362
571
1187
1296
1136
1152
1271
1384
1434
1295
734
-277
-1367
-2221
-2695
-2900
-3036
-2575
-1733
-946
-240
578
1144
1318
1313
1138
1253
1630
1810
1737
1762
1517
940
358
-149
-501
-846
-1442
-1794
-1318
-13
494
-2590
-7630
-9086
-7348
-7517
-8599
-6472
-1573
2826
6317
10287
13237
12970
9555
4825
-80
-4408
-7255
-9384
-11470
-11635
-8415
-4093
-1047
1431
3775
4085
2431
1598
2337
2826
2934
3788
4729
4902
5160
5494
3826
-124
-4003
-6426
-8098
-8369
-5999
-2720
-128
2631
5843
8053
8689
8616
7213
4060
931
-107
299
113
-72
282
259
-855
-2210
-2741
-2558
-2584
-2752
-1682
673
3658
6358
7599
7157
6098
4226
993
-2332
-4533
-6024
-7112
-6929
-5191
-2324
556
2522
3608
3893
3304
2379
1253
-286
-1351
-1742
-1854
-1821
-1497
-1235
-1517
-2184
-2987
-3346
-3033
-2085
-857
192
1568
3006
3731
3474
2407
598
-1583
-3592
-4825
-4877
-4034
-2899
-1398
410
1813
3359
4390
4045
3342
2898
2405
1833
1190
245
-806
-1799
-2625
-2926
-3357
-5870
-9618
-10719
-8895
-7407
-5977
-2613
2283
6704
10089
12851
14437
13366
9444
3960
-1529
-6206
-9478
-11402
-12696
-12132
-8740
-4314
-387
3562
6843
7653
6340
4784
3756
2649
1648
1523
1499
966
1069
1713
893
-1227
-3204
-4724
-6067
-5945
-3204
306
2665
4768
6739
7522
6762
5372
3574
873
-1677
-2457
-2024
-1352
109
1615
2253
1794
1375
1326
656
-764
-1617
-883
113
1031
2248
3264
3741
4058
2914
255
-1873
-3384
-4874
-5889
-5349
-3480
-1118
1121
3334
5522
6399
5840
4665
2609
-44
-1744
-2629
-3685
-4233
-3967
-3438
-3029
-2635
-2291
-1898
-1305
-369
854
2232
3595
4609
4926
4011
2377
514
-1897
-4453
-5873
-5894
-4974
-3658
-1773
115
1527
2673
2994
2674
2236
1592
839
671
665
260
88
-293
-1497
-2513
-3025
-3492
-4418
-6989
-10142
-10568
-8175
-6130
-4522
-1374
2867
6765
9741
12148
13343
12079
7961
2478
-2437
-6385
-9245
-11070
-12131
-11561
-8420
-3854
210
3512
5973
6199
4574
3300
3222
3307
3035
3072
3121
3046
3026
2948
1812
-701
-3544
-5772
-6945
-6245
-3090
913
3649
5496
7450
8752
8763
7525
5315
2176
-719
-1966
-1992
-1158
581
2186
2399
1858
1660
1383
48
-1014
-1003
-930
-472
1022
3468
5807
6350
5007
3219
925
-1928
-3820
-4579
-5738
-6238
-4774
-2313
43
2336
4428
5274
4555
3021
1705
498
-965
-2618
-3985
-4523
-4298
-3767
-3494
-3724
-3828
-3092
-2002
-1099
344
2438
3669
4059
3868
3083
1721
-653
-3462
-5545
-6534
-6736
-5703
-3794
-1898
-31
1991
3091
3157
2971
2543
1605
545
61
-147
-321
-944
-1791
-2146
-2542
-3638
-5809
-8867
-10770
-9816
-8054
-6690
-3937
662
5443
8965
11568
13359
13396
10440
5322
8
-4643
-8542
-11177
-12610
-12626
-10407
-6331
-2024
1852
5324
7291
7108
5700
4521
3184
1806
990
643
239
246
1072
1570
924
-450
-1582
-2616
-2831
-1639
858
3333
4846
6111
7108
6947
5909
4418
2207
-156
-1547
-1379
-117
1894
4192
5826
5879
4711
3355
2355
1556
147
-1491
-1434
-106
1316
3362
5180
5549
4561
2609
401
-938
-1780
-2961
-3455
-2763
-1216
995
3289
4744
5270
4663
2480
-329
-2396
-3814
-5282
-6471
-6347
-5463
-4252
-2560
-1359
-667
-142
90
650
1553
1964
1849
1214
-98
-1570
-2807
-4225
-5625
-6611
-6831
-5803
-3817
-1779
115
1967
3220
3326
2656
1685
285
-1374
-2817
-3773
-3889
-3422
-3048
-2645
-2100
-2112
-3662
-6416
-8536
-8313
-7439
-6978
-4888
-634
4162
8033
10974
12583
12362
9546
4727
-679
-5628
-9228
-11207
-11758
-10752
-7362
-2390
2038
5083
7258
7946
6442
4106
2027
-49
-1483
-1361
-349
801
2364
4177
4799
3324
1131
-417
-1829
-3070
-2664
-630
1399
3195
5512
7362
7589
6546
5183
3084
509
-833
-1011
-605
32
1361
2808
3415
3337
2961
2760
2315
1261
503
755
1514
2850
4002
3939
3504
3078
1893
-120
-1852
-2967
-3358
-2913
-1756
281
2665
4473
5280
4984
3812
2065
-140
-2992
-5681
-7425
-7889
-7544
-6509
-4607
-2205
156
1863
3173
3904
3932
3363
2228
766
-927
-2778
-4324
-5274
-5667
-5111
-4114
-3036
-1467
238
1356
1929
1987
1301
197
-1136
-2528
-3205
-3282
-3208
-2803
-2182
-1602
-968
-397
-432
-1589
-4392
-7425
-8160
-7586
-7781
-6866
-3116
1716
5880
9023
11408
12413
10630
6449
1374
-3687
-7714
-10132
-11241
-11047
-8501
-3847
773
4000
6185
7096
5591
2334
-536
-2417
-3877
-4228
-2875
-656
1999
4899
7018
7011
4942
1989
-764
-3094
-4171
-3182
-1266
451
2445
4904
6285
6256
5337
3319
888
-697
-916
-45
1073
2514
4034
4730
4249
3594
3682
3472
2077
686
724
1645
2979
4125
4235
3764
3190
1671
-584
-1869
-2756
-3470
-3448
-2213
423
3646
6291
7812
8130
7220
5114
2160
-1267
-4648
-7326
-9169
-10166
-9553
-7012
-4185
-1826
488
2869
4559
5169
4916
3867
2381
576
-1494
-3758
-5473
-6285
-6519
-6622
-6204
-4551
-2340
-495
597
1449
2115
1616
678
-223
-1619
-2848
-3252
-3561
-3497
-2915
-2363
-1921
-1957
-2600
-4571
-7190
-8032
-6904
-6297
-6110
-3453
1343
5805
9071
11513
13077
12004
8103
3567
-830
-5438
-9033
-10869
-11342
-10029
-6256
-1122
2911
5859
8096
8375
6056
3163
1037
-932
-2705
-3607
-2783
-770
1611
4021
5697
5516
4124
2508
699
-967
-1332
-332
613
1367
2916
4670
5585
4970
3214
1098
-870
-2121
-2505
-1956
-775
602
1613
2491
4160
5409
5382
4941
4204
3386
3181
2970
2176
1881
1439
236
-1038
-2024
-2937
-3498
-3792
-3873
-2627
-244
2463
5099
7270
8269
8223
7228
4853
1186
-2459
-5450
-8219
-10272
-10629
-9428
-7167
-4322
-1561
1467
4107
5328
5558
5020
3605
1760
-422
-2828
-4618
-5428
-5927
-6145
-5576
-4653
-3437
-1768
-327
527
1392
1580
1211
387
-1130
-2359
-3354
-4530
-5335
-4990
-4170
-3599
-3108
-3547
-5418
-6627
-5947
-5154
-5047
-3935
-814
3231
6834
9597
11590
12122
10079
5973
1082
-3651
-7635
-10247
-11578
-11364
-8316
-3245
1355
4916
7935
9519
8852
6581
3999
1402
-865
-2441
-3321
-3506
-2390
-385
1103
1629
2079
2591
2305
1742
1998
3120
4018
4439
5000
5587
5447
4804
3625
1225
-1708
-3305
-3995
-4704
-4195
-2274
-861
105
2205
4679
6119
6773
6890
6304
5260
4022
2936
1927
399
-976
-2003
-2872
-3352
-3141
-2503
-1955
-1092
722
2840
4878
7029
8309
8181
7390
6111
3247
-382
-3351
-5955
-8216
-9246
-8901
-7568
-5741
-3622
-1396
929
2605
3484
3834
3314
2007
814
-245
-2309
-4207
-5158
-5907
-5903
-4900
-3965
-3237
-2276
-1258
-590
-200
-115
-547
-1250
-2284
-3307
-3462
-3643
-4346
-4419
-4175
-4341
-4847
-6297
-7990
-7548
-5566
-4563
-3518
-270
4003
7445
9719
10956
11082
9205
5496
1048
-3308
-6803
-9064
-10164
-10225
-8372
-4080
879
4518
7186
9088
9437
7854
5597
3245
736
-1156
-2474
-3658
-4045
-2801
-954
-38
453
1295
2258
2943
3501
4726
6178
6780
6716
6284
5141
3646
2246
243
-2164
-3786
-3879
-3326
-2686
-1053
970
2188
2914
3832
4141
4340
4920
4632
3986
3774
3206
2458
1844
571
-684
-1192
-2242
-3278
-2793
-1609
-91
1739
3121
4754
6651
7714
7524
6836
5679
3541
460
-2943
-5326
-6422
-6883
-7165
-6444
-4588
-2337
-292
1500
2993
3566
3016
1809
774
-234
-1626
-2915
-3955
-5103
-5416
-5153
-5030
-4612
-3685
-2818
-1944
-961
-322
470
837
-99
-997
-1700
-3734
-5634
-6321
-7184
-7753
-6978
-6126
-6116
-7091
-8070
-6981
-5191
-4893
-4045
-817
2917
5938
8556
10411
10958
9284
5506
1074
-3211
-6875
-9316
-10826
-10945
-8698
-4563
-49
3778
6905
9186
9624
7985
5754
3589
926
-1341
-2714
-3693
-3440
-1956
-439
962
2250
3363
4111
4435
4754
5639
6350
6472
6585
6407
5562
4377
3154
1424
-714
-2241
-2685
-3003
-3084
-2003
-546
752
2561
4567
5507
6086
6848
6560
5531
4053
2273
969
-548
-2579
-3088
-2592
-2986
-3080
-2065
-998
359
1995
3324
4971
6507
7037
7159
7035
6248
4655
1943
-1297
-4141
-6302
-7542
-8108
-7951
-6673
-4695
-2747
-365
2297
4102
4601
3897
2579
920
-749
-2737
-4555
-5921
-6607
-6654
-6019
-4735
-3637
-2665
-1956
-1527
-1196
-549
-330
-748
-891
-1168
-1874
-2768
-3700
-4457
-5161
-5973
-6931
-8419
-9747
-9590
-7877
-6240
-4721
-1861
2345
6145
8870
10600
11494
10411
6845
2594
-1407
-5467
-8651
-10075
-10335
-9017
-5551
-1181
2658
5575
7753
8827
8403
6360
4014
2191
178
-1397
-2163
-2305
-1793
-630
430
1132
1778
2237
2473
2727
3523
4905
6225
6943
7451
7532
6628
5157
3399
1243
-1157
-3109
-4010
-4542
-4909
-4136
-2005
238
2046
3861
5834
7297
7921
8081
7194
4885
2292
176
-1794
-3579
-4628
-4641
-4488
-4424
-3013
-450
1302
2419
4268
5939
6648
7176
7626
7553
6419
4282
1887
-530
-3060
-5055
-6220
-7254
-7650
-6492
-4751
-3012
-581
2077
3553
4031
3971
3034
1698
47
-2076
-3822
-5008
-5481
-5235
-4550
-3779
-2951
-2239
-2441
-2842
-2966
-3253
-3822
-4005
-3535
-3045
-2413
-1531
-960
-940
-1292
-2292
-4734
-8210
-10596
-10526
-10034
-9918
-7780
-2938
2197
6229
9665
12062
12134
9531
5498
1078
-3708
-7824
-9862
-10500
-9846
-6721
-1707
2544
5520
7829
8595
7645
5765
3630
1308
-617
-1464
-1539
-1507
-768
963
2519
2756
2492
2661
2449
1622
1427
2505
3442
4451
5973
6896
7033
6734
5545
3109
423
-1722
-3015
-4046
-4947
-4220
-2344
-711
972
2883
4404
5578
6413
6314
5528
4381
2816
1101
-456
-1505
-2193
-2833
-3233
-3126
-2662
-2005
-752
757
2439
4262
5873
7075
7523
7615
7238
5646
3039
342
-2142
-4206
-5373
-5799
-5728
-4894
-3425
-1871
-476
1311
3165
3730
2980
2099
1111
-520
-2535
-3980
-4869
-5262
-5030
-4089
-2768
-1959
-1116
-49
-326
-1923
-2776
-3399
-4513
-4909
-4599
-4400
-3997
-3570
-2919
-1987
-1937
-3052
-5272
-8081
-9187
-8269
-7729
-7156
-4255
14
3993
7226
9812
11357
10422
6929
2607
-1735
-6066
-9064
-10534
-10855
-9194
-5257
-466
3795
6800
8681
9087
7597
5433
3287
1165
-560
-1378
-1946
-1958
-884
443
1286
1611
1794
1877
1907
1989
2654
3912
4868
5715
6369
6518
6189
5400
3704
1246
-1046
-2881
-4166
-4694
-4350
-3197
-1316
868
2719
4478
6105
7123
7066
6028
4169
2013
182
-1530
-3199
-4126
-4095
-3560
-2838
-1978
-543
1028
1980
2485
3402
4841
5524
5711
5883
5632
4785
3574
1986
-144
-2063
-3417
-4331
-4827
-4390
-2905
-1561
-710
314
1514
2365
2340
1643
923
-225
-2021
-3447
-4146
-4706
-4632
-3905
-3382
-2732
-1960
-1142
-553
-735
-1579
-2427
-3017
-3546
-3841
-3915
-3885
-3864
-3978
-3941
-4115
-4849
-6399
-8532
-9152
-7865
-6906
-5758
-2534
1891
5629
8494
10318
10808
9466
5912
1550
-2864
-7164
-10089
-10898
-10989
-9733
-5951
-1135
2761
5533
7773
8468
7530
5858
4044
2406
1003
11
-534
-620
-72
851
1271
968
611
516
282
580
1797
3481
4879
6078
7480
8168
7722
6521
4877
2457
-129
-2342
-4052
-4544
-4071
-3267
-2008
-408
1548
3737
5140
6048
6790
6808
5403
3596
2333
889
-733
-2519
-3926
-4456
-4052
-3333
-2398
-927
624
1733
2780
4315
5577
6151
5936
5046
4139
3244
1966
421
-1083
-2347
-3037
-3206
-2940
-1921
-804
-4
467
821
1166
1362
1030
106
-955
-1939
-2905
-3602
-3944
-3782
-3166
-2597
-2265
-1778
-1030
-736
-1066
-1927
-2803
-3145
-3534
-4175
-4153
-3389
-3017
-3242
-3274
-3482
-3901
-5322
-8093
-9996
-9526
-8551
-8114
-6238
-2199
2592
6386
9038
10799
11249
9227
5181
662
-3895
-7870
-10255
-11182
-10977
-8675
-4309
93
3260
5552
7141
6922
5240
3223
1196
-362
-1184
-1523
-1410
-327
1537
3064
3618
3350
2751
2153
1105
368
947
2109
3151
4605
6103
7080
7421
6797
5125
2681
331
-1398
-2468
-3275
-2981
-1456
-50
1365
3235
4938
5997
6573
6145
4846
3600
2226
716
-396
-1341
-1936
-1732
-1451
-1231
-260
809
1319
1556
2162
2782
3500
4331
4721
4585
4462
4083
3080
1930
572
-913
-2139
-2747
-3045
-2466
-1042
13
845
1537
2053
1998
1319
236
-1249
-2655
-4148
-5217
-5409
-5146
-4387
-3060
-1617
-1001
-519
105
-359
-1581
-2725
-3893
-4956
-5589
-5906
-5231
-4009
-3368
-3063
-2624
-2722
-4289
-6761
-9170
-9690
-9161
-9025
-7653
-3780
1135
5286
8577
10588
11042
9487
5782
1309
-3356
-7645
-10129
-11058
-10764
-8193
-3761
532
3985
6455
7683
7504
5537
2796
702
-944
-2268
-2641
-2300
-1223
674
2398
3278
3733
3510
2703
1851
1185
1487
2524
3549
4532
5835
6826
7137
6509
4824
2590
206
-1970
-3386
-3942
-3376
-1622
336
2184
4220
5655
6412
6866
6184
4296
2173
204
-1395
-2401
-3004
-3273
-2673
-1791
-1206
-219
1269
2208
2297
2373
2824
3470
4000
3945
3684
3770
3469
2376
1356
552
-611
-1558
-2210
-2877
-2644
-1161
78
918
2000
3022
3319
2716
1659
426
-952
-2760
-4391
-5308
-5213
-4542
-3709
-2735
-1783
-971
-159
62
-672
-1209
-1600
-2456
-3182
-3269
-3216
-3100
-3031
-3166
-3416
-3595
-4026
-5160
-7318
-9315
-9372
-8106
-7549
-6350
-2675
1953
5319
7619
9405
9717
8026
4572
922
-2889
-6721
-8852
-9426
-9286
-7567
-3869
-95
2589
4446
5603
5766
4363
2390
876
-445
-1440
-1513
-1186
-768
342
1577
2106
2079
1913
1571
1232
911
1378
2450
3393
4138
4939
5289
4771
3891
2895
1418
-362
-1518
-2181
-2264
-1476
-71
1576
2873
4034
4918
5633
5936
5359
4037
2153
619
-560
-1678
-2401
-2388
-1988
-1484
-1015
-89
1186
2149
2316
2711
3230
3483
3831
3950
3713
3399
3170
2232
1076
204
-539
-1255
-2070
-2518
-2105
-1132
-321
508
1625
2489
2578
2212
1390
145
-1443
-3009
-4375
-4997
-4544
-3701
-2888
-1963
-1005
-593
-296
-460
-1145
-2020
-2950
-3739
-3892
-3603
-3154
-2328
-1775
-1714
-1612
-1611
-2225
-3954
-6824
-8995
-8837
-8254
-8182
-6328
-2072
2229
5444
7938
9774
10376
8398
4779
1073
-2717
-6182
-7988
-8485
-8329
-6610
-3218
16
2279
4125
5061
4624
3171
1678
489
-437
-841
-874
-670
-210
849
1963
2106
1541
1057
793
422
486
1395
2682
3536
4005
4489
4440
4021
3285
2099
488
-764
-1189
-1489
-1515
-798
632
1615
2050
2792
3892
4783
4793
4325
3399
2178
1193
180
-1129
-1657
-1733
-1917
-1972
-1597
-746
239
675
926
1914
2695
2992
3401
3785
3816
3795
3426
2421
1425
682
-333
-1427
-2335
-2605
-2237
-1729
-1021
-19
1059
1621
1604
1348
717
-321
-1646
-3070
-4018
-4151
-3433
-2665
-1787
-846
-131
107
-115
-1011
-2338
-3424
-4416
-5103
-5129
-4483
-3194
-1627
-544
66
615
875
299
-759
-2705
-5855
-8481
-9337
-9220
-8882
-7219
-3639
422
3657
6459
9020
10191
9109
6176
2819
-710
-4224
-6392
-7124
-7544
-6699
-4301
-1746
457
2544
3932
4152
3370
2162
1019
41
-512
-716
-542
-239
760
2133
2915
3047
3130
3076
2640
2144
2098
2377
2086
1604
1292
1080
1243
1647
1770
1461
1491
1603
1416
1532
1891
1921
1641
1396
1563
2503
3619
4035
4077
3797
2968
1980
1075
146
-337
-706
-1400
-1515
-1065
-511
45
606
1135
1492
1812
2259
2991
3405
3597
3676
3219
2427
1664
927
-443
-1875
-2656
-3134
-3458
-3279
-2407
-1580
-1103
-700
-305
-112
-701
-1537
-2047
-2377
-2577
-2171
-1454
-1093
-928
-660
-616
-1094
-1881
-2731
-3677
-4671
-5340
-5534
-4888
-3797
-2747
-1757
-729
224
1228
1859
1758
1171
113
-2074
-5419
-8099
-8875
-9027
-9314
-8359
-5156
-1014
2774
6500
9817
11515
10761
8481
5482
1676
-2446
-5693
-7979
-9575
-9327
-7169
-4035
-796
2257
4643
5539
5029
3822
2216
198
-1313
-1693
-1528
-795
1125
3430
5048
5945
6186
5358
3455
1343
-487
-2027
-3051
-2988
-1693
108
2253
4425
6158
6902
6314
5192
3665
1761
-96
-1163
-1389
-897
492
2184
3892
5341
5885
5409
4442
3294
1830
519
-398
-1239
-1585
-1520
-1381
-764
-61
105
390
896
1294
1976
3160
4114
4294
4165
3962
3186
1751
182
-1200
-2630
-4142
-5210
-5305
-4795
-4183
-3354
-2592
-2054
-1526
-981
-860
-860
-562
-217
-357
-712
-925
-896
-1194
-2010
-2779
-3477
-4308
-5177
-5733
-5975
-5765
-5040
-4392
-3537
-2120
-587
687
1645
2120
2344
2062
976
-659
-2959
-6136
-8956
-9775
-9733
-9548
-7623
-3587
782
4579
7983
10825
12200
11041
8067
4246
-66
-4518
-7889
-9779
-10516
-9268
-6210
-2565
847
3829
5773
6232
4929
2607
373
-1108
-1839
-1709
-605
1202
3628
5793
7070
7112
6037
3825
669
-2458
-4565
-5102
-4330
-2459
193
3268
6093
8014
8871
8470
6707
4183
1552
-735
-2069
-2170
-1253
146
1867
3815
5519
6310
6117
5416
4219
2608
966
-80
-567
-553
-257
28
390
762
1155
1120
932
950
1260
1990
2649
2913
3397
3925
3515
2599
1476
97
-1693
-3549
-4969
-5630
-5732
-5567
-4556
-3492
-3080
-2328
-1087
-421
-223
-76
-206
-722
-1197
-1299
-1204
-1367
-1969
-2392
-2697
-3496
-3891
-3721
-4011
-4464
-4548
-4463
-4119
-3136
-2044
-1035
-2
646
1299
1840
1718
1345
596
-1203
-4195
-7566
-9862
-9847
-9060
-8467
-6334
-2128
2189
5771
9011
11190
11431
9203
5233
1032
-3195
-6883
-8895
-9515
-9210
-7061
-3523
-218
2647
4638
5210
4178
2273
427
-699
-1032
-597
824
2637
4559
6388
7209
6841
5284
2626
-375
-2917
-4378
-4489
-3380
-1308
1504
4215
6130
7711
8742
8123
6265
4232
2121
268
-989
-1173
-408
660
1622
2897
4164
5032
5419
5243
4116
2695
1518
398
-88
-160
-149
-230
-156
-64
234
633
1003
1214
1196
1424
1813
2346
2774
3011
2781
1638
-244
-1917
-3258
-4729
-5870
-6352
-6299
-5930
-4911
-3334
-1838
-671
174
688
324
-374
-644
-1007
-1843
-2634
-3059
-3126
-3229
-3183
-2776
-2601
-2643
-2736
-3149
-3523
-3032
-2470
-2233
-2099
-1650
-790
-188
232
689
1115
974
471
74
-524
-1428
-2283
-3723
-6378
-8345
-7966
-6653
-5993
-4629
-1401
2019
4514
6537
8443
8972
7136
4196
1504
-1457
-4426
-6099
-6785
-7339
-7053
-4990
-2218
146
2183
3617
3782
3060
2554
2372
2103
2012
2284
2478
2552
2967
3879
4463
3977
2729
1420
314
-514
-813
-742
-475
162
922
2032
3627
5008
5678
5437
4831
4089
3172
2432
2114
1944
1591
1771
2669
3434
4044
4470
4299
3228
1983
1234
814
281
-199
-6
391
774
1366
2044
2296
2139
1890
1707
1520
1557
1586
1000
-170
-1210
-1966
-2889
-3804
-4493
-5087
-5552
-5200
-3936
-2546
-1390
-539
-68
-46
-121
-396
-911
-1823
-3071
-3870
-4240
-4304
-3580
-2597
-2268
-1970
-1578
-1418
-1285
-1164
-1379
-1815
-2220
-2564
-2621
-2003
-1466
-1175
-894
-944
-818
-594
-470
-434
-313
-356
-573
-705
-980
-1925
-3880
-5559
-6231
-6722
-7286
-6794
-4654
-1649
1485
4523
7354
9089
9059
7412
4695
1136
-2521
-5372
-7699
-9010
-8295
-5696
-2612
388
2962
4533
4847
4071
2899
2030
1482
1065
1339
2175
3452
5213
6660
6812
5803
3953
1625
-766
-2651
-3513
-3339
-2656
-1301
928
3638
6116
7654
7962
7530
6607
5382
4048
2832
2005
1489
1477
1523
1927
2817
3256
2801
1898
1276
1117
936
902
1195
1594
1851
1927
1932
1740
1511
864
-418
-1740
-2403
-2503
-2376
-2395
-2192
-1735
-1699
-1882
-1704
-1634
-1905
-2217
-2587
-3140
-3394
-3139
-2717
-2609
-2810
-2872
-3179
-3484
-3371
-2913
-2337
-1820
-1458
-1031
-423
4
151
-205
-1077
-2004
-2765
-3566
-4156
-4245
-4084
-3628
-2808
-1859
-921
144
1128
1538
1501
1378
990
333
-377
-950
-1410
-2101
-3094
-4403
-6386
-8131
-8290
-7734
-7248
-5893
-2930
814
4109
6999
9461
10860
10314
7838
4604
1014
-2662
-5746
-7795
-8754
-8139
-5795
-2925
-58
2976
5752
7087
7174
6759
6047
5117
4118
3478
3105
2876
2998
3237
3103
2696
2080
1239
240
-477
-561
-435
-164
512
1699
3202
4644
5918
6715
7033
6806
6214
4937
3418
2221
1116
83
-532
-269
316
1022
1754
2296
2828
3013
2661
2046
1525
979
284
-664
-1743
-2421
-2695
-2896
-3160
-2914
-2369
-1996
-1642
-1030
-303
50
-138
-485
-977
-1563
-2471
-3300
-4026
-4756
-5266
-5373
-5237
-4798
-3856
-2827
-1932
-1103
-263
427
818
720
436
-126
-1216
-2314
-3031
-3734
-4444
-4878
-4995
-4657
-4100
-3565
-2641
-1474
-629
-7
815
1280
1414
1382
727
-142
-1097
-2008
-2773
-3429
-4195
-4605
-4794
-5665
-6648
-6730
-5669
-4568
-3455
-1680
1271
4315
6556
8534
9831
9656
7703
4642
1133
-2161
-4987
-7176
-8303
-7794
-5416
-1937
1620
4998
7760
9094
8654
7364
5723
3894
2194
786
330
798
1848
3306
4618
5158
5213
4384
2774
1318
134
-633
-764
-399
673
2663
4653
6212
7434
7819
7436
6526
4941
3152
1894
1071
308
163
960
1786
2359
2753
2961
2912
2466
1469
388
-285
-941
-1271
-1198
-1136
-1128
-1022
-1111
-1459
-1897
-2133
-2332
-2704
-2780
-2496
-1942
-1644
-1435
-1377
-1777
-2614
-3718
-4489
-5092
-5346
-5378
-5186
-4659
-3705
-2614
-1730
-975
-624
-681
-836
-1041
-1662
-2282
-2980
-3818
-4468
-4952
-5037
-4664
-4360
-4127
-3475
-2655
-1886
-1047
-325
-20
-29
-207
-591
-1253
-1955
-2600
-3128
-3436
-3477
-3186
-2946
-2608
-2186
-2051
-2596
-3401
-3671
-3234
-2749
-2067
-583
1634
4054
6123
7764
8452
8019
6245
3682
1026
-1437
-3320
-4343
-4253
-3113
-764
2080
4694
6686
7632
7629
6399
4716
3040
1736
928
746
1320
2510
4017
5129
5760
5820
5163
3985
2635
1438
856
873
1194
1763
2653
3568
4500
5242
5280
5002
4817
4378
3598
3130
2764
2383
1945
1744
1665
1264
728
349
467
299
-151
-261
-53
3
84
272
216
-177
-1001
-2074
-3066
-4020
-4661
-5038
-5035
-4652
-3696
-2438
-1507
-742
-477
-497
-1114
-1913
-2750
-3555
-4147
-4556
-4729
-4707
-4170
-3656
-3120
-2585
-2254
-2041
-1993
-1975
-2101
-2258
-2660
-2928
-3223
-3497
-3485
-3244
-2917
-2523
-1924
-1548
-1574
-1799
-2011
-2259
-2804
-3361
-3298
-3031
-2781
-2144
-1218
-461
119
361
163
-187
-638
-1500
-2667
-3809
-4269
-3691
-2616
-1257
847
3609
5649
6713
7402
7579
6690
4580
2161
242
-1379
-2502
-2728
-1957
-719
764
2442
3985
5040
5417
5233
4315
3045
1919
1294
1102
1241
1970
3047
3998
4516
4831
5042
4497
3382
2619
2132
1650
1502
1655
2282
2977
3289
3504
3974
4206
3961
3701
3463
3118
2837
2507
2070
1823
1621
1379
918
602
444
218
33
-4
207
432
585
532
154
-515
-1332
-2362
-3520
-4357
-4952
-5281
-5283
-4764
-3614
-2201
-1012
-112
401
374
-96
-788
-1498
-2455
-3538
-4292
-4754
-4966
-4615
-4028
-3700
-3168
-2717
-2344
-2089
-1956
-1953
-2044
-2200
-2585
-2738
-2624
-2560
-2301
-2005
-2060
-2125
-2244
-2581
-3084
-3498
-3762
-3990
-3959
-3422
-2408
-1239
-246
699
1595
2144
2119
1681
857
-205
-1231
-2261
-3190
-3750
-3423
-2530
-1531
-312
1456
3453
4793
5512
6024
6143
5450
4286
2828
1453
377
-606
-932
-795
-198
658
1578
2372
2804
2999
2889
2394
1796
1491
1458
1673
2191
2747
3263
3989
4521
4531
4380
3850
2889
1936
1097
755
749
896
1236
1951
2668
2984
3387
3761
3797
3304
2859
2692
2556
2631
2652
2655
2392
1734
1134
700
347
-81
-321
-585
-825
-737
-505
-548
-938
-1311
-1817
-2574
-3165
-3488
-3514
-3418
-3412
-3115
-2444
-1882
-1518
-1215
-1260
-1547
-1912
-2414
-3006
-3569
-3861
-4037
-4203
-4064
-3763
-3681
-3660
-3515
-3391
-3371
-3212
-3107
-2941
-2739
-2530
-2104
-1945
-2021
-2125
-2251
-2625
-3132
-3427
-3737
-3987
-4028
-3641
-3011
-2214
-1340
-214
946
1813
2602
3052
2920
2448
1867
908
-76
-633
-849
-851
-814
-563
-23
351
576
890
1330
1562
2025
2817
3602
4633
5548
5957
5848
5288
4307
3197
1814
647
-230
-874
-1215
-1024
-256
749
1721
2497
2991
3284
3464
3585
3714
3709
3864
3894
3892
4001
4050
3813
3336
2749
2045
1443
962
559
409
573
877
1179
1433
1844
2468
2909
3132
3317
3378
3176
2866
2568
2223
1600
779
-56
-848
-1580
-2238
-2645
-2931
-3085
-2968
-2702
-2326
-1853
-1405
-1204
-1417
-1606
-1982
-2441
-2999
-3424
-3575
-3765
-3777
-3694
-3367
-3224
-3156
-3131
-3248
-3218
-3153
-3240
-3454
-3532
-3666
-3924
-4021
-3875
-3643
-3353
-3129
-2815
-2395
-2133
-2029
-2107
-2480
-2890
-3255
-3651
-3819
-3784
-3352
-2755
-1991
-1246
-671
70
487
707
730
654
566
703
890
967
1267
1519
1639
1517
1181
898
676
481
278
185
471
970
1650
2480
3363
4144
4566
4823
4958
4846
4400
3669
2787
1845
882
51
-338
-386
-110
459
961
1648
2481
3240
3868
4377
4800
4738
4451
4007
3510
2970
2175
1492
973
324
-32
-13
282
765
1352
1960
2406
2784
3234
3591
3503
3224
2923
2611
2272
2016
1850
1665
1292
875
607
198
-175
-534
-1085
-1486
-1808
-2054
-2236
-2252
-2045
-1880
-1675
-1310
-941
-891
-964
-1186
-1645
-2171
-2687
-3373
-4021
-4437
-4598
-4615
-4593
-4396
-4071
-3794
-3700
-3582
-3297
-3214
-3134
-3067
-3130
-3220
-3068
-2755
-2833
-2946
-2834
-2846
-2864
-2937
-3062
-3238
-3429
-3834
-4158
-3963
-3829
-3590
-2909
-2086
-1167
-116
876
1485
1802
2001
1869
1581
1286
1157
1148
1063
947
839
861
920
1044
1085
1127
1263
1644
2097
2500
2921
3304
3661
3791
3871
4049
4021
3839
3446
2997
2533
2064
1609
1318
1089
847
877
1021
1343
1852
2343
2916
3331
3797
3970
4041
3909
3488
3123
2527
2084
1689
1412
1130
1057
1157
1133
1216
1454
1643
1672
1589
1841
2209
2292
2321
2363
2322
2142
1990
1857
1626
1424
1042
713
304
-170
-478
-1109
-1772
-2383
-2901
-3232
-3519
-3560
-3287
-2739
-2178
-1710
-1234
-698
-524
-760
-1256
-1915
-2702
-3773
-4802
-5623
-6207
-6615
-6702
-6400
-5997
-5479
-4685
-3740
-2867
-2192
-1554
-1166
-1239
-1453
-1664
-2149
-2765
-3293
-3751
-4101
-4400
-4304
-4005
-3631
-3327
-2875
-2355
-2009
-1475
-814
-241
166
644
1114
1605
1997
2409
2720
2607
2419
2298
2054
1564
1225
1050
955
1068
1364
2022
2658
3267
3696
4108
4302
4369
4432
4142
3656
3172
2948
2709
2438
2249
2256
2264
2169
2183
2246
2284
2043
1688
1403
1222
1274
1347
1585
1857
2088
2232
2281
2280
2058
1784
1396
940
642
565
826
993
1055
1149
1195
1018
677
551
536
358
135
228
546
959
1293
1461
1566
1503
1277
1000
712
256
-191
-597
-1143
-1668
-1850
-1874
-1996
-2193
-2329
-2305
-2339
-2361
-2364
-2198
-1927
-1709
-1524
-1233
-871
-806
-1131
-1731
-2561
-3515
-4512
-5357
-5891
-6053
-5913
-5528
-4808
-3855
-2894
-2102
-1371
-947
-734
-614
-612
-1085
-1539
-2001
-2759
-3341
-3675
-3825
-3816
-3607
-3139
-2475
-1770
-1161
-615
-103
163
300
598
790
914
1313
1691
1999
2305
2554
2710
2599
2309
2006
1594
1303
1202
1176
1326
1598
2244
3017
3540
4076
4494
4503
4284
3982
3548
2933
2233
1709
1456
1351
1503
1762
2029
2186
2211
2221
2224
2048
1703
1537
1424
1261
1435
1676
1614
1654
1462
1076
645
267
36
-122
-148
-4
315
752
1136
1458
1592
1423
1077
589
-24
-468
-658
-711
-802
-522
0
493
887
1092
1165
828
319
-303
-886
-1500
-2001
-2226
-2225
-2003
-1633
-1166
-926
-836
-856
-1048
-1446
-1829
-2085
-2290
-2459
-2397
-2210
-2059
-2033
-2136
-2330
-2695
-3242
-3764
-4114
-4321
-4245
-3957
-3468
-2929
-2166
-1476
-1001
-628
-363
-269
-518
-881
-1351
-1762
-2143
-2543
-2665
-2607
-2475
-2089
-1493
-881
-270
406
1030
1468
1632
1624
1382
945
593
492
406
421
772
1271
1887
2444
2809
3071
3098
2886
2484
2109
1822
1643
1582
1619
1927
2218
2519
2658
2667
2592
2453
2125
1697
1241
986
927
905
1115
1485
1823
1987
2109
2020
1958
1568
1057
631
235
34
93
240
424
493
522
547
489
410
261
182
127
285
435
796
1078
1192
1148
867
601
264
-140
-447
-566
-449
-292
-89
225
539
682
570
310
-56
-473
-974
-1295
-1478
-1488
-1317
-1035
-920
-814
-663
-726
-906
-1159
-1511
-1952
-2318
-2638
-2830
-2938
-3114
-3122
-3164
-3152
-2985
-2806
-2628
-2496
-2456
-2346
-2385
-2488
-2431
-2389
-2396
-2414
-2272
-2224
-2106
-1926
-1706
-1465
-1163
-909
-649
-477
-377
-244
-212
-220
-163
-13
93
405
718
1054
1239
1208
1166
1016
801
679
738
980
1310
1758
2328
2976
3559
3981
4210
4161
3815
3383
2887
2402
1999
1654
1428
1248
1325
1555
1813
2008
2177
2215
2060
1966
1894
1778
1613
1547
1464
1282
1311
1263
1075
814
498
260
-23
-206
-307
-209
-122
-111
15
41
-34
-143
-186
-429
-579
-691
-716
-693
-622
-388
-141
19
119
148
12
-193
-351
-438
-656
-813
-956
-1130
-1182
-1014
-854
-857
-775
-708
-635
-607
-583
-469
-407
-423
-632
-709
-744
-759
-840
-893
-1054
-1377
-1687
-2035
-2289
-2677
-2968
-3120
-3198
-2985
-2625
-2040
-1406
-969
-678
-589
-726
-949
-1334
-1886
-2387
-2826
-3040
-3031
-2778
-2346
-1774
-1080
-419
210
753
1030
1176
1124
871
596
298
-30
-171
-218
-149
79
215
401
562
550
568
632
614
728
1002
1402
1957
2562
3263
3880
4309
4374
4142
3745
3016
2251
1558
872
418
217
249
498
1006
1567
2041
2481
2715
2891
2816
2623
2330
1967
1606
1192
978
837
720
434
102
-86
-141
-90
-94
16
223
569
1005
1230
1372
1353
988
541
44
-306
-608
-821
-946
-860
-520
-135
229
484
532
422
66
-488
-971
-1380
-1585
-1779
-1757
-1459
-1148
-815
-553
-431
-503
-706
-991
-1307
-1520
-1711
-1815
-1707
-1563
-1351
-1021
-810
-816
-989
-1396
-1989
-2586
-3172
-3577
-3778
-3787
-3501
-2901
-2154
-1450
-834
-454
-420
-595
-908
-1428
-2013
-2449
-2792
-2887
-2794
-2564
-2095
-1519
-875
-175
431
926
1298
1574
1681
1619
1408
1094
878
625
309
51
-53
-91
-96
-27
118
488
770
1026
1290
1701
1994
2227
2555
2839
3054
3183
3225
3108
2779
2284
1738
1102
521
37
-164
-167
53
476
1077
1771
2371
2812
3071
3141
2906
2425
1841
1251
707
152
-176
-359
-442
-366
-218
-55
51
165
260
307
298
338
465
488
478
440
473
383
98
-70
-247
-545
-706
-736
-670
-533
-375
-168
28
32
-78
-140
-244
-333
-397
-422
-277
-152
67
279
362
320
87
-194
-602
-1003
-1170
-1377
-1400
-1251
-1096
-829
-573
-322
-375
-520
-813
-1193
-1561
-1961
-2198
-2313
-2391
-2216
-1881
-1636
-1334
-1198
-1121
-1227
-1480
-1656
-1930
-2224
-2390
-2371
-2252
-2071
-1728
-1286
-796
-383
3
389
595
693
744
672
542
407
306
158
-17
-87
-161
-183
-252
-161
-48
45
345
568
833
1058
1358
1606
1742
1903
2155
2234
2160
2016
1903
1682
1348
1218
1016
979
929
1003
1165
1263
1397
1513
1703
1712
1832
1867
1869
1778
1461
1280
977
599
257
-28
-204
-320
-243
-107
-9
55
141
248
196
247
282
343
359
313
301
322
256
35
-140
-431
-745
-968
-1085
-943
-767
-540
-280
-22
261
395
507
498
545
452
326
226
91
37
-128
-222
-455
-718
-929
-1113
-1237
-1291
-1235
-1096
-913
-777
-441
-214
-123
-60
-139
-242
-531
-829
-1066
-1444
-1803
-2061
-2277
-2367
-2308
-2067
-1851
-1622
-1324
-1088
-887
-861
-808
-821
-842
-792
-775
-768
-626
-446
-296
-147
-84
-66
-52
-59
-159
-192
-225
-262
-230
-137
-52
11
84
135
153
125
178
266
339
385
452
498
594
843
948
1001
1188
1252
1284
1347
1367
1424
1394
1343
1321
1228
1196
1220
1227
1233
1281
1300
1362
1319
1264
1321
1194
1022
946
800
577
423
251
104
-55
-182
-232
-183
-26
237
507
674
826
1011
1075
985
841
718
465
129
-111
-333
-484
-485
-392
-279
-148
26
212
332
432
557
612
628
639
601
471
377
204
-10
-303
-629
-877
-1120
-1231
-1338
-1432
-1486
-1415
-1268
-1130
-894
-786
-668
-668
-653
-656
-700
-744
-988
-1168
-1383
-1685
-1979
-2161
-2333
-2512
-2458
-2228
-2000
-1614
-1187
-832
-480
-332
-173
-77
-133
-174
-264
-292
-347
-339
-279
-197
-114
28
83
148
183
233
392
460
606
716
820
862
877
823
792
726
646
632
632
692
649
587
626
795
875
1018
1149
1303
1432
1517
1547
1484
1474
1374
1226
1151
1059
1046
937
848
879
785
819
840
806
827
803
737
730
624
393
166
-46
-246
-328
-368
-419
-357
-234
-40
92
123
105
43
-136
-321
-489
-569
-623
-665
-620
-695
-609
-529
-555
-538
-420
-328
-254
-111
24
224
399
535
536
525
358
166
-112
-504
-735
-988
-1095
-1107
-1050
-900
-761
-662
-494
-295
-230
-174
-158
-212
-240
-301
-303
-357
-438
-591
-846
-1076
-1250
-1442
-1640
-1724
-1693
-1520
-1323
-1075
-710
-284
32
241
330
303
293
160
-80
-303
-411
-573
-593
-580
-531
-395
-224
-135
-88
-12
-50
-33
-68
-45
21
134
239
338
515
612
684
611
580
502
419
347
316
436
562
787
1020
1245
1464
1674
1746
1748
1619
1429
1211
978
847
781
804
905
1093
1272
1491
1586
1538
1388
1121
891
509
248
128
56
-11
-54
-34
66
74
60
59
17
-17
-52
-22
-47
16
156
214
294
198
117
-64
-287
-488
-737
-882
-872
-857
-725
-536
-366
-24
164
260
290
249
-1
-316
-565
-856
-1141
-1368
-1408
-1409
-1332
-1240
-1199
-1139
-1130
-1139
-1122
-1054
-1000
-937
-921
-964
-981
-1033
-1157
-1368
-1539
-1671
-1771
-1821
-1841
-1671
-1499
-1300
-1101
-808
-489
-243
73
223
370
465
383
220
99
-69
-239
-343
-444
-400
-308
-73
166
436
640
865
970
1026
1180
1237
1178
1189
1205
1136
1129
1058
988
868
840
780
864
1010
1105
1396
1552
1694
1875
1950
2013
2000
1977
1786
1552
1292
1076
930
762
728
762
851
972
1195
1344
1451
1472
1341
1153
900
696
513
343
244
134
0
-84
-175
-258
-451
-599
-762
-805
-749
-626
-408
-240
-51
116
192
94
-95
-318
-673
-955
-1156
-1300
-1293
-1293
-1166
-1009
-854
-760
-623
-556
-603
-660
-729
-713
-736
-858
-951
-1089
-1252
-1406
-1481
-1569
-1546
-1513
-1434
-1248
-1101
-861
-750
-736
-723
-849
-1020
-1214
-1391
-1473
-1505
-1561
-1555
-1532
-1410
-1187
-1035
-832
-657
-466
-259
-92
67
233
305
241
260
144
-41
-187
-337
-440
-498
-515
-467
-256
-11
238
464
766
984
1029
1139
1130
1066
990
856
699
663
675
694
763
828
894
947
1062
1179
1341
1583
1784
2000
2117
2110
2066
1887
1611
1326
1056
878
762
714
825
995
1220
1398
1543
1667
1707
1714
1626
1511
1355
1147
981
838
672
583
525
453
336
230
49
-84
-249
-436
-459
-479
-419
-327
-224
-152
-126
-86
-183
-347
-516
-686
-925
-1056
-1159
-1260
-1294
-1276
-1281
-1259
-1215
-1234
-1147
-1165
-1184
-1213
-1213
-1131
-1100
-1093
-1123
-1119
-1050
-1062
-1090
-1111
-1141
-1181
-1262
-1341
-1339
-1375
-1420
-1455
-1509
-1579
-1534
-1451
-1348
-1232
-1099
-956
-789
-530
-362
-193
-109
-64
-73
-170
-211
-183
-88
30
106
183
210
187
218
215
178
164
187
253
349
542
776
986
1152
1258
1329
1256
1188
1115
947
790
633
550
595
591
687
853
1002
1156
1209
1307
1378
1466
1468
1449
1363
1265
1187
1061
1056
974
833
719
597
528
427
450
474
481
615
698
828
966
1082
1108
1075
988
874
791
600
438
212
8
-142
-274
-277
-251
-188
-160
-158
-132
-159
-214
-240
-290
-356
-347
-294
-286
-284
-249
-304
-500
-665
-844
-978
-1136
-1225
-1208
-1171
-1139
-1099
-946
-936
-941
-988
-985
-880
-829
-703
-623
-499
-435
-471
-523
-606
-725
-909
-1142
-1365
-1544
-1730
-1815
-1824
-1786
-1555
-1323
-1006
-743
-499
-341
-271
-194
-230
-290
-471
-591
-746
-840
-853
-812
-693
-524
-389
-224
-32
66
175
326
378
444
469
557
663
737
784
777
789
837
815
804
834
768
798
809
838
963
1119
1248
1425
1516
1540
1579
1522
1395
1308
1258
1222
1309
1428
1589
1657
1729
1757
1739
1673
1578
1440
1247
1030
829
702
613
619
637
688
776
859
924
1021
966
852
693
519
256
-3
-165
-331
-410
-566
-591
-629
-760
-804
-998
-1069
-1168
-1216
-1212
-1213
-1050
-981
-856
-770
-691
-773
-868
-1046
-1240
-1379
-1576
-1698
-1840
-1891
-1827
-1737
-1580
-1406
-1181
-985
-897
-711
-566
-541
-566
-560
-681
-809
-977
-1086
-1184
-1315
-1384
-1527
-1512
-1473
-1425
-1289
-1079
-839
-540
-210
91
343
453
543
513
374
196
22
-91
-139
-105
-57
26
176
370
512
652
803
854
983
985
1005
1041
1001
906
797
681
551
486
521
579
642
754
787
908
992
1024
1083
1117
1093
1075
1028
946
847
783
667
635
547
539
603
686
856
1012
1163
1217
1286
1318
1307
1195
1080
889
723
553
383
221
130
165
244
389
536
668
767
844
865
906
816
681
448
227
-11
-233
-338
-430
-522
-574
-577
-632
-614
-664
-638
-668
-626
-591
-568
-518
-492
-472
-620
-773
-935
-1150
-1334
-1430
-1550
-1603
-1580
-1512
-1452
-1291
-1149
-1005
-895
-857
-753
-687
-703
-706
-749
-784
-905
-1029
-1113
-1250
-1331
-1386
-1479
-1494
-1428
-1332
-1177
-986
-736
-515
-315
-184
-100
-54
-31
-80
-152
-228
-403
-489
-454
-453
-399
-228
-78
114
366
585
734
882
957
1029
997
896
838
749
643
583
623
654
662
685
821
925
1034
1219
1278
1418
1487
1501
1457
1421
1418
1312
1284
1275
1339
1345
1389
1418
1384
1265
1159
1091
1075
1103
1124
1206
1248
1270
1262
1171
1037
845
629
393
182
5
-116
-205
-176
-95
33
112
253
326
333
301
175
17
-227
-469
-769
-885
-990
-1094
-1173
-1181
-1241
-1267
-1251
-1247
-1232
-1174
-1157
-1146
-1220
-1289
-1323
-1389
-1426
-1454
-1429
-1474
-1448
-1382
-1346
-1304
-1266
-1217
-1144
-1142
-1057
-985
-903
-875
-842
-786
-771
-730
-744
-706
-675
-691
-645
-626
-566
-493
-449
-353
-290
-174
-33
78
144
213
210
226
175
191
159
168
186
189
196
192
223
221
325
393
499
615
717
803
888
924
904
774
708
625
582
626
653
656
728
819
846
927
995
1017
1041
994
931
952
931
933
842
862
876
909
1014
1093
1146
1149
1110
1000
951
871
847
828
842
955
1010
1084
1116
1037
960
881
731
606
488
435
417
428
480
522
589
615
673
713
644
561
427
295
109
-71
-257
-380
-530
-642
-663
-703
-662
-681
-731
-869
-908
-991
-1072
-1155
-1224
-1236
-1259
-1311
-1309
-1272
-1305
-1343
-1466
-1577
-1653
-1701
-1734
-1716
-1715
-1612
-1551
-1542
-1515
-1460
-1450
-1457
-1391
-1282
-1170
-1093
-1013
-960
-930
-908
-843
-869
-900
-866
-887
-924
-892
-814
-745
-675
-569
-448
-323
-207
-136
-82
-54
-100
-52
-2
-26
69
141
218
315
384
469
521
580
613
657
712
728
837
878
980
1078
1132
1202
1259
1225
1207
1184
1165
1196
1229
1264
1302
1440
1488
1466
1389
1352
1302
1208
1144
1140
1194
1282
1356
1359
1407
1411
1379
1373
1294
1226
1154
1127
1106
1044
1038
976
901
799
743
658
597
493
450
407
374
399
425
429
405
331
170
46
-175
-359
-500
-631
-715
-770
-775
-778
-832
-892
-979
-1109
-1193
-1265
-1322
-1376
-1349
-1266
-1150
-1066
-994
-868
-816
-879
-979
-1036
-1157
-1181
-1260
-1362
-1341
-1302
-1216
-1106
-977
-883
-761
-753
-739
-665
-618
-622
-577
-559
-533
-477
-502
-544
-586
-671
-737
-765
-797
-688
-594
-457
-334
-263
-211
-174
-187
-216
-288
-298
-280
-253
-159
-81
-22
-3
44
30
17
-43
-43
57
118
190
321
447
553
580
561
559
466
443
415
363
424
500
618
712
738
790
753
740
710
626
609
607
651
740
885
1032
1176
1274
1320
1361
1355
1287
1221
1133
1036
1075
1093
1120
1196
1268
1279
1253
1190
1133
1021
869
712
624
545
522
479
403
410
376
352
300
215
119
-8
-125
-283
-352
-494
-658
-687
-824
-849
-885
-955
-957
-988
-1022
-1059
-1060
-1073
-1034
-1028
-1018
-960
-946
-967
-1085
-1124
-1170
-1243
-1257
-1233
-1146
-1064
-984
-874
-683
-571
-476
-419
-437
-410
-414
-396
-375
-387
-392
-368
-362
-339
-337
-333
-322
-295
-209
-198
-84
-58
12
71
45
62
32
29
60
94
155
192
175
167
126
110
101
116
143
150
219
337
412
430
420
432
379
325
274
248
217
211
237
232
282
323
359
360
360
382
416
454
424
526
532
577
656
666
693
660
685
658
666
700
674
722
751
757
747
769
759
685
669
657
631
597
601
530
496
401
333
313
258
246
237
257
211
199
114
7
-78
-186
-247
-341
-378
-389
-446
-497
-519
-570
-665
-661
-695
-727
-777
-747
-765
-833
-851
-892
-935
-975
-1004
-1032
-1013
-998
-996
-1024
-1026
-1026
-989
-896
-887
-812
-729
-647
-606
-602
-578
-610
-604
-625
-558
-566
-514
-397
-416
-383
-301
-273
-245
-193
-181
-149
-164
-145
-132
-119
-26
-66
1
83
110
203
235
331
332
420
469
462
515
478
471
464
515
601
675
743
826
874
903
949
949
926
969
953
949
959
939
929
906
907
959
1009
1133
1183
1220
1232
1200
1154
1035
974
879
909
921
929
970
992
973
938
812
728
534
448
357
257
279
203
226
184
183
147
52
0
-69
-172
-264
-329
-418
-464
-472
-471
-530
-586
-621
-694
-816
-934
-1023
-1123
-1126
-1164
-1208
-1201
-1212
-1207
-1213
-1288
-1332
-1397
-1430
-1425
-1479
-1383
-1352
-1291
-1228
-1183
-1135
-1142
-1140
-1180
-1170
-1143
-1065
-928
-813
-672
-564
-439
-382
-373
-343
-363
-302
-239
-163
-110
-49
2
36
62
44
47
76
107
164
213
254
314
301
351
361
322
366
328
308
342
311
330
334
379
452
502
560
604
664
646
665
641
657
663
661
754
785
795
764
789
804
813
822
800
803
761
743
743
718
710
742
751
813
874
845
860
858
832
790
805
805
792
853
897
893
913
886
824
747
639
509
445
416
362
368
385
338
372
374
300
214
96
46
-57
-104
-206
-242
-244
-299
-359
-442
-543
-675
-756
-868
-935
-1009
-1043
-1076
-1143
-1180
-1181
-1170
-1199
-1144
-1147
-1140
-1130
-1134
-1106
-1175
-1148
-1149
-1130
-1095
-1084
-1053
-1100
-1098
-1068
-1055
-963
-846
-780
-645
-529
-442
-396
-375
-369
-418
-453
-478
-404
-381
-291
-195
-146
-41
6
61
71
117
134
115
129
184
201
223
267
294
324
342
366
396
475
568
646
708
809
837
882
869
788
764
727
708
675
653
675
683
643
622
554
501
493
502
509
520
584
657
664
660
668
615
597
586
559
467
453
420
407
392
338
371
368
358
402
377
390
406
361
364
327
296
209
157
118
107
117
121
132
88
84
62
-2
-52
-119
-181
-251
-334
-393
-434
-448
-476
-488
-474
-497
-495
-521
-571
-636
-724
-807
-865
-820
-810
-762
-716
-711
-682
-643
-651
-671
-646
-599
-597
-595
-566
-545
-503
-459
-443
-466
-398
-372
-371
-275
-260
-234
-202
-179
-143
-166
-188
-173
-179
-162
-109
-98
-49
27
43
41
58
48
53
37
89
92
117
120
127
138
105
184
222
265
355
410
436
452
461
466
439
413
399
384
371
411
414
431
486
480
490
515
516
553
574
566
558
543
578
583
560
553
503
525
543
509
532
522
453
398
362
310
247
219
149
137
167
164
159
132
169
180
167
158
136
98
50
18
-38
-71
-116
-132
-135
-104
-130
-146
-232
-331
-386
-477
-530
-579
-614
-635
-616
-596
-550
-581
-579
-593
-662
-674
-744
-774
-829
-869
-844
-822
-751
-677
-568
-529
-469
-467
-483
-510
-562
-592
-618
-629
-562
-501
-404
-379
-316
-260
-207
-161
-109
-20
-40
39
95
114
121
112
117
123
113
110
158
203
262
284
338
411
469
491
452
452
440
466
490
480
460
517
547
572
587
573
551
509
548
493
471
461
460
483
477
495
477
474
430
418
419
405
409
413
367
320
245
190
230
259
273
265
237
220
221
158
102
59
19
-65
-98
-71
-65
-38
-92
-92
-128
-137
-135
-156
-190
-199
-195
-221
-214
-258
-273
-206
-153
-133
-111
-148
-176
-256
-267
-311
-334
-346
-422
-401
-426
-428
-408
-399
-399
-375
-312
-300
-324
-326
-413
-464
-483
-518
-530
-518
-477
-413
-345
-312
-235
-177
-109
-71
-44
-51
-37
-75
-100
-107
-155
-136
-124
-58
39
108
127
158
151
152
160
193
245
263
260
276
270
278
260
245
207
150
90
87
56
96
169
251
292
338
397
419
434
364
306
250
212
208
197
199
212
230
253
260
260
215
184
152
154
120
92
91
76
91
125
163
175
247
253
216
172
79
32
2
-33
-108
-94
-88
-77
2
3
3
22
57
35
63
50
25
6
-53
-108
-161
-161
-200
-210
-178
-195
-202
-194
-179
-140
-67
-73
-64
-75
-162
-199
-242
-295
-326
-357
-370
-367
-287
-253
-245
-242
-266
-268
-282
-327
-380
-380
-468
-521
-609
-619
-590
-608
-523
-527
-517
-445
-431
-362
-310
-254
-200
-118
-79
-26
-21
5
-8
-11
-38
-44
30
31
137
190
237
323
377
423
478
548
527
532
569
557
599
606
567
577
538
544
544
554
549
559
579
545
589
613
604
664
640
600
600
555
527
538
473
437
409
369
369
300
270
250
206
160
131
65
42
60
13
60
68
65
53
0
-19
-77
-171
-231
-295
-352
-378
-357
-315
-306
-292
-296
-311
-324
-325
-378
-387
-411
-483
-487
-516
-568
-593
-622
-593
-554
-513
-407
-359
-255
-234
-243
-219
-242
-256
-279
-349
-429
-488
-503
-489
-496
-409
-359
-264
-172
-116
-98
-105
-139
-209
-224
-234
-262
-281
-299
-303
-292
-285
-263
-293
-294
-282
-253
-222
-190
-199
-205
-158
-87
-23
43
77
83
96
73
103
136
136
122
119
96
171
200
236
269
247
277
303
287
284
275
277
297
257
311
277
257
276
293
339
381
382
410
396
395
416
428
469
513
489
444
410
387
405
419
422
417
434
464
495
525
575
517
518
528
449
419
375
375
384
366
397
358
373
386
340
336
274
208
189
166
135
124
114
82
77
40
-4
-82
-163
-177
-227
-254
-252
-322
-349
-392
-404
-412
-424
-398
-405
-431
-468
-498
-481
-507
-548
-565
-650
-723
-767
-765
-808
-779
-822
-818
-752
-763
-730
-669
-649
-646
-583
-596
-576
-533
-518
-476
-488
-475
-422
-387
-369
-368
-328
-284
-250
-186
-197
-154
-92
-13
120
178
214
243
257
258
284
242
249
253
256
300
319
364
386
449
474
477
487
481
528
536
517
542
527
512
545
539
553
583
635
622
636
615
577
491
444
439
390
336
287
276
240
195
178
134
50
16
-35
-31
-52
-32
3
-42
-64
-63
-150
-140
-157
-243
-291
-342
-337
-339
-302
-249
-212
-168
-81
-94
-81
-83
-89
-96
-101
-42
-32
16
6
21
21
33
37
37
34
16
24
41
78
48
104
134
178
228
287
306
270
249
180
107
72
112
52
102
126
70
67
10
-49
-54
-94
-140
-109
-96
-63
-34
-64
-96
-104
-174
-230
-304
-380
-410
-412
-397
-388
-352
-369
-334
-302
-254
-286
-312
-334
-378
-370
-343
-319
-304
-276
-272
-253
-311
-364
-370
-379
-386
-322
-232
