SAMPLES:	10886
BITSPERSAMPLE:	16
CHANNELS:	1
SAMPLERATE:	16000
NORMALIZED:	FALSE
716
634
600
585
648
608
598
650
667
666
681
739
631
692
632
571
505
429
502
402
335
272
303
244
304
266
230
198
131
114
48
145
94
108
53
-9
13
-18
24
32
19
106
37
27
29
-44
-123
-200
-280
-367
-326
-305
-317
-193
-145
-64
-48
-41
23
68
180
130
81
57
-31
-105
-140
-181
-53
-95
-46
-59
-71
100
100
128
89
34
51
-15
-30
-61
-135
-185
-212
-179
-190
-191
-210
-325
-381
-345
-317
-339
-246
-295
-342
-368
-395
-322
-319
-277
-252
-234
-156
-208
-263
-172
-304
-308
-382
-426
-366
-400
-347
-309
-362
-355
-309
-343
-280
-304
-340
-199
-291
-322
-302
-269
-262
-233
-224
-170
-174
-108
-77
-74
-122
-64
-29
-104
-85
-187
-157
-86
-168
-146
6
-8
89
78
88
73
194
232
261
285
318
337
367
432
382
391
323
392
341
305
279
307
274
305
344
412
494
459
468
519
627
518
620
502
507
511
506
526
397
330
293
328
318
411
373
356
380
329
202
193
14
11
64
-34
-7
16
-66
8
-32
-72
-57
0
52
-14
-4
-35
-104
-69
-133
-191
-189
-231
-183
-218
-295
-299
-269
-345
-341
-308
-200
-189
-48
1
-18
78
74
58
16
8
-60
-81
-70
-95
-75
-131
-33
47
54
207
173
223
108
137
115
63
35
-168
-136
-206
-172
-201
-140
-177
-117
-111
-173
-236
-171
-170
-402
-279
-349
-473
-318
-375
-472
-418
-500
-499
-529
-594
-507
-486
-446
-388
-316
-342
-297
-252
-197
-75
-65
-87
-61
-19
-256
-127
-242
-408
-173
-362
-273
-54
-71
-21
38
-31
107
-43
80
13
-13
82
-53
134
88
15
83
136
71
66
78
122
112
101
86
116
190
279
288
306
355
439
448
455
466
503
501
513
465
443
425
475
489
454
460
410
374
316
328
450
443
434
471
390
433
372
281
235
260
229
242
229
319
296
270
352
211
304
234
286
239
266
214
109
119
21
-25
-139
-163
-254
-163
-241
-347
-393
-445
-416
-507
-480
-592
-565
-590
-615
-586
-643
-564
-556
-472
-490
-453
-393
-314
-333
-246
-215
-202
-146
-128
-87
-128
-72
-192
-192
-134
-178
-149
-230
-227
-223
-303
-238
-360
-387
-378
-347
-296
-189
-178
-208
94
-11
150
82
114
163
158
170
8
-64
-145
-185
-292
-297
-270
-199
-219
-228
-259
-163
-211
-133
-157
-164
-133
-131
-187
-51
-58
-104
-47
-169
-152
-105
-112
-70
-40
38
186
265
362
387
531
607
693
764
738
838
806
782
743
723
662
758
709
734
720
633
576
484
497
390
291
185
226
202
127
220
243
179
151
89
-34
37
60
107
135
135
126
92
150
130
169
65
51
-35
-19
-96
-128
-164
-221
-231
-272
-226
-205
-126
-118
-127
-103
-191
-234
-241
-247
-271
-320
-219
-245
-232
-212
-213
-221
-173
-112
-3
49
-6
-3
-38
91
68
-31
-14
-70
7
29
45
78
55
-15
-30
-57
-25
-40
18
2
34
41
30
65
145
30
-13
27
-34
-45
-127
-102
-123
-68
-55
-43
-17
40
165
111
135
167
121
89
-3
-68
-59
-100
-125
-86
-66
-81
-65
-60
-144
-184
-194
-230
-189
-169
-161
-187
-265
-386
-317
-346
-445
-379
-354
-331
-260
-224
-245
-312
-425
-373
-453
-411
-401
-395
-375
-374
-372
-430
-369
-383
-386
-328
-278
-267
-243
-255
-274
-237
-220
-200
-76
49
98
198
332
287
244
277
245
203
110
147
166
260
317
400
462
368
385
491
411
454
467
417
558
436
465
445
440
491
459
486
397
351
326
277
269
289
316
366
486
495
450
507
443
419
444
306
217
116
20
-55
-89
-133
-125
-68
-57
-21
22
99
54
74
-58
-27
-42
-137
-79
-97
-48
-21
-50
-46
-23
-7
59
-60
-96
-131
-268
-176
-263
-327
-420
-462
-407
-450
-486
-472
-457
-578
-600
-583
-671
-744
-684
-755
-724
-632
-703
-551
-552
-531
-421
-435
-375
-321
-251
-245
-216
-125
-201
-293
-318
-300
-279
-242
-153
-67
65
103
90
43
68
47
-9
107
-46
125
51
151
243
31
327
166
230
306
284
308
312
266
359
398
449
464
453
480
476
444
391
369
313
343
305
342
318
374
368
321
253
360
369
374
438
407
367
304
325
210
116
161
143
118
149
90
151
116
62
62
62
107
59
188
131
113
256
236
229
127
172
101
81
111
-6
40
-23
72
36
26
110
7
104
-19
-92
-40
5
18
171
301
336
390
391
326
251
166
60
67
54
40
-8
-8
-60
-114
-44
-152
-133
-115
-223
-218
-292
-304
-358
-407
-325
-425
-334
-425
-397
-289
-340
-369
-341
-452
-429
-434
-572
-557
-611
-528
-601
-483
-484
-383
-298
-353
-276
-264
-151
-146
-96
-15
-59
-37
-88
-66
-93
-33
13
75
123
43
53
67
-13
-56
-63
-91
-39
-51
55
127
101
142
90
108
130
191
239
318
300
195
305
160
129
140
20
129
109
219
270
236
312
365
328
372
317
333
416
288
324
241
187
238
210
126
132
119
95
79
156
179
112
16
6
-53
-208
-134
-141
-103
-87
-104
-119
-86
-33
-159
-166
-140
-187
-138
-103
-114
-42
-41
-78
48
1
-57
84
9
-102
-44
-114
-151
-183
-241
-25
-245
41
24
-47
83
84
69
-29
30
-56
16
68
30
124
35
19
5
-34
10
-92
16
-21
18
80
66
24
-84
-107
-118
-110
-188
-173
-187
-193
-154
-176
-280
-293
-218
-216
-142
-130
-223
-167
-189
-220
-233
-285
-267
-224
-225
-164
-149
-200
-254
-199
-157
-149
-96
-117
17
-38
-51
-54
-73
-154
-224
-190
-272
-236
-181
-204
-247
-204
-187
-159
-60
-125
-65
7
-6
107
142
58
145
168
116
97
96
88
123
166
121
174
137
148
108
36
60
75
98
74
114
110
99
134
74
93
66
74
119
56
72
135
180
156
257
314
190
337
196
160
187
122
150
23
75
35
-48
88
54
10
27
30
-5
19
83
-13
109
9
25
-66
-42
-11
-155
-78
-84
5
55
114
108
75
60
51
-17
19
-102
-107
-118
-168
-107
-8
68
16
93
164
173
307
294
346
470
439
475
518
479
486
485
354
363
298
317
341
312
234
277
296
239
303
241
334
281
254
282
200
168
150
127
73
133
152
156
196
180
265
176
170
101
19
-60
-159
-969
-519
761
40
-1221
-1562
-338
827
-252
-1517
-726
-195
-388
-556
-498
-112
-254
-798
-391
348
90
-23
395
287
-1
144
904
1667
1061
99
721
2094
2095
1291
1190
1752
2055
1480
1445
1990
1852
1167
891
1329
1428
863
268
243
334
-181
-850
-1102
-829
-1187
-1843
-2210
-2428
-2421
-2637
-2893
-3059
-3448
-3771
-3655
-3455
-3544
-3829
-3841
-3343
-3151
-3104
-2934
-2441
-1823
-1838
-1945
-1599
-850
-416
-489
-488
-31
411
612
856
915
859
914
1178
1387
1346
1288
1428
1841
1820
1513
1675
1917
1992
1752
1451
1628
2011
2124
1777
1761
1856
2061
2007
1827
2063
2153
2235
2240
2242
2314
2613
2634
2914
2813
2593
3126
3499
3438
2464
548
830
3975
4304
-316
-3908
-684
4038
2591
-2651
-4222
-1665
-424
-1609
-3309
-4090
-3557
-3460
-4774
-4843
-3179
-2470
-3893
-4728
-3989
-3582
-3063
-1100
-458
-3139
-4806
-1927
1682
1143
-1727
-2722
-903
1135
1038
-501
-329
1129
600
-803
-262
1711
2054
505
-298
583
1095
1693
2469
1891
614
110
1026
2416
2993
1768
206
527
1850
2271
1588
1400
1568
826
245
871
1855
1684
797
105
332
1062
1571
1316
709
397
-432
-643
188
620
-231
-1554
-1827
-1017
-762
-1331
-1482
-1735
-2395
-2598
-1864
-1270
-1495
-2337
-2497
-1678
-1343
-1265
-1180
-856
-1075
-1381
-973
97
484
-529
-780
5
627
636
592
596
499
358
711
1433
1612
1267
1129
1357
1819
2128
1970
2234
2276
1918
1996
2714
3276
2705
1748
1557
1981
2236
1883
386
-52
1522
1836
-82
-1579
-102
1428
252
-1459
-1487
-630
-528
-918
-1608
-2253
-2197
-1900
-1964
-2234
-2396
-2598
-2519
-1944
-1925
-2615
-2518
-1336
-1150
-2222
-2591
-1447
-348
-916
-1987
-2083
-1033
-181
-733
-1437
-952
-387
-831
-1062
-287
63
-579
-839
-208
291
13
60
363
628
599
293
684
1461
1398
641
110
1294
2153
1285
597
536
1507
2135
1161
691
732
1012
1447
1151
872
780
812
1130
1459
1146
545
871
1356
1367
1114
829
1186
1620
1380
863
704
1506
1828
1338
1098
1133
1572
1518
1528
1525
1279
1238
1546
1855
1516
1362
1652
2074
1552
1031
1163
1317
1099
591
141
-141
265
-335
-2528
-2524
427
770
-3721
-6368
-2707
1171
-995
-5355
-5667
-3086
-1853
-2961
-4552
-4998
-3649
-3259
-5067
-5018
-2589
-1759
-3670
-4527
-2969
-1878
-1523
-258
-97
-1893
-2311
547
2667
1697
-213
-674
737
2436
2274
833
1015
2432
1824
19
757
3086
3096
1109
348
1190
2403
3123
2839
1688
1491
2198
2483
2799
3247
2967
1920
1582
2541
2938
2731
2439
1989
1172
1681
2907
2663
1439
616
1954
2637
1190
444
752
1462
1303
-339
-632
168
-90
-921
-1329
-1103
-1300
-1862
-1960
-1553
-1342
-2120
-2284
-1379
-1145
-2043
-2212
-775
-463
-1605
-1941
-875
54
-632
-1389
-629
-72
-427
-592
-193
11
-88
-224
114
699
546
129
614
1219
1188
582
162
1121
956
-1574
-1656
1733
2595
-1843
-5029
-1426
3369
1752
-3502
-4400
-1085
737
-554
-2772
-3155
-1597
-1444
-3334
-3392
-1025
-460
-2759
-3899
-2052
-777
-1257
-605
-133
-1781
-2900
-703
1981
1306
-1355
-2307
-575
1384
1177
-866
-971
743
635
-1068
-771
1638
2126
22
-1089
187
1864
2266
1335
561
737
1080
1044
1498
2617
2226
435
406
2290
3235
2134
856
1649
2838
2033
958
1412
2909
3283
1409
-17
1165
2814
2916
1867
562
303
1198
2139
2220
1386
332
400
1579
1799
1311
1217
1346
1465
959
819
2128
2565
1621
729
1031
1878
2236
1952
1220
612
359
928
1420
874
-306
-652
-333
-30
-156
-952
-1040
-902
-1414
-1537
-1379
-1143
-1501
-2515
-2772
-2325
-3281
-4556
-3222
-1461
-3349
-6850
-6262
-2107
-697
-4348
-7249
-5338
-2447
-2289
-4205
-5361
-4176
-2741
-3655
-4859
-3293
-1463
-2172
-3521
-3085
-1342
-685
-247
531
-113
-1293
-172
2934
3805
1510
-196
891
3197
3881
2132
1057
2329
3153
1891
1099
2549
3749
2313
511
1057
2632
3180
2508
1916
1688
1627
1786
2511
3208
2743
1356
1091
2561
3032
2164
2352
2831
2211
1370
1687
3542
4236
2250
792
1655
3208
3507
2449
1652
1891
2105
1452
1676
2491
1798
332
12
637
1317
1236
262
-240
-74
59
660
869
-35
-645
-539
-20
253
175
-60
-327
-483
-488
-153
524
7
-1192
-1193
-514
-49
-182
-1082
-1379
-1352
-1399
-1022
-969
-1392
-1881
-1929
-1597
-1883
-3205
-2734
-565
-698
-3983
-5502
-2052
1385
-349
-4549
-5243
-1873
-73
-1920
-3759
-3799
-2478
-2466
-3878
-3619
-1801
-1335
-3286
-4389
-2969
-1290
-1057
-1439
-1801
-2664
-2663
-665
1450
585
-2256
-2971
-840
1388
753
-1619
-1861
37
303
-932
-635
1291
1607
-189
-713
924
2784
2782
1483
1046
1899
2758
2671
2846
3665
3299
2104
1854
3581
5530
4376
2020
2043
3652
4988
4359
2984
3104
3565
3164
3384
4401
4082
2589
1867
2532
3460
2919
1876
1918
1537
449
334
1261
1418
-301
-2444
-2280
-221
209
-1682
-3327
-3029
-1945
-1713
-1877
-2126
-2261
-2314
-2251
-1706
-1150
-1030
-1301
-1833
-1977
-1323
-560
75
-139
-1238
-1591
-209
1204
1030
-58
-50
594
714
619
-346
-263
1849
2443
-959
-3526
-134
4325
2355
-3017
-3933
-409
1672
-211
-2808
-3435
-2534
-1874
-3276
-4334
-2602
-1797
-3898
-5752
-4382
-1823
-1979
-3432
-3759
-4009
-4027
-2554
-1023
-1731
-3952
-4792
-3500
-1422
-807
-2587
-4351
-3169
-1157
-1330
-2089
-951
48
-875
-1371
340
2429
2722
1902
1386
2352
4052
4741
3945
4072
5042
4485
4498
6046
6880
6123
4681
4871
6572
6804
5852
5380
4920
4954
5400
4989
4362
4248
3740
2687
2644
3014
2742
2543
1437
231
149
494
764
-331
-2235
-2570
-1667
-1845
-2602
-2573
-2948
-3928
-4192
-3354
-2590
-3143
-4305
-4725
-3709
-2896
-3152
-3357
-3154
-2749
-3349
-3363
-1659
-1032
-2324
-2838
-1920
-1071
-713
-732
-596
-519
-633
-188
71
-480
284
1858
916
-1798
-1913
1352
3707
1199
-2798
-2279
1291
2079
-111
-1666
-1785
-1123
-1164
-2172
-2299
-1407
-1362
-3132
-4387
-3081
-908
-970
-2914
-3740
-3605
-2997
-1644
-1165
-2749
-4378
-4041
-2891
-2149
-2156
-2719
-3484
-3781
-3068
-2043
-1487
-1176
-1636
-2329
-1527
500
1664
1387
1205
1302
1812
3243
4519
4527
3496
3657
5446
5791
5382
6011
6563
6573
6097
5928
6902
7898
7208
5794
5787
6735
7319
6640
5385
5315
5552
4676
4334
4749
4087
2896
2245
2160
2062
1318
359
-163
-880
-1669
-2027
-2007
-2560
-3395
-4082
-4593
-4473
-4017
-4498
-5210
-5173
-5353
-5164
-4729
-4542
-5117
-5568
-5005
-4291
-4406
-4711
-4295
-3596
-3574
-3942
-3206
-2248
-1739
-2024
-2332
-1667
-1347
-767
937
1284
-953
-2167
626
4302
3187
-688
-1288
1686
3366
1900
164
301
1241
660
-1059
-871
1378
1479
-1227
-3062
-2024
51
297
-1388
-3001
-3669
-3117
-2052
-1985
-3136
-4420
-4972
-4927
-4159
-3716
-4559
-5314
-5092
-4946
-5351
-4952
-3179
-2679
-4287
-5003
-3355
-807
253
-653
-1665
-637
1503
2691
2216
2182
3811
4279
3553
4050
5659
7209
6740
5198
5529
7380
8687
8351
7326
6876
7500
8056
7752
7776
7706
6454
6009
6360
6072
5732
5420
4605
3369
2818
3221
3453
2350
686
23
55
-1
-473
-1372
-2331
-2461
-2551
-3549
-3722
-3263
-4048
-5204
-5261
-4613
-4704
-5129
-5168
-5233
-5669
-5326
-4418
-4600
-5200
-5080
-4453
-3979
-3732
-3856
-3883
-3087
-2889
-3744
-3055
-822
-561
-3182
-4797
-1270
2385
299
-3226
-2764
384
1568
-41
-1372
-513
809
108
-1453
-903
1263
1576
-761
-2474
-1137
1139
801
-537
-1263
-1951
-1962
-793
-70
-1382
-3109
-3421
-2559
-2036
-2581
-3225
-3364
-3491
-3672
-3880
-3442
-2038
-2127
-3712
-3987
-2161
-419
-414
-869
-625
63
802
1213
2168
3541
3048
2028
2975
4826
6270
6000
4727
5285
6436
6498
7014
7799
7374
6349
6286
7120
7941
7713
6257
6039
6581
5819
5495
6174
5919
4375
2707
2756
4288
3870
1412
18
611
1089
4
-1372
-1347
-1196
-2516
-3935
-3605
-2762
-3758
-5235
-5458
-5149
-4885
-5169
-5569
-5643
-6033
-5942
-5607
-5397
-5067
-5550
-6048
-4998
-3755
-4094
-4761
-3893
-2791
-3633
-4284
-2143
-25
-1501
-4259
-3322
1140
2539
-680
-2780
-749
2062
1786
-133
-302
1407
1771
117
-613
1216
3121
2083
-781
-1138
1364
2642
1605
384
-328
-1003
-572
862
740
-1152
-2851
-2628
-1811
-1775
-2472
-3217
-3590
-3803
-4065
-4318
-3397
-2141
-2982
-4912
-4494
-1960
-633
-1352
-2160
-1961
-906
76
903
1645
1622
1761
2242
2700
4024
5199
4962
4364
4664
5591
6222
6839
6992
6568
6115
6475
7541
7918
7284
6685
6520
6327
6451
6570
5771
5010
4676
4205
3941
3930
3617
2642
2028
1688
996
730
719
-121
-1395
-1838
-1384
-1567
-3285
-3950
-3103
-3352
-4685
-5431
-5014
-4367
-4906
-6228
-6452
-5895
-5539
-6144
-6788
-6112
-5514
-6068
-6402
-5555
-4795
-5477
-5831
-4196
-2710
-3580
-5113
-3898
-718
-352
-3023
-3713
-1233
817
-17
-1838
-1522
339
1203
42
-817
669
2357
1773
368
571
2042
2596
1851
1660
1730
1016
1036
1725
1407
432
-293
-570
-451
-378
-922
-1777
-1767
-1450
-1892
-2634
-2447
-1488
-1599
-2923
-3020
-1728
-1050
-1210
-1575
-1562
-930
-134
468
793
678
729
1758
2719
2959
3044
3475
4222
4607
4831
5300
5917
6204
6069
6187
6921
7296
7176
7021
7008
7132
6867
6641
7023
6697
5448
5050
5428
5700
4770
3227
2734
3250
3158
1919
797
531
475
-87
-1175
-1461
-1459
-2612
-3689
-3879
-3882
-3893
-4687
-5807
-5702
-5532
-6020
-6136
-6302
-6698
-6860
-7209
-6851
-6103
-6344
-6890
-6800
-6457
-6486
-5808
-4591
-4458
-5628
-6402
-4472
-1386
-1773
-4354
-4359
-1893
-385
-1115
-1913
-1306
-154
-209
-905
-451
1452
2472
1107
-219
641
2809
3325
2217
1583
1606
1708
2613
3167
2106
1034
852
1132
1161
945
451
-74
-482
-919
-1106
-1218
-804
-566
-1585
-2591
-1820
-297
-320
-1015
-1383
-1171
-728
-168
755
985
172
83
1422
2470
2602
2316
2583
3328
3641
3779
4382
5391
5553
4808
4888
6232
6963
6584
6058
6241
6663
6391
6461
6748
6597
5803
5187
5415
5827
5191
4032
3479
3523
3266
2672
2212
1834
1342
421
178
235
-462
-1390
-1817
-2130
-2677
-3139
-3414
-3364
-3942
-5020
-5520
-5272
-5176
-6077
-7087
-6880
-6328
-6756
-7331
-7156
-6444
-6640
-7626
-7428
-5542
-4399
-5877
-7485
-5734
-2227
-2186
-5061
-5444
-2336
-706
-2047
-2822
-1639
-360
-321
-994
-605
1121
2178
1400
325
1360
3346
3356
2488
2820
3091
2433
2808
4078
3787
2299
1704
2123
2536
2040
1152
603
436
298
-519
-1360
-950
-272
-1433
-3179
-2727
-943
-1026
-2259
-2736
-2338
-1582
-1116
-1139
-1528
-1245
-250
149
282
434
1015
1827
1817
1897
2704
3253
3733
4110
4104
4720
5625
5955
5927
6219
6799
6880
7132
7141
6966
7123
6725
6670
6923
6373
5606
5219
5144
5166
4758
3847
3269
3051
2444
1951
1621
1046
117
-583
-809
-1064
-1753
-2480
-2935
-3613
-3872
-4250
-4818
-5361
-5629
-5898
-6387
-6602
-6536
-6689
-6996
-7392
-7580
-7686
-7921
-7044
-6235
-7141
-8164
-7551
-5226
-3969
-5555
-6903
-5721
-3499
-2985
-4108
-4062
-2731
-1913
-2250
-2348
-942
897
1048
-162
-199
1664
3584
3423
2541
2414
3055
3796
4194
4243
3781
3074
2886
3217
3360
2971
2217
1635
1612
1423
942
740
1009
690
-367
-936
-244
687
225
-795
-1298
-799
-36
202
138
-335
-444
464
1073
1370
1280
1146
1715
1962
2235
2717
3117
3412
3225
3346
4211
4961
5040
4739
4969
5604
5767
5946
6257
6073
5744
5418
5741
6169
5765
5083
4580
4632
4621
4192
3657
3406
2904
2138
1726
1785
1451
484
-473
-704
-714
-1228
-2028
-2613
-2870
-3450
-4164
-4504
-4694
-5063
-5450
-6076
-6258
-6241
-6484
-6675
-6910
-7436
-8049
-7522
-6118
-6273
-8125
-8938
-6701
-4099
-5100
-7513
-7069
-4466
-3249
-4339
-5225
-4014
-2327
-2420
-3647
-3295
-794
749
-437
-1866
-627
2116
2823
1687
1284
1998
2749
3334
3865
3805
3058
2923
3523
3781
3628
3155
2937
2963
2892
2367
1864
2396
2950
1869
382
535
2366
2655
923
-89
300
1171
1190
1059
926
498
808
1623
2033
2384
2165
1994
2437
2643
2896
3098
3277
3416
3201
3142
3755
4452
4227
3838
4083
4548
4775
4852
4890
4817
4484
4284
4846
5053
4153
3395
3519
4027
3900
2881
2289
2513
2425
1818
1409
1380
1212
656
130
-172
-293
-493
-1072
-1946
-2454
-2563
-2684
-3207
-4125
-4553
-4374
-4636
-4861
-5283
-5854
-5768
-5914
-6849
-7299
-6149
-5396
-6835
-8646
-7911
-4868
-4448
-7266
-8215
-6049
-4126
-4490
-5724
-5666
-4034
-2997
-4027
-4630
-2939
-986
-1320
-2990
-2689
-115
1176
263
-211
656
1185
1725
2518
2782
2241
1675
2176
2946
3294
2558
1697
2057
2639
2478
1637
1611
2760
2711
1317
920
2309
3243
2382
1348
1423
2199
2863
2860
2446
2287
2650
3348
3567
3455
3275
3478
3879
4128
4283
4321
4333
4560
4555
4512
5123
5268
4627
4354
4994
5277
4992
4600
4604
4780
4181
3786
4272
4318
3459
2560
2485
2838
2931
2091
1328
1226
1046
933
748
340
-228
-879
-1105
-827
-908
-1584
-2171
-2233
-2396
-2725
-2940
-3093
-3190
-3825
-4538
-4512
-4096
-3976
-4628
-5437
-5723
-5703
-4969
-4342
-4880
-6392
-7296
-5570
-3440
-4483
-6661
-6623
-4830
-4192
-4952
-5227
-4610
-3846
-4161
-4952
-4103
-2310
-1780
-3022
-3926
-2606
-595
-493
-1395
-1162
-717
-777
-148
680
659
-60
-555
-30
684
730
424
100
3
-79
-185
5
671
854
-299
-826
402
1604
1360
483
415
1149
1545
1485
2026
2539
2114
1597
2349
3834
4261
3286
2996
3984
4872
5054
4974
5329
5633
5454
5349
6008
6737
6517
5490
5258
6234
6825
6245
5402
5497
5468
4860
4495
4873
4747
3550
2609
2682
3395
2990
2109
1446
948
903
826
519
88
-258
-827
-1368
-1496
-1053
-1169
-2142
-2975
-3203
-2598
-2661
-3422
-3890
-4010
-3995
-4181
-4383
-4285
-4177
-4895
-5911
-5445
-3810
-3642
-5653
-7026
-5386
-2926
-3763
-6233
-6126
-4213
-3549
-4657
-5534
-4624
-3440
-3726
-5016
-4657
-2446
-1654
-2858
-3874
-2678
-711
-640
-1735
-1616
-904
-896
-934
-484
-193
-695
-1229
-1094
-472
-360
-586
-896
-1043
-968
-888
-690
-142
156
-509
-941
3
1161
1058
449
560
1031
1211
1654
2254
2421
2349
2411
3073
4108
4590
4524
4488
4676
5184
5759
5941
6058
6079
5715
5838
6780
7233
6637
6182
6177
6491
6622
6155
6010
5836
5043
4553
4499
4449
4210
3204
2209
2280
2664
2128
1385
968
614
194
-43
-210
-906
-985
-1892
-1993
-2067
-2790
-2454
-2584
-3329
-3882
-3711
-3663
-4018
-4454
-4330
-3838
-4363
-5007
-5011
-4663
-4401
-5480
-5888
-4495
-3728
-5124
-6673
-5507
-2880
-3069
-5628
-6393
-4134
-2726
-3892
-4957
-4662
-3358
-3177
-4246
-4322
-2610
-1340
-2341
-3614
-2907
-805
-87
-1199
-1638
-1247
-785
-206
259
110
-577
-759
-361
-399
-489
-407
-575
-1077
-1461
-1216
-703
-160
-250
-898
-1231
-532
631
583
-69
232
825
869
1072
2182
2892
2381
2010
2700
4039
4804
4427
3940
4612
5488
5814
5830
6202
6825
6584
6166
6938
8008
7589
6609
6625
7281
7277
6572
6301
6443
6180
5153
4539
4950
5227
4240
2605
2252
3070
2916
1560
502
493
544
-34
-846
-1341
-1776
-1931
-2278
-3151
-3552
-3525
-3524
-4239
-5036
-4864
-4384
-4996
-5641
-5706
-5557
-5253
-5461
-6005
-5873
-5418
-5920
-6464
-5393
-4061
-4835
-6756
-6464
-3505
-2130
-4539
-6350
-4741
-2711
-2779
-4118
-4550
-3392
-2446
-3249
-3983
-2787
-819
-722
-2749
-3355
-1095
722
-75
-1206
-1184
-631
156
637
445
-176
-346
-89
-24
-242
89
424
-275
-799
-626
-411
-242
-68
-294
-1271
-1489
-178
672
45
-689
-529
40
368
791
1444
1458
1209
1378
2153
3059
3555
3563
3443
3756
4646
5328
5646
5798
5690
5622
6349
7408
7558
6870
6659
7253
7757
7348
6890
7138
7189
6372
5786
5936
6216
5831
4449
3618
3954
4115
3293
2109
1553
1495
1160
522
-152
-612
-919
-1445
-1896
-2055
-2309
-2836
-3327
-3646
-3966
-4048
-4313
-4747
-4873
-5036
-5115
-5027
-5303
-5573
-5389
-5645
-6434
-6202
-4827
-4661
-6302
-7224
-5628
-3410
-4096
-6401
-6583
-4575
-3413
-4392
-5588
-5009
-3382
-3324
-4762
-4707
-2603
-1387
-2805
-4296
-3149
-681
-337
-1553
-2083
-1310
-395
-325
-282
-304
-266
-400
-679
-389
160
86
-701
-958
-446
-353
-746
-508
45
-365
-1050
-705
386
817
249
-82
254
727
1142
1696
2063
1889
1704
2442
3784
4410
4149
3886
4455
5643
5935
5899
6056
6358
6246
6220
6905
7560
7277
6486
6750
7755
7827
6957
6709
6884
6670
5866
5453
5845
5651
4270
2980
3177
3979
3330
1580
515
855
1101
308
-663
-1129
-1216
-1740
-2495
-2440
-2207
-2775
-3890
-4253
-3911
-3839
-4388
-5039
-4964
-4942
-5430
-5363
-4836
-4851
-5382
-5807
-6007
-5403
-4248
-4187
-5684
-6785
-5550
-3251
-3092
-5022
-5957
-4693
-3044
-3288
-4390
-4718
-3712
-2770
-3555
-4461
-3141
-1166
-1436
-3284
-3386
-1379
18
-387
-1577
-1746
-923
-69
77
-261
-482
-553
-624
-605
-183
73
-307
-842
-778
-728
-696
-459
-153
-312
-1273
-1419
-183
613
256
-385
-405
152
662
1054
1492
1662
1141
1169
2515
3883
4058
3325
3190
4252
5368
5705
5635
5638
5604
5954
6579
7161
7194
6559
6284
6829
7294
6887
6605
6638
6166
5264
4856
5509
5938
4485
2695
2701
3838
3949
2372
1261
1301
1558
974
106
-141
-56
-811
-1764
-1745
-1220
-1498
-2573
-3111
-2966
-2767
-3180
-3852
-3703
-3457
-4185
-4591
-4214
-3916
-4306
-5221
-5566
-5305
-4358
-3903
-4933
-6073
-5945
-4495
-3513
-4725
-5976
-5571
-4557
-4244
-4686
-5013
-4715
-4056
-4388
-4814
-4270
-2983
-2533
-3422
-4069
-3319
-1738
-1385
-1968
-2432
-2176
-1397
-693
-814
-1106
-1184
-1240
-1099
-919
-632
-627
-882
-1248
-1043
-671
-520
-407
-305
-522
-680
-191
692
1167
664
182
460
1094
1513
1997
2298
1996
1973
2796
3976
4567
4312
3991
4416
5407
6057
6388
6292
5941
6149
6977
7648
7594
7067
6777
7426
7858
7361
6827
6997
7073
6244
5303
5661
6350
5554
3746
2847
3573
4074
2883
1248
856
1075
893
90
-681
-827
-1196
-2084
-2445
-2092
-2167
-3168
-4074
-3967
-3553
-3821
-4459
-4807
-4830
-5111
-5208
-5093
-4981
-5106
-5761
-5928
-5838
-5223
-4388
-4707
-5966
-6452
-5285
-3759
-4127
-5659
-6256
-5430
-4475
-4560
-5199
-5409
-4862
-4502
-4732
-4643
-3478
-2646
-3164
-3845
-3373
-1863
-988
-1239
-1681
-1641
-931
-171
321
226
-238
-382
49
330
591
642
350
76
-55
289
559
768
652
434
383
642
1173
1563
1539
1083
831
1302
1783
1837
2292
2574
1935
1733
2605
3999
4488
3258
2715
3878
5134
5389
5060
4734
4839
5512
5979
5990
6035
5937
5737
5993
6232
6105
6046
5932
5480
4952
4732
5214
5423
4248
2800
2759
3727
3743
2434
1286
1265
1550
1295
707
302
49
-528
-1133
-918
-599
-1156
-2233
-2655
-2258
-1965
-2534
-3142
-3344
-3209
-3466
-3797
-3508
-3569
-4040
-4260
-4364
-4552
-4130
-3664
-3880
-4870
-5657
-4851
-3461
-3559
-5208
-6066
-5225
-4270
-4338
-5223
-5588
-5225
-4936
-5173
-5150
-4348
-3965
-4304
-4657
-4328
-3367
-2565
-2460
-2966
-3092
-2463
-1721
-1323
-1227
-1515
-1842
-1456
-847
-321
-237
-624
-797
-408
9
187
418
323
405
330
320
898
1633
1823
1200
1093
1786
2559
3028
3044
2865
2833
3233
4136
4865
4853
4324
4254
5062
5848
6175
5825
5481
5954
6474
6688
6569
6395
6481
6429
6310
6279
6289
6294
5762
4993
4768
5103
5097
4257
3226
2809
3105
3130
2536
1760
1287
963
721
483
171
-235
-855
-1409
-1463
-853
-1070
-1976
-2400
-2371
-2235
-2372
-2717
-3056
-3206
-3254
-3500
-3560
-3401
-3530
-4082
-4810
-4770
-4490
-4134
-4256
-5001
-5547
-5598
-4411
-3672
-4654
-5825
-5883
-4859
-4281
-4804
-5454
-5364
-4955
-5133
-5328
-4963
-4367
-4189
-4706
-4887
-3983
-2935
-2639
-2894
-3081
-2552
-1914
-1595
-1173
-1019
-1292
-1431
-955
-107
191
-285
-590
-261
321
634
662
820
944
1132
1201
1270
2006
2667
2446
1971
1961
3053
4039
3598
3030
3154
3830
4633
4672
4337
4287
4565
5013
5089
5205
5164
4947
4925
5114
5615
5700
5116
4959
5495
5533
5046
4871
5067
4809
3969
3439
3719
4152
3381
2002
1742
2379
2394
1517
768
601
854
533
69
-68
-131
-492
-1021
-1161
-867
-754
-1335
-1743
-1824
-1773
-1842
-2027
-2225
-2337
-2521
-2752
-2435
-2267
-2586
-3078
-3516
-3420
-3052
-2928
-3414
-4118
-4280
-3816
-3234
-3429
-4294
-4562
-4235
-3999
-3938
-4169
-4520
-4454
-4410
-4625
-4549
-4077
-3760
-3928
-4358
-4271
-3314
-2646
-2804
-3213
-2995
-2345
-1938
-1754
-1783
-1628
-1439
-1452
-1161
-662
-684
-731
-762
-621
-318
17
342
509
500
592
1118
1611
1673
1675
1543
1746
2192
2374
2580
2767
2860
3110
3351
3720
4163
4351
4215
4157
4742
5163
5317
5103
4916
5212
5438
5472
5622
5303
5134
5420
5339
5147
4948
4838
4680
4167
3734
3560
3695
3405
2505
2034
2111
2257
1860
1157
790
872
645
127
-149
-237
-301
-651
-1158
-1372
-1008
-1042
-1588
-2171
-2423
-2051
-1746
-2224
-2938
-3029
-2587
-2261
-2615
-3060
-3140
-3169
-3273
-3234
-3097
-3356
-3817
-3715
-3509
-3301
-3501
-3879
-4062
-4030
-3938
-4049
-4130
-4356
-4279
-4373
-4754
-4630
-4165
-3953
-4246
-4595
-4374
-3412
-3071
-3515
-3597
-3249
-2830
-2561
-2444
-2490
-2219
-1958
-2057
-1981
-1580
-1254
-1032
-974
-993
-656
-92
435
548
293
311
994
1637
1644
1570
1943
2293
2432
2782
3420
3814
3678
3716
4356
5167
5370
5113
5108
5490
5889
5886
5812
5971
6051
6011
5872
6112
6330
6261
5877
5691
5655
5601
5410
5276
5012
4105
3778
3863
3860
3286
2347
1809
1813
1807
1288
614
266
260
-99
-639
-894
-879
-1057
-1586
-2067
-2330
-2209
-2148
-2522
-3192
-3396
-3100
-2777
-2992
-3523
-3554
-3383
-3262
-3457
-3638
-3629
-3727
-3779
-3635
-3430
-3477
-3797
-3867
-3421
-2981
-3367
-3812
-3476
-3215
-3424
-3713
-3783
-3584
-3522
-3758
-4148
-4008
-3586
-3604
-3660
-3941
-3834
-3246
-3107
-3099
-3090
-2819
-2693
-2427
-2269
-2344
-2286
-1934
-1808
-1869
-1879
-1523
-848
-711
-854
-739
-281
335
511
257
261
790
1531
1729
1415
1521
2275
2803
2721
2874
3294
3508
3887
4107
4363
4709
4822
4889
5161
5428
5669
5893
5764
5824
5926
6088
6146
6119
5824
5444
5793
5868
5575
4930
4684
4881
4636
3972
3442
3456
3416
2731
2048
1882
1954
1590
803
278
278
433
-8
-651
-1013
-984
-903
-1281
-1856
-2101
-2082
-2130
-2323
-2575
-2652
-2647
-2643
-2855
-2907
-2846
-2857
-2808
-3060
-3041
-2974
-3064
-3316
-3176
-2904
-3249
-3894
-3865
-3210
-2911
-3630
-4219
-3907
-3411
-3299
-3774
-4196
-4073
-3758
-3932
-4279
-4180
-3743
-3609
-4033
-4355
-3987
-3307
-3056
-3339
-3692
-3386
-2636
-2200
-2379
-2748
-2365
-1870
-1842
-1821
-1544
-1154
-1029
-1098
-1009
-639
-208
-25
0
94
418
996
1318
1210
1572
2090
2288
2344
2665
3191
3431
3440
3676
4214
4602
4782
4986
5287
5601
5639
5750
6097
6082
5895
5989
6235
6356
6128
5766
5763
6069
6151
5616
5159
5239
5222
4594
3862
3680
3690
3201
2324
1911
2070
1960
1218
552
329
407
308
-232
-766
-858
-796
-1117
-1626
-1800
-1800
-2064
-2374
-2606
-2594
-2558
-2798
-3048
-3105
-2988
-3118
-3146
-3173
-3374
-3261
-3227
-3438
-3496
-3517
-3770
-3866
-3586
-3440
-3757
-4177
-4148
-3574
-3388
-4057
-4424
-4077
-3904
-4087
-4306
-4338
-4205
-4222
-4203
-4110
-3873
-3631
-3610
-3603
-3303
-3028
-2870
-2756
-2500
-2375
-2389
-2050
-1602
-1511
-1568
-1525
-1217
-814
-595
-533
-447
-280
158
479
677
908
1070
1410
1856
2227
2498
2653
2941
3370
3686
3707
3864
4450
4728
4955
4912
5085
5610
5824
5749
5601
5724
6025
6220
6130
5998
5958
6001
5839
5550
5482
5487
5181
4581
4195
4154
3978
3558
2985
2504
2275
2016
1491
1181
930
368
-122
-433
-585
-687
-1164
-1823
-2118
-1883
-1911
-2318
-2583
-2765
-2778
-2870
-3026
-3027
-2984
-3259
-3455
-3132
-2874
-3050
-3208
-3109
-2974
-2877
-2889
-3030
-2808
-2618
-2734
-2857
-2621
-2442
-2584
-2687
-2839
-2678
-2474
-2669
-2905
-2860
-2863
-2901
-2939
-3061
-3230
-3293
-3224
-3232
-3364
-3467
-3562
-3401
-3269
-3328
-3279
-3232
-3144
-3088
-3045
-2838
-2631
-2360
-2407
-2311
-1854
-1589
-1438
-1382
-1233
-998
-670
-387
-133
140
416
606
920
1288
1575
1927
1994
2234
2733
3236
3639
3788
4222
4540
4802
5042
5403
5838
5915
5764
5896
6206
6458
6458
6338
6490
6539
6427
6403
6450
6422
6166
5613
5346
5516
5375
4698
4297
4047
3788
3377
2906
2576
2349
1767
997
700
473
86
-461
-1082
-1393
-1398
-1565
-2028
-2292
-2415
-2577
-2686
-2834
-2829
-2754
-2974
-2924
-2847
-2754
-2864
-3012
-2834
-2917
-2996
-3058
-3059
-3020
-3063
-3235
-3155
-3019
-3058
-3242
-3241
-3009
-3224
-3458
-3632
-3513
-3449
-3832
-4074
-3826
-3614
-3840
-4257
-4340
-4081
-3959
-4267
-4600
-4277
-4079
-4116
-4221
-4190
-3975
-3820
-3714
-3784
-3510
-3240
-3198
-3136
-2912
-2582
-2338
-2137
-1776
-1589
-1337
-1107
-778
-412
-346
-98
113
687
1171
1468
1833
2125
2697
3097
3491
3885
4353
4697
4807
5040
5364
5753
5950
6043
6153
6409
6708
6801
6965
7125
7107
7049
7067
7110
7227
7115
6644
6387
6285
6134
5815
5351
5029
4668
4168
3667
3396
3060
2488
1830
1332
1166
940
416
-219
-706
-882
-1214
-1595
-1752
-2061
-2440
-2890
-3184
-3135
-3169
-3708
-4096
-4149
-4091
-4218
-4477
-4419
-4385
-4566
-4715
-4649
-4226
-4094
-4307
-4511
-4297
-3883
-3874
-4126
-4132
-3883
-3860
-3998
-3961
-3707
-3534
-3708
-3782
-3460
-3164
-3058
-3111
-2992
-2596
-2392
-2558
-2438
-2045
-1952
-2082
-2024
-1694
-1485
-1577
-1739
-1648
-1354
-1291
-1348
-1306
-1081
-875
-735
-668
-663
-448
-326
-297
-151
95
198
279
472
750
903
992
1333
1749
1941
1999
2211
2537
2988
3087
2975
3270
3844
4034
4090
4244
4554
4855
4912
4995
5209
5431
5397
5428
5382
5587
5674
5443
5171
4969
4849
4453
4178
4115
3859
3277
2887
2756
2629
2190
1570
1238
1079
838
357
70
-265
-452
-920
-1352
-1547
-1757
-1921
-2235
-2482
-2475
-2468
-2582
-2552
-2717
-2832
-2774
-2625
-2576
-2547
-2622
-2477
-2341
-2236
-2298
-2278
-2237
-2222
-2187
-2299
-2224
-2030
-1971
-2213
-2311
-2189
-2042
-2194
-2357
-2451
-2394
-2243
-2383
-2602
-2679
-2601
-2505
-2517
-2654
-2610
-2511
-2571
-2545
-2543
-2394
-2307
-2410
-2476
-2255
-2002
-1936
-2005
-2018
-1807
-1501
-1404
-1456
-1263
-1057
-916
-803
-525
-214
-140
-110
181
523
867
919
971
1277
1688
1791
1959
2399
2708
2753
2923
3382
3709
3856
3914
4154
4396
4589
4711
4832
4926
4895
4890
4845
4966
5053
4890
4589
4521
4614
4436
4000
3758
3733
3433
3006
2788
2849
2647
2201
1788
1567
1567
1135
654
377
282
126
-359
-561
-635
-848
-1218
-1614
-1666
-1723
-1929
-2122
-2446
-2419
-2404
-2637
-2736
-2718
-2790
-2995
-3023
-2971
-2910
-3040
-3212
-3372
-3274
-3122
-3281
-3542
-3450
-3338
-3379
-3464
-3589
-3351
-3263
-3508
-3495
-3153
-2827
-2930
-3110
-3105
-2705
-2365
-2533
-2576
-2364
-2053
-2008
-1937
-1697
-1525
-1443
-1429
-1326
-998
-729
-762
-655
-520
-351
-108
3
221
353
393
588
809
1111
1229
1237
1378
1594
1765
1830
1833
1987
2115
2100
2225
2457
2614
2617
2642
2797
2940
3104
3126
3217
3270
3426
3570
3666
3826
3774
3742
3806
3830
3867
3960
3759
3636
3628
3506
3298
3276
3167
2927
2696
2475
2500
2207
1869
1480
1311
1199
933
624
432
203
8
-163
-402
-627
-729
-901
-1104
-1146
-1259
-1484
-1561
-1588
-1786
-1919
-2063
-2041
-2096
-2158
-2326
-2332
-2308
-2390
-2574
-2655
-2732
-2803
-2785
-2834
-2904
-2950
-2886
-2964
-3044
-3069
-3135
-3184
-3314
-3265
-3201
-3310
-3267
-3353
-3244
-3086
-3060
-3018
-3011
-2838
-2682
-2613
-2497
-2283
-2076
-1931
-1765
-1500
-1239
-1155
-1183
-1196
-987
-716
-580
-471
-322
-66
190
440
626
836
1042
1030
1101
1473
1655
1653
1694
1733
1834
2046
2106
2165
2318
2377
2476
2728
2832
2817
2962
3173
3242
3275
3371
3465
3667
3659
3465
3508
3691
3662
3498
3390
3302
3402
3261
3016
2918
2949
2823
2495
2352
2292
2285
1938
1586
1550
1545
1351
1011
843
844
795
643
327
238
204
43
-89
-341
-344
-399
-595
-584
-593
-586
-711
-875
-930
-1061
-1155
-1289
-1455
-1552
-1625
-1825
-1923
-1930
-1997
-2245
-2515
-2564
-2632
-2692
-2954
-3275
-3309
-3335
-3659
-3852
-3783
-3789
-3909
-4194
-4303
-4031
-3989
-4178
-4299
-4097
-3766
-3692
-3684
-3553
-3318
-3173
-3016
-2922
-2582
-2377
-2273
-2265
-1977
-1551
-1326
-1142
-940
-584
-203
237
566
795
1030
1189
1315
1596
1937
2037
2038
2211
2541
2733
2866
2919
2962
3083
3120
3284
3414
3544
3526
3497
3629
3729
3680
3707
3685
3558
3405
3424
3482
3532
3384
3102
2965
2994
3033
2734
2473
2364
2375
2198
1965
1994
1998
1838
1520
1437
1526
1525
1264
950
905
949
780
561
406
332
280
161
77
94
83
-47
-146
-255
-165
-256
-458
-601
-626
-589
-739
-966
-1079
-1151
-1310
-1524
-1686
-1806
-2166
-2459
-2634
-2836
-3028
-3302
-3510
-3653
-3864
-3994
-4089
-4239
-4420
-4556
-4762
-4789
-4695
-4688
-4780
-4773
-4637
-4424
-4188
-4014
-3884
-3699
-3403
-3224
-2930
-2576
-2321
-2068
-1848
-1453
-946
-473
-225
61
400
764
1204
1486
1696
1958
2305
2454
2696
3010
3254
3273
3360
3586
3716
3795
3743
3679
3678
3650
3605
3578
3681
3603
3427
3347
3301
3285
3187
2962
2905
2897
2696
2491
2378
2247
2054
1819
1643
1595
1461
1280
932
877
859
695
558
498
624
539
360
334
403
276
17
-129
-28
-49
-281
-417
-455
-326
-319
-374
-490
-378
-280
-485
-471
-351
-282
-522
-725
-698
-557
-615
-818
-852
-871
-867
-1051
-1183
-1052
-1100
-1326
-1600
-1682
-1585
-1777
-2091
-2189
-2278
-2445
-2497
-2713
-2738
-2816
-3121
-3261
-3239
-3102
-3158
-3343
-3232
-3064
-3040
-3038
-3052
-2872
-2810
-2827
-2684
-2344
-2110
-2081
-2027
-1815
-1419
-1074
-1010
-807
-488
-190
104
356
580
808
1090
1262
1429
1724
2006
2181
2254
2364
2500
2675
2836
2919
2940
2976
3029
3244
3346
3327
3215
3256
3209
3243
3355
3350
3483
3434
3415
3320
3328
3279
3144
2868
2672
2599
2474
2364
2105
1969
1819
1533
1384
1331
1147
1015
780
588
562
383
182
41
-121
-183
-294
-483
-499
-552
-702
-856
-1018
-1046
-974
-1260
-1369
-1366
-1217
-1135
-1360
-1342
-1240
-1113
-1215
-1399
-1313
-1184
-1430
-1677
-1768
-1740
-1777
-2171
-2427
-2364
-2469
-2646
-2825
-2884
-2924
-3077
-3203
-3262
-3309
-3381
-3483
-3572
-3370
-3361
-3493
-3576
-3502
-3270
-3274
-3260
-3140
-2996
-2873
-2785
-2626
-2356
-2155
-1956
-1885
-1613
-1219
-904
-600
-457
-114
281
505
772
1220
1435
1581
1836
1960
2315
2625
2757
2957
3118
3309
3462
3548
3687
3746
3792
3871
3875
3936
3961
3901
3770
3771
3727
3707
3720
3569
3492
3386
3347
3289
3224
2978
2770
2631
2598
2445
2230
2137
1985
1832
1646
1529
1328
1264
1049
847
819
732
570
385
239
174
75
-139
-297
-399
-420
-608
-780
-745
-709
-788
-1070
-1214
-1107
-1084
-1316
-1570
-1506
-1480
-1555
-1795
-1750
-1535
-1725
-1866
-1810
-1687
-1657
-1920
-2092
-2177
-2236
-2447
-2732
-2782
-2787
-2971
-3076
-3084
-2994
-3090
-3295
-3413
-3320
-3240
-3381
-3372
-3379
-3166
-3101
-3191
-3092
-2879
-2788
-2655
-2510
-2190
-2010
-1872
-1623
-1470
-1211
-1029
-833
-621
-414
-267
11
220
487
584
705
977
1157
1386
1477
1727
2032
2186
2268
2398
2663
2761
2735
2728
2838
2951
3062
3040
3069
3233
3230
3267
3354
3413
3481
3367
3319
3424
3387
3307
3180
3032
3020
2903
2731
2621
2468
2284
1981
1958
1821
1685
1546
1251
1203
1102
960
828
645
526
329
194
56
-135
-211
-401
-570
-743
-757
-754
-779
-926
-1052
-1038
-974
-1061
-1261
-1229
-1197
-1234
-1376
-1416
-1340
-1398
-1540
-1698
-1771
-1662
-1853
-2033
-2145
-2165
-2236
-2413
-2532
-2632
-2642
-2820
-2928
-2931
-2823
-2931
-3021
-3029
-2965
-2836
-2863
-2888
-2830
-2746
-2610
-2535
-2462
-2321
-2176
-2000
-1872
-1677
-1453
-1305
-1118
-968
-763
-551
-409
-231
-74
164
364
632
796
873
980
1115
1336
1387
1580
1727
1806
1941
2099
2226
2377
2551
2493
2528
2602
2663
2708
2690
2694
2776
2769
2833
2974
2890
2841
2823
2844
2832
2802
2814
2661
2672
2590
2525
2509
2403
2278
2139
1923
1944
1894
1732
1456
1288
1282
1069
1000
787
592
420
303
105
-127
-174
-326
-490
-609
-688
-764
-777
-967
-1154
-1180
-1327
-1398
-1465
-1554
-1666
-1731
-1894
-1977
-2020
-2107
-2183
-2347
-2372
-2325
-2408
-2483
-2594
-2619
-2574
-2647
-2605
-2522
-2387
-2449
-2501
-2300
-2414
-2478
-2575
-2642
-2487
-2570
-2575
-2499
-2424
-2266
-2212
-2168
-2139
-1953
-1820
-1865
-1752
-1480
-1310
-1276
-1161
-977
-746
-584
-504
-366
-232
2
105
199
428
668
843
862
1024
1217
1335
1462
1557
1721
1874
1971
2173
2375
2554
2633
2709
2804
2896
3024
3002
3083
3152
3238
3241
3265
3289
3281
3275
3304
3242
3218
3147
3049
2992
2866
2748
2712
2772
2607
2493
2458
2399
2257
1892
1603
1495
1357
1085
843
663
597
465
222
20
36
-72
-226
-371
-538
-528
-650
-850
-1033
-1153
-1174
-1288
-1439
-1521
-1641
-1668
-1823
-1980
-2002
-2122
-2166
-2305
-2304
-2246
-2323
-2326
-2423
-2384
-2421
-2459
-2550
-2656
-2622
-2698
-2784
-2786
-2732
-2666
-2784
-2787
-2731
-2636
-2641
-2751
-2711
-2633
-2468
-2455
-2305
-2238
-2156
-2086
-2094
-2001
-1771
-1669
-1666
-1497
-1259
-1002
-886
-823
-611
-382
-221
62
191
361
566
622
706
751
889
1080
1147
1317
1355
1469
1657
1765
1882
1902
1978
2126
2344
2290
2397
2459
2543
2683
2645
2821
2955
3034
3012
3029
3108
3118
3214
3152
3123
3155
3099
3071
3040
2909
2729
2618
2596
2611
2509
2413
2297
2302
2166
1990
1864
1758
1761
1546
1338
1223
1098
956
591
327
135
-39
-169
-471
-580
-697
-891
-998
-1160
-1245
-1431
-1524
-1677
-1829
-1948
-2195
-2287
-2405
-2472
-2607
-2716
-2800
-2939
-3054
-3155
-3166
-3255
-3264
-3168
-3149
-3099
-3082
-3009
-3054
-3050
-2989
-2952
-2877
-2861
-2730
-2668
-2546
-2504
-2469
-2312
-2222
-2167
-2149
-1970
-1721
-1607
-1592
-1452
-1278
-1225
-1068
-933
-799
-586
-430
-351
-300
-152
-5
92
281
399
559
719
906
1093
1252
1277
1437
1646
1728
1767
1740
1959
2107
2153
2252
2336
2473
2525
2626
2677
2871
3007
3079
3049
3176
3278
3273
3353
3240
3165
3253
3256
3124
3138
2943
2850
2773
2673
2615
2434
2286
2164
2089
1965
1842
1641
1487
1293
1111
940
780
594
346
152
-71
-192
-326
-606
-854
-1028
-1172
-1333
-1510
-1613
-1681
-1727
-1866
-1963
-1997
-2048
-2060
-2181
-2244
-2190
-2223
-2261
-2339
-2356
-2385
-2436
-2447
-2406
-2348
-2335
-2405
-2361
-2344
-2306
-2364
-2438
-2245
-2143
-2072
-2012
-1913
-1758
-1656
-1583
-1617
-1577
-1500
-1504
-1374
-1248
-1087
-1058
-1010
-939
-780
-595
-452
-393
-293
-133
-2
80
223
348
310
380
530
605
680
810
811
886
851
875
987
981
960
861
900
1087
1072
1027
1083
1141
1195
1192
1280
1423
1554
1614
1564
1657
1801
1906
1975
1994
2069
2198
2253
2288
2331
2263
2220
2101
2119
2175
2157
2143
2105
2206
2111
2110
2059
1943
1806
1706
1614
1541
1356
1194
1015
884
817
650
541
301
241
105
33
-123
-245
-361
-533
-668
-957
-1036
-1214
-1374
-1497
-1582
-1632
-1715
-1853
-1990
-2029
-2176
-2258
-2432
-2533
-2508
-2686
-2741
-2744
-2802
-2939
-3099
-3203
-3136
-3004
-2979
-3023
-2970
-2793
-2750
-2747
-2671
-2563
-2499
-2384
-2359
-2090
-1861
-1805
-1634
-1521
-1357
-1156
-1044
-921
-754
-542
-388
-318
-134
51
147
329
471
596
861
1013
1193
1315
1371
1575
1619
1756
1861
1854
1933
2023
2206
2256
2211
2282
2368
2359
2506
2593
2611
2732
2782
2847
2870
2904
2897
2877
2810
2821
2894
2844
2769
2749
2610
2647
2654
2559
2562
2488
2368
2118
2004
1859
1676
1621
1386
1172
1079
949
804
613
412
223
113
5
-265
-434
-632
-796
-941
-1134
-1287
-1333
-1386
-1532
-1748
-1914
-1984
-2185
-2381
-2510
-2535
-2524
-2595
-2733
-2775
-2720
-2863
-2862
-2963
-3029
-2994
-3116
-3147
-3251
-3223
-3278
-3302
-3274
-3206
-3047
-3001
-2874
-2862
-2760
-2708
-2599
-2459
-2450
-2262
-2091
-1902
-1787
-1619
-1479
-1263
-1000
-847
-622
-470
-159
-96
36
201
347
530
677
861
1083
1246
1414
1606
1691
1877
1903
1976
2100
2246
2403
2411
2457
2654
2672
2735
2695
2752
2889
2851
2867
2971
3080
3110
3085
3036
3059
2994
2885
2871
2774
2692
2565
2436
2387
2244
2135
2036
1947
1906
1814
1670
1501
1483
1296
967
864
760
659
556
478
359
395
180
-16
-41
-224
-297
-421
-580
-564
-608
-585
-632
-831
-880
-970
-1060
-1158
-1263
-1338
-1335
-1513
-1586
-1669
-1744
-1798
-1885
-2049
-2136
-2160
-2277
-2305
-2346
-2437
-2433
-2483
-2547
-2537
-2564
-2587
-2538
-2556
-2598
-2506
-2561
-2535
-2509
-2454
-2334
-2299
-2235
-2229
-2049
-1921
-1912
-1812
-1766
-1652
-1464
-1361
-1292
-1126
-1020
-859
-827
-707
-591
-500
-375
-308
-168
-62
120
205
405
515
583
760
853
963
1082
1135
1252
1322
1407
1574
1667
1813
1926
2064
2205
2296
2463
2532
2565
2650
2717
2784
2792
2826
2862
2879
2904
2884
2816
2817
2790
2680
2610
2531
2482
2401
2241
2099
2066
1974
1936
1844
1722
1690
1579
1491
1398
1258
1127
970
787
686
548
456
360
328
358
299
237
107
-12
-59
-268
-403
-518
-606
-668
-869
-903
-1041
-1193
-1344
-1443
-1562
-1727
-1821
-1991
-2017
-2147
-2280
-2389
-2410
-2444
-2518
-2539
-2635
-2614
-2640
-2758
-2811
-2890
-2881
-2896
-2968
-2957
-2976
-2957
-2996
-2892
-2856
-2834
-2650
-2619
-2489
-2349
-2234
-2063
-1933
-1812
-1707
-1624
-1467
-1335
-1133
-1003
-901
-661
-500
-369
-124
11
156
397
530
720
817
986
1088
1275
1485
1623
1780
1929
2048
2182
2388
2461
2584
2595
2681
2734
2860
2941
2961
2970
2939
2995
2952
2881
2902
2798
2840
2780
2547
2604
2487
2424
2388
2239
2232
2136
2030
1866
1722
1555
1494
1367
1237
1215
1133
994
897
825
697
703
551
505
484
362
311
130
-30
-154
-323
-381
-440
-600
-674
-795
-969
-1107
-1303
-1467
-1644
-1727
-1823
-1915
-1992
-1949
-2049
-2167
-2221
-2215
-2254
-2338
-2392
-2401
-2408
-2435
-2419
-2385
-2443
-2439
-2449
-2505
-2370
-2360
-2365
-2353
-2329
-2274
-2218
-2248
-2229
-2189
-2066
-2021
-1888
-1748
-1606
-1451
-1361
-1221
-1166
-966
-844
-792
-532
-325
-202
-41
178
282
342
517
588
781
873
884
1043
1176
1329
1424
1548
1634
1786
1899
1983
2076
2150
2232
2276
2354
2381
2469
2452
2452
2473
2464
2466
2452
2359
2409
2338
2212
2209
2152
2089
1989
1982
1978
1930
1832
1747
1630
1445
1345
1261
1235
1170
1008
994
860
729
666
535
390
322
250
281
134
144
91
-25
-52
-165
-240
-329
-450
-573
-713
-799
-943
-1156
-1341
-1429
-1560
-1607
-1707
-1792
-1860
-1922
-1972
-2079
-2131
-2176
-2188
-2306
-2348
-2344
-2380
-2456
-2457
-2507
-2472
-2402
-2455
-2374
-2384
-2407
-2430
-2341
-2230
-2101
-1964
-1863
-1742
-1658
-1522
-1394
-1303
-1083
-1046
-999
-889
-730
-529
-432
-236
-139
46
219
386
537
621
773
867
1055
1208
1308
1398
1492
1583
1666
1752
1738
1815
1868
2015
2037
2171
2269
2265
2272
2255
2287
2279
2244
2229
2265
2240
2239
2250
2310
2332
2303
2263
2244
2188
2072
1960
1836
1748
1590
1453
1380
1238
1141
988
875
798
625
568
470
334
275
125
38
-64
-233
-319
-427
-530
-552
-661
-783
-839
-953
-888
-960
-1053
-1013
-1155
-1196
-1335
-1348
-1415
-1541
-1610
-1664
-1774
-1783
-1885
-2012
-2042
-2049
-2086
-2067
-2037
-2057
-2050
-2062
-2060
-2059
-2064
-2095
-2022
-1946
-1873
-1746
-1587
-1496
-1320
-1293
-1238
-1191
-1089
-1043
-1087
-969
-897
-811
-727
-650
-613
-473
-350
-215
-35
83
198
225
254
288
342
390
318
327
310
421
437
458
537
633
742
695
795
856
907
980
989
1116
1251
1239
1309
1426
1416
1513
1570
1595
1682
1768
1784
1817
1868
1965
1840
1752
1730
1775
1653
1616
1567
1411
1556
1419
1375
1450
1426
1424
1382
1424
1351
1332
1270
1221
1173
1033
1059
955
883
936
752
767
738
669
649
553
507
416
366
213
165
104
29
-140
-242
-371
-476
-647
-775
-878
-971
-1000
-1226
-1283
-1355
-1505
-1568
-1629
-1798
-1885
-2035
-2088
-2218
-2327
-2326
-2404
-2351
-2404
-2487
-2485
-2497
-2505
-2619
-2556
-2566
-2565
-2473
-2502
-2404
-2371
-2248
-2138
-2059
-1892
-1790
-1684
-1613
-1424
-1311
-1223
-1043
-900
-676
-578
-449
-286
-226
-75
92
146
314
406
618
784
932
1140
1253
1387
1551
1651
1662
1908
1979
2068
2166
2249
2252
2299
2397
2397
2458
2435
2445
2481
2478
2525
2525
2404
2422
2391
2230
2162
2085
1981
1869
1709
1640
1557
1422
1270
1183
1126
1010
889
764
819
752
694
661
529
500
367
252
111
27
-71
-213
-192
-316
-274
-346
-493
-555
-680
-806
-981
-1007
-1208
-1364
-1489
-1621
-1663
-1678
-1773
-1853
-1896
-1942
-2036
-2045
-2025
-2099
-2082
-2039
-2025
-1921
-1821
-1824
-1704
-1730
-1694
-1654
-1658
-1621
-1520
-1495
-1413
-1320
-1257
-1081
-1053
-899
-789
-716
-590
-540
-470
-373
-271
-225
-133
-151
-94
33
152
298
448
633
716
875
847
984
1086
1095
1150
1170
1267
1268
1355
1377
1427
1436
1486
1558
1542
1533
1538
1593
1609
1525
1518
1551
1472
1437
1306
1224
1156
1069
942
915
954
904
906
856
834
831
772
747
724
724
682
556
523
468
412
271
171
151
95
66
42
-9
36
-60
-71
-109
-143
-138
-221
-282
-324
-351
-407
-450
-519
-535
-551
-605
-671
-696
-730
-737
-855
-963
-1068
-1126
-1195
-1305
-1328
-1402
-1423
-1432
-1522
-1563
-1533
-1586
-1559
-1606
-1583
-1562
-1523
-1497
-1493
-1478
-1420
-1364
-1370
-1295
-1221
-1138
-1146
-1057
-943
-955
-870
-830
-831
-796
-861
-846
-745
-664
-564
-451
-462
-371
-320
-269
-188
-163
-84
-41
34
209
315
411
470
534
598
652
754
876
950
1097
1237
1407
1529
1618
1824
1926
1960
2037
2088
2078
2152
2153
2180
2177
2213
2245
2272
2294
2354
2392
2319
2396
2358
2382
2274
2271
2255
2149
2092
1951
1848
1751
1638
1433
1263
1170
1029
856
761
650
564
423
294
307
94
36
-102
-272
-326
-564
-659
-799
-839
-974
-1072
-1181
-1325
-1371
-1575
-1669
-1737
-1824
-1901
-2058
-2189
-2266
-2387
-2462
-2581
-2603
-2582
-2652
-2647
-2722
-2740
-2799
-2876
-2899
-2923
-2889
-2822
-2685
-2585
-2480
-2402
-2320
-2203
-2171
-2049
-2013
-1914
-1781
-1649
-1419
-1257
-953
-802
-637
-399
-271
-149
25
75
149
283
420
470
601
751
848
914
990
1107
1162
1258
1324
1384
1483
1620
1689
1771
1853
1928
2005
2024
2084
2158
2152
2162
2191
2218
2179
2207
2242
2230
2233
2270
2299
2249
2190
2201
2147
2073
2019
1924
1827
1771
1713
1672
1587
1507
1441
1351
1265
1104
1062
883
789
616
506
422
313
322
249
154
45
-29
-164
-208
-255
-277
-313
-407
-448
-546
-587
-716
-852
-1012
-1153
-1255
-1374
-1467
-1469
-1563
-1576
-1586
-1741
-1702
-1782
-1782
-1899
-1916
-2066
-2050
-2058
-2175
-2083
-2172
-2027
-2022
-1990
-1951
-1878
-1714
-1717
-1624
-1547
-1493
-1365
-1249
-1176
-1092
-1039
-933
-914
-869
-834
-831
-761
-747
-690
-618
-586
-545
-476
-417
-421
-292
-261
-238
-79
-57
-10
86
102
158
251
342
409
478
628
630
730
759
805
869
922
1129
1072
1177
1287
1275
1369
1423
1483
1524
1556
1569
1584
1656
1693
1666
1735
1806
1854
1890
1803
1805
1811
1754
1804
1812
1813
1829
1809
1824
1854
1825
1715
1632
1458
1408
1278
1150
1087
938
864
712
624
519
344
271
169
86
-38
-115
-196
-279
-318
-446
-626
-729
-869
-1018
-1116
-1295
-1388
-1549
-1602
-1747
-1878
-1905
-2018
-2025
-2154
-2154
-2174
-2155
-2140
-2155
-2139
-2134
-2111
-2068
-2031
-1915
-1879
-1825
-1781
-1722
-1643
-1613
-1445
-1391
-1300
-1167
-1141
-1112
-1021
-933
-801
-787
-691
-523
-435
-362
-292
-242
-193
-136
-50
13
75
172
246
304
452
564
595
762
776
842
943
982
1025
1102
1241
1314
1360
1485
1582
1704
1836
1890
1931
1982
1991
1929
1906
1822
1758
1716
1603
1607
1516
1483
1435
1438
1435
1415
1436
1424
1436
1418
1431
1371
1299
1184
1079
997
870
719
619
532
419
400
274
255
148
118
52
-30
-180
-245
-329
-507
-568
-697
-803
-949
-1030
-1177
-1222
-1326
-1299
-1317
-1429
-1392
-1450
-1492
-1492
-1515
-1489
-1504
-1480
-1449
-1475
-1504
-1535
-1545
-1538
-1534
-1504
-1495
-1526
-1443
-1387
-1427
-1302
-1208
-1119
-1004
-952
-870
-694
-577
-614
-525
-503
-513
-461
-476
-471
-435
-427
-351
-343
-249
-230
-201
-170
-138
-67
-66
80
79
104
129
184
268
281
246
264
341
389
475
510
604
641
668
806
798
850
860
914
964
987
1113
1120
1210
1195
1287
1300
1363
1462
1480
1563
1576
1584
1603
1582
1624
1638
1595
1600
1540
1587
1611
1592
1588
1475
1483
1458
1368
1415
1343
1236
1197
1141
1046
1004
942
865
798
696
592
443
361
169
53
-39
-203
-325
-398
-550
-637
-728
-942
-1007
-1156
-1332
-1449
-1546
-1653
-1751
-1826
-1971
-2065
-2088
-2209
-2258
-2298
-2326
-2339
-2371
-2311
-2376
-2344
-2356
-2380
-2368
-2375
-2232
-2229
-2194
-2028
-1970
-1884
-1706
-1609
-1500
-1416
-1313
-1210
-1145
-1000
-928
-923
-780
-740
-679
-513
-512
-416
-317
-230
-133
17
132
253
449
520
671
784
916
1046
1178
1258
1347
1480
1605
1668
1704
1801
1873
1856
1864
1798
1847
1934
1899
2003
2092
2166
2191
2337
2333
2350
2393
2239
2203
2094
2106
2057
2006
1911
1900
1851
1854
1778
1701
1688
1604
1568
1425
1423
1269
1220
1108
931
861
788
647
485
373
205
29
-124
-293
-423
-461
-631
-681
-737
-828
-873
-1036
-1125
-1278
-1423
-1544
-1650
-1781
-1795
-1861
-1859
-1911
-1974
-1965
-2101
-2081
-2161
-2169
-2245
-2248
-2260
-2243
-2151
-2156
-2049
-2023
-2002
-1896
-1848
-1801
-1666
-1677
-1576
-1436
-1414
-1265
-1139
-1048
-963
-848
-840
-767
-686
-710
-674
-675
-570
-418
-389
-280
-117
-59
23
142
117
169
319
365
459
590
573
700
742
748
828
885
916
978
1052
1060
1125
1163
1194
1182
1253
1322
1413
1464
1512
1620
1690
1634
1609
1589
1553
1575
1561
1601
1665
1681
1763
1726
1655
1613
1603
1528
1508
1445
1377
1381
1300
1340
1274
1196
1104
1014
959
785
733
614
455
411
287
252
88
132
6
-147
-163
-346
-420
-564
-664
-715
-795
-866
-1020
-1103
-1105
-1203
-1219
-1244
-1247
-1269
-1301
-1306
-1350
-1398
-1402
-1437
-1433
-1469
-1495
-1477
-1498
-1519
-1515
-1537
-1538
-1480
-1517
-1478
-1396
-1334
-1267
-1212
-1166
-1107
-1105
-1029
-954
-895
-787
-762
-664
-636
-548
-506
-447
-343
-250
-155
-112
-150
-111
-79
-112
-125
-38
3
46
54
92
183
218
173
178
324
299
380
473
556
643
760
840
853
898
949
1021
1030
1162
1231
1281
1292
1330
1342
1291
1328
1333
1323
1347
1394
1396
1348
1329
1289
1252
1203
1216
1151
1140
1066
939
903
800
790
769
796
748
765
797
817
809
744
689
596
509
477
388
331
224
144
38
-96
-36
-92
-204
-267
-325
-452
-505
-586
-746
-799
-948
-1043
-1122
-1188
-1218
-1296
-1272
-1369
-1366
-1393
-1429
-1393
-1513
-1480
-1472
-1452
-1403
-1371
-1291
-1289
-1326
-1217
-1222
-1222
-1136
-1160
-1128
-1104
-1089
-940
-914
-886
-785
-713
-685
-603
-539
-528
-439
-372
-361
-322
-239
-194
-165
-111
-28
-5
54
104
140
313
392
508
619
663
767
775
856
953
929
964
1012
982
1026
1068
1041
1049
1065
1059
1082
1092
1150
1168
1205
1139
1181
1102
1018
1066
1031
1046
1024
1002
974
973
942
981
964
956
913
895
857
858
836
798
720
728
666
605
538
440
369
230
239
119
169
101
-17
43
-14
-46
-40
-170
-183
-279
-351
-433
-570
-650
-723
-831
-899
-901
-1000
-1093
-1083
-1163
-1227
-1275
-1326
-1334
-1425
-1413
-1519
-1563
-1590
-1592
-1618
-1688
-1674
-1703
-1746
-1686
-1709
-1726
-1694
-1601
-1514
-1406
-1288
-1178
-1017
-919
-781
-728
-645
-559
-548
-458
-355
-345
-188
-200
-145
-36
-37
54
55
138
198
288
415
497
600
698
796
852
896
936
959
943
987
1073
1122
1174
1317
1356
1471
1544
1450
1495
1471
1397
1459
1437
1446
1521
1505
1484
1439
1447
1306
1264
1200
1108
1152
1178
1226
1302
1292
1306
1281
1230
1207
1175
1126
1021
998
931
800
728
555
468
448
226
266
215
153
107
21
-6
-82
-160
-324
-411
-545
-670
-740
-840
-946
-997
-1105
-1256
-1231
-1243
-1336
-1347
-1423
-1451
-1486
-1494
-1577
-1600
-1657
-1666
-1605
-1637
-1626
-1689
-1633
-1634
-1616
-1556
-1551
-1526
-1490
-1485
-1494
-1428
-1437
-1371
-1310
-1342
-1180
-1133
-1063
-995
-985
-861
-779
-698
-621
-571
-479
-326
-224
-155
-17
126
157
288
387
445
616
636
736
855
929
1003
1030
1023
1034
996
1093
1154
1166
1331
1321
1492
1556
1563
1517
1484
1416
1387
1384
1288
1336
1309
1367
1347
1371
1321
1294
1298
1253
1216
1172
1112
1115
1067
1010
1016
927
939
866
711
728
625
530
496
369
352
356
332
270
211
152
18
-9
-60
-154
-180
-217
-244
-297
-343
-429
-427
-450
-459
-521
-583
-598
-689
-708
-731
-799
-831
-844
-865
-926
-908
-879
-915
-954
-917
-1014
-1113
-1055
-1129
-1065
-1053
-950
-912
-882
-804
-780
-824
-726
-691
-720
-642
-688
-605
-641
-623
-601
-630
-611
-602
-568
-534
-543
-455
-411
-419
-373
-408
-405
-359
-349
-328
-346
-328
-334
-329
-356
-367
-431
-324
-325
-328
-262
-228
-170
-79
33
14
81
146
175
261
308
389
452
533
597
653
710
767
767
752
801
775
820
823
841
886
956
960
1048
1056
1016
1047
1025
998
984
845
798
775
758
792
757
815
772
769
810
816
808
753
733
622
574
538
453
339
246
216
139
92
80
57
47
-7
-62
-137
-218
-284
-380
-479
-513
-610
-674
-683
-770
-745
-770
-814
-745
-782
-816
-864
-938
-970
-986
-1044
-1083
-1077
-1120
-1074
-1027
-927
-853
-761
-622
-571
-509
-419
-361
-310
-283
-250
-248
-247
-143
-118
-59
-49
11
92
136
197
223
275
287
285
251
247
253
247
310
318
370
367
397
433
432
458
421
439
444
426
476
486
544
608
658
629
660
687
704
684
654
625
582
563
496
434
449
416
411
396
409
429
419
422
351
427
406
344
386
377
328
204
166
57
31
-67
-100
-86
-150
-100
-146
-142
-155
-147
-199
-266
-303
-320
-386
-376
-408
-415
-497
-555
-548
-634
-632
-647
-641
-643
-708
-689
-716
-719
-673
-656
-636
-570
-600
-527
-559
-580
-479
-567
-453
-432
-396
-336
-347
-297
-356
-316
-323
-321
-297
-369
-296
-319
-341
-280
-318
-289
-302
-312
-298
-315
-312
-348
-318
-296
-280
-204
-217
-133
-119
-63
-8
52
49
43
100
73
84
132
56
69
134
148
231
276
353
433
458
535
585
611
737
745
798
859
892
907
936
961
881
939
1000
989
1065
1101
1194
1205
1275
1325
1329
1394
1419
1413
1370
1341
1333
1242
1183
1052
1007
940
802
719
692
631
482
422
280
192
114
-29
-113
-219
-356
-446
-541
-629
-662
-793
-850
-879
-937
-941
-992
-1013
-1111
-1163
-1199
-1234
-1365
-1385
-1393
-1460
-1397
-1450
-1424
-1452
-1460
-1389
-1418
-1409
-1406
-1350
-1306
-1206
-1173
-1057
-951
-910
-841
-801
-775
-764
-706
-695
-661
-587
-577
-574
-529
-551
-542
-518
-424
-357
-229
-67
8
181
226
280
345
351
389
382
395
470
428
480
528
574
548
568
612
609
704
697
778
878
943
952
985
926
885
839
782
730
674
654
666
750
763
806
860
924
895
866
833
797
847
826
830
863
891
859
803
748
695
632
629
547
556
533
509
483
408
411
297
223
139
147
88
67
101
70
71
37
-21
-67
-170
-238
-262
-269
-305
-324
-337
-309
-295
-393
-422
-456
-499
-417
-397
-407
-437
-422
-448
-550
-539
-594
-582
-630
-665
-631
-672
-685
-628
-641
-612
-551
-523
-479
-480
-455
-402
-358
-418
-456
-425
-511
-571
-543
-635
-578
-524
-516
-428
-444
-408
-369
-415
-407
-481
-527
-511
-546
-482
-480
-450
-403
-364
-362
-288
-300
-246
-178
-127
-127
-119
-98
-37
-67
-79
-32
36
114
170
239
258
311
295
302
307
359
318
355
434
505
611
640
740
777
850
929
981
1056
1046
1137
1047
1082
1129
1100
1088
1018
1026
949
989
986
978
956
907
938
861
819
813
728
708
598
590
509
416
396
240
229
65
-39
-128
-195
-281
-404
-445
-604
-723
-838
-935
-1000
-1111
-1134
-1125
-1154
-1167
-1138
-1127
-1122
-1137
-1066
-1095
-1107
-1020
-1061
-1076
-1077
-1006
-950
-885
-836
-732
-721
-681
-581
-629
-533
-474
-445
-372
-283
-195
-119
-67
-61
-9
45
83
156
223
239
316
371
394
487
464
487
573
545
612
602
605
661
706
708
756
763
752
755
687
679
651
589
652
636
619
617
588
579
606
580
499
541
533
486
432
310
288
236
177
171
100
53
82
60
20
22
-7
-46
-80
-158
-205
-212
-266
-373
-418
-450
-577
-578
-609
-596
-621
-643
-700
-723
-725
-850
-788
-810
-725
-672
-611
-539
-596
-546
-531
-530
-438
-371
-353
-287
-175
-144
-113
-126
-51
-25
10
133
124
200
250
315
350
323
368
400
442
476
460
468
430
460
426
437
440
429
399
382
343
312
306
343
333
285
298
347
313
293
289
238
174
134
88
64
40
-39
24
-83
-121
-61
-111
-135
-39
-81
-47
41
47
51
97
133
93
157
153
155
164
217
241
217
252
306
219
219
183
87
123
27
104
63
65
123
92
63
36
41
-47
-74
-55
-129
-123
-156
-208
-186
-186
-149
-154
-106
-122
-120
-88
-85
-112
-151
-182
-221
-335
-345
-394
-494
-482
-481
-461
-439
-383
-385
-420
-341
-387
-351
-350
-356
-347
-391
-379
-384
-406
-472
-417
-467
-429
-430
-448
-382
-414
-424
-378
-395
-352
-355
-346
-298
-320
-332
-312
-329
-332
-325
-307
-287
-315
-282
-248
-217
-231
-212
-133
-116
-80
-49
-12
23
24
105
101
109
168
256
359
394
467
521
494
530
592
601
580
644
652
682
815
834
912
987
1044
1090
1113
1145
1145
1149
1112
1003
930
916
889
883
896
886
884
876
843
792
764
708
652
615
550
467
484
403
393
340
271
284
201
182
120
45
-9
-47
-114
-172
-226
-335
-464
-596
-665
-779
-777
-801
-796
-762
-828
-844
-814
-868
-839
-802
-850
-800
-715
-710
-686
-711
-824
-847
-951
-992
-1083
-1075
-1006
-1028
-933
-894
-859
-807
-781
-778
-753
-655
-596
-525
-490
-416
-394
-411
-362
-354
-273
-217
-164
-59
7
8
36
96
24
114
176
200
324
332
381
431
403
361
313
271
241
208
276
214
295
330
376
393
366
408
425
456
435
455
401
479
450
419
448
364
336
293
313
261
173
296
217
269
288
241
264
204
173
131
112
220
195
208
260
219
207
189
167
168
167
168
197
184
285
306
322
423
429
474
487
468
521
530
447
390
377
281
260
214
123
64
59
28
29
-22
-7
-40
-39
-34
-71
-56
-97
-144
-191
-226
-221
-213
-272
-223
-232
-222
-245
-308
-287
-320
-397
-406
-439
-459
-426
-429
-453
-432
-444
-452
-404
-423
-411
-381
-426
-384
-377
-406
-379
-368
-390
-342
-313
-379
-333
-345
-351
-315
-261
-267
-219
-153
-148
-169
-104
-167
-137
-78
-52
10
39
103
153
162
153
241
254
364
437
469
566
588
598
630
626
602
627
644
678
690
602
622
536
495
435
407
435
388
392
352
345
297
236
238
163
189
231
113
98
46
-60
-83
-111
-154
-184
-159
-159
-172
-175
-179
-248
-295
-430
-442
-436
-497
-501
-541
-571
-633
-692
-746
-827
-909
-901
-857
-888
-865
-872
-882
-895
-957
-960
-936
-874
-840
-808
-780
-701
-652
-568
-505
-464
-339
-247
-200
-102
-29
-50
10
-7
40
26
