SAMPLES:	8668
BITSPERSAMPLE:	16
CHANNELS:	1
SAMPLERATE:	16000
NORMALIZED:	FALSE
151
138
138
97
89
114
62
71
83
55
49
24
9
21
5
6
16
15
15
16
23
4
-12
-46
-78
-85
-87
-95
-79
-82
-53
-33
-32
-38
-15
-18
-18
-27
-6
22
-1
24
17
37
48
72
75
103
129
136
185
163
170
167
124
108
98
93
91
80
104
87
78
69
38
51
40
35
31
37
29
45
0
-32
-38
-93
-100
-122
-121
-128
-135
-150
-165
-161
-171
-184
-189
-189
-206
-188
-189
-191
-215
-229
-258
-285
-295
-328
-325
-347
-354
-352
-334
-338
-350
-337
-346
-373
-344
-371
-353
-359
-338
-311
-330
-285
-296
-284
-267
-256
-238
-182
-162
-103
-69
-46
-22
-13
10
-3
25
44
76
125
169
226
283
307
349
350
360
370
361
399
388
415
429
438
459
457
481
475
465
473
469
461
467
485
477
476
453
416
391
358
356
340
295
288
269
276
272
241
264
227
209
209
167
163
165
147
134
109
60
29
-23
-42
-79
-109
-117
-153
-159
-184
-226
-228
-286
-284
-303
-343
-316
-352
-362
-362
-359
-380
-358
-391
-388
-383
-373
-354
-399
-381
-391
-412
-393
-410
-398
-407
-404
-383
-407
-378
-373
-379
-360
-353
-349
-313
-289
-268
-239
-213
-223
-185
-163
-153
-154
-115
-104
-94
-41
-50
1
33
57
94
122
135
164
172
173
211
219
223
206
200
228
223
241
271
250
269
279
268
268
250
272
281
276
289
269
260
245
232
207
185
218
206
240
225
238
255
217
233
213
228
201
222
251
238
291
281
267
288
277
267
263
256
245
262
226
237
236
204
218
202
165
189
167
149
136
97
64
33
10
-21
-58
-46
-71
-85
-83
-79
-111
-100
-138
-168
-161
-193
-171
-212
-216
-242
-228
-264
-262
-264
-285
-266
-251
-280
-285
-295
-351
-324
-374
-383
-372
-377
-367
-376
-360
-368
-338
-336
-355
-356
-374
-366
-364
-361
-363
-345
-336
-334
-307
-272
-251
-253
-238
-232
-205
-195
-166
-154
-149
-116
-100
-100
-85
-51
-62
-20
-9
20
36
48
63
78
77
113
133
148
171
162
208
192
218
226
232
240
257
304
292
313
334
322
323
345
333
360
388
417
448
466
481
484
480
468
438
429
411
387
371
353
325
330
316
301
302
264
258
210
197
149
141
86
53
33
-15
1
-26
-40
-56
-83
-86
-130
-157
-139
-147
-166
-151
-143
-162
-138
-141
-137
-133
-130
-122
-120
-130
-111
-117
-116
-108
-98
-73
-85
-79
-76
-80
-86
-70
-84
-87
-93
-91
-96
-105
-103
-91
-89
-92
-87
-109
-75
-102
-108
-95
-128
-129
-140
-127
-145
-159
-175
-348
-370
-51
83
-128
-231
-99
-49
-48
68
45
-122
-209
-164
-116
-3
9
-213
-389
-281
-93
-129
-231
-144
-48
-96
-105
116
90
-4
-13
-1
46
28
36
-81
-61
76
21
-66
-27
9
-52
-73
4
50
-2
-39
17
103
201
132
104
115
124
145
79
32
38
32
-52
3
38
1
-39
-48
63
129
88
54
109
117
79
85
136
129
180
161
147
135
142
75
1
24
5
9
-41
-35
-38
-59
-52
-27
-19
5
-54
-14
27
-8
32
9
-15
-45
-13
-43
-30
-8
-46
-93
-22
-2
14
24
25
23
117
175
170
196
214
246
212
284
260
230
270
266
297
302
265
220
309
356
359
450
449
474
549
587
563
561
525
394
373
499
484
410
341
297
378
432
403
259
134
-347
-939
-1022
-733
-922
-1138
-1051
-956
-694
-287
-175
-343
-365
-250
-327
-241
-34
-130
-427
-439
-85
-125
-335
-505
-721
-799
-824
-714
-737
-808
-873
-894
-784
-631
-448
-715
-794
-1005
-1522
-1289
55
426
-979
-1240
43
631
573
829
487
-411
-267
299
419
510
222
-860
-1237
21
544
-198
-434
320
668
736
1199
1506
1213
790
962
1479
1413
797
149
-156
177
641
612
596
1180
1438
1148
1486
2123
2035
1378
1413
1647
1400
1174
1038
751
717
885
681
455
397
71
-963
-3808
-7275
-7271
-3191
-668
-1954
-2923
-1630
223
2214
4595
5585
3889
1397
285
1310
3167
3093
-167
-3653
-3779
-1860
-1371
-2584
-3745
-4444
-4577
-3347
-854
850
582
-608
-520
1522
3648
3831
2292
1656
2230
2289
1546
1116
409
-1521
-3026
-2932
-2119
-2132
-2865
-3195
-1828
1001
2911
3022
2763
3210
3667
3753
4104
4417
3681
2187
911
440
66
-1125
-2854
-3712
-3216
-2870
-2883
-2945
-2915
-2987
-2283
-958
-505
-375
1365
3628
3933
2936
2420
2003
2022
2771
2643
1171
-1142
-3082
-4285
-4206
-3169
-2819
-3382
-3190
-1693
-610
80
901
1203
1104
1763
2352
1842
689
-492
-899
-789
-648
-961
-1383
-1210
-790
-758
-666
168
1144
1613
2085
3128
3629
3151
2959
3060
3445
3689
3187
1991
783
571
543
26
-286
-584
-996
-1370
-1357
-2586
-6716
-10941
-9821
-4470
-1468
-2389
-2940
-1105
1300
4019
6830
7681
5549
2326
636
2007
4541
3936
-883
-5335
-5651
-4217
-4117
-4804
-5224
-5444
-5556
-4132
-844
1642
1400
-108
125
3025
5813
5583
3331
2055
1944
1351
646
342
-647
-2642
-4190
-4317
-3652
-3133
-3109
-2680
-817
2001
4336
4997
5027
5425
5923
5975
6136
6265
5394
3446
1494
618
-247
-1666
-2837
-4821
-7149
-6079
-2321
-854
-1809
-1610
-10
2620
6905
9879
9027
6595
4887
3897
3972
4110
1924
-1957
-4176
-4086
-4237
-4951
-5411
-5988
-5903
-4146
-1141
1487
2543
2633
3245
4167
4969
4966
3418
990
-400
-269
-397
-1053
-2238
-4318
-5376
-4651
-3892
-3886
-4012
-3807
-2657
-658
1185
2001
1971
1538
1322
2182
3165
2515
-1505
-8426
-12867
-10060
-4535
-3913
-6822
-7230
-4616
-1421
2516
6381
6779
4063
1977
2748
6385
9224
7019
1152
-2437
-1676
-369
-1274
-3591
-5719
-7284
-7500
-4891
-1241
14
-1227
-2449
-1363
1905
4224
4146
3718
4306
4755
4049
3312
2990
1196
-1882
-3353
-1873
-333
-736
-2475
-3196
-1301
1613
3265
3397
4049
5342
5450
4911
5484
6471
5512
3257
1883
1955
1894
275
-2563
-5807
-6560
-3540
-785
-1286
-2446
-2842
-2471
240
4683
6550
5423
3798
2273
1619
2809
3055
729
-1202
-1495
-1520
-1617
-1521
-2311
-3421
-3064
-877
2140
3503
2604
1070
855
1348
1399
1467
783
-542
-1413
-1432
-452
1156
1817
1127
981
1986
2747
2377
907
-536
107
1655
1990
1388
220
-1135
-1263
-425
-219
-912
-4082
-9916
-12570
-7956
-2614
-2942
-5533
-4890
-1545
2231
5665
7107
5473
2226
-52
739
4194
5830
1983
-3920
-6248
-4421
-2300
-2763
-4912
-6662
-7273
-6369
-3591
-652
-132
-1995
-3377
-1936
1080
2432
1685
963
1145
1536
1880
2204
1626
-454
-2936
-3662
-2539
-1176
-1253
-2162
-2076
-472
2037
3179
3475
4177
4762
4957
5951
7402
7680
6223
3828
2554
3067
3150
199
-3607
-4104
-1965
-854
-866
-1070
-1913
-2246
-47
3240
5482
5970
5560
5042
4966
5318
4237
2148
954
891
912
731
708
-359
-2488
-3776
-2897
-1164
-174
-141
-49
436
854
215
-929
-868
27
442
342
784
1639
1833
1539
1430
1435
1203
684
-465
-1772
-2303
-2283
-1936
-1410
-1278
-1613
-1579
-1508
-1808
-1732
-1911
-5212
-10726
-11902
-6928
-2459
-2798
-4617
-3798
-342
3617
6609
7786
6479
3099
183
348
2742
3597
392
-4619
-6706
-5096
-3197
-3801
-5926
-6678
-5759
-3863
-461
2913
3500
1166
-1292
-767
1990
3736
3388
2451
2230
1650
578
120
-224
-1268
-2562
-2647
-1188
371
481
-667
-793
1572
4684
6333
6858
7146
6780
5711
5606
6267
6221
4622
1924
253
-170
-1370
-4945
-7940
-6579
-3018
-1070
-364
1
-357
-287
1840
4641
6268
6845
6290
5082
4425
3471
998
-1518
-2463
-2398
-2388
-2290
-2221
-2731
-4027
-3874
-1366
1200
2459
2511
2286
2324
2186
727
-572
-375
-496
-1623
-2582
-2120
-1257
-906
-1088
-410
1429
2240
1427
568
49
84
806
1971
2289
1338
-14
-1042
-1638
-1753
-1678
-2435
-6037
-11523
-13192
-8464
-3367
-2982
-4395
-3090
844
4912
7834
9167
8405
5717
3021
2922
4932
5111
794
-5563
-8957
-7537
-5062
-5655
-7988
-8717
-8125
-6805
-3620
683
2998
2878
1957
2173
4427
6216
5625
4161
3451
2469
902
-397
-1711
-3904
-5954
-6492
-4963
-2263
-769
-1246
-803
1895
5064
7199
8354
9327
9510
8326
7160
6758
6084
3905
962
-1178
-2237
-4021
-7238
-8420
-6550
-4056
-2386
-775
801
1350
1987
3640
5136
5855
6172
6152
5715
4747
2396
-1224
-3630
-3601
-2817
-1673
-389
247
-583
-1341
-538
1398
3081
3388
3190
3364
3354
2278
702
-406
-424
-402
-1140
-1385
-806
-219
-219
-101
408
1068
1476
1004
-113
-571
-234
-21
226
310
-261
-1272
-2277
-3151
-3576
-3633
-3886
-6540
-11297
-13205
-9100
-3778
-2696
-3731
-2418
1333
4996
7529
8877
7737
4529
1397
231
1299
1957
-1478
-7736
-10631
-8587
-5936
-5870
-6698
-6513
-5845
-3896
-327
3639
5970
5546
3692
3130
5020
6672
5733
3725
2376
1187
-142
-1167
-2053
-3509
-5160
-5570
-3240
111
1528
778
496
2565
5748
8125
8685
8750
8723
7709
6425
6132
5757
3977
1576
-173
-1185
-3565
-6163
-5871
-3946
-2522
-1278
939
2037
2041
2731
3224
3254
3403
3649
3743
4322
3758
350
-3299
-4129
-3138
-1829
-321
987
795
-471
-1062
-313
1016
1407
1048
624
241
-81
-746
-2197
-2787
-1637
-378
-82
458
1263
1557
1742
2488
3072
3161
3037
2449
1244
-9
-820
-1157
-839
-353
-534
-2009
-3777
-4875
-4962
-4160
-3693
-5585
-10287
-12825
-8768
-3050
-1429
-2610
-1293
1986
4846
6862
7520
6243
3131
-248
-1495
236
1526
-1647
-7711
-10715
-8443
-5556
-5096
-5808
-6159
-5690
-4413
-1785
1743
4189
3724
1823
1830
4512
6395
5601
4020
3081
2280
1343
715
212
-958
-2975
-3678
-2143
331
1186
-43
-422
1722
5303
7674
8356
8575
8500
7855
7315
7849
8020
6374
3753
1607
70
-2333
-5070
-5366
-3538
-2482
-1761
-694
-22
363
1239
1958
2419
3147
3849
4704
5318
4006
416
-2889
-3368
-1649
26
770
916
536
-442
-1175
-525
1055
1574
911
-48
-937
-1212
-1282
-2461
-2934
-946
1099
994
507
975
1630
2230
2960
3449
3503
2863
1434
-614
-1983
-2044
-1382
-922
-510
-662
-1922
-3790
-4954
-4430
-3396
-3116
-4712
-8995
-13059
-11539
-5613
-2116
-2739
-2615
-24
2751
4626
5923
5888
3593
9
-1824
-208
1798
-184
-5884
-10106
-9204
-5698
-3754
-4096
-4999
-5790
-5991
-3949
402
3736
3744
1996
1431
3362
6046
6999
5969
4651
4102
3412
2245
1261
60
-2064
-3365
-1930
763
2046
1199
-272
873
4174
7037
8452
9254
9606
8831
8006
7756
7608
6919
5402
3579
2058
-161
-3916
-6132
-4943
-3088
-2261
-1172
-424
-881
-1139
-416
269
722
1756
3251
4541
4277
2100
-1051
-2605
-1644
-187
460
1052
1351
-504
-3101
-3134
-1671
-1104
-1548
-2296
-2952
-2710
-2352
-3070
-3531
-1741
507
1156
1835
3719
4772
4444
3876
3872
4317
4328
2705
-128
-2076
-2780
-2537
-1967
-1173
-1087
-2120
-3443
-4179
-3773
-2855
-2283
-2403
-5198
-10441
-12444
-7876
-1936
-856
-2391
-1411
1485
3331
4335
5048
4097
904
-1891
-1461
710
1009
-2862
-8355
-9763
-6370
-3142
-2817
-3983
-5031
-5482
-4147
-964
2215
3038
1798
876
2004
4846
6820
5783
3270
2496
2763
2346
1556
389
-1875
-3951
-3588
-1178
1007
874
-607
-219
3130
6195
7491
8312
8996
9133
8595
8180
7805
7230
5913
3712
1669
588
-1170
-4085
-5071
-3276
-1646
-890
-292
-339
-749
89
1130
1296
2066
3794
4409
3685
2377
180
-1731
-1760
-775
-385
224
1112
429
-1816
-2801
-1472
-116
-441
-1440
-2000
-1853
-1845
-2542
-2779
-1893
-990
-846
-729
548
2387
3034
2499
2990
4214
4136
2464
787
-500
-997
-569
67
655
624
-805
-2666
-3743
-3815
-3701
-3565
-3464
-4265
-7689
-12500
-12968
-7001
-1265
-581
-1913
-881
1803
4167
5701
6183
4832
1856
-1265
-2174
-817
-1116
-5269
-9411
-9338
-6243
-3767
-3553
-4938
-6088
-5370
-2561
1307
4353
5382
4416
3156
3775
6468
8349
6999
4475
3392
2984
1959
758
-752
-2854
-4031
-2849
-444
589
-109
-609
975
4109
7284
9717
10886
10678
9934
9158
8596
8272
7553
5390
2347
404
-932
-3574
-7279
-8284
-6117
-3413
-2142
-2384
-3268
-3208
-1675
395
2426
4457
5513
4562
2669
1314
406
-393
-872
-1357
-1228
-728
-1072
-3030
-5045
-4744
-2775
-1742
-2267
-2486
-2166
-2329
-2647
-2317
-1668
-837
-381
-176
749
2399
3111
2523
2298
3428
4164
3406
1858
132
-1733
-2894
-2452
-707
496
-326
-2219
-3276
-2725
-1894
-1778
-1772
-1739
-1951
-2996
-6962
-11481
-10565
-4366
-476
-1734
-3265
-1879
320
1799
3826
5628
4551
422
-3474
-2967
569
1524
-2199
-5813
-5536
-3094
-1497
-1710
-3172
-3911
-3221
-1441
1647
4278
4392
2278
860
2626
6332
7332
4832
2790
2476
2060
1147
256
-856
-1304
-691
-456
-825
-790
-489
0
1936
5326
8412
9679
9249
7924
7253
7549
7792
7127
5656
4194
2652
568
-1676
-3759
-5067
-4535
-2678
-1743
-2856
-4134
-4462
-4200
-2906
-194
2905
4263
3403
1692
1256
2456
3175
2339
1078
977
1207
511
-1060
-2512
-3626
-4578
-5072
-4485
-3469
-3028
-3525
-4265
-3872
-2098
-384
228
1261
3160
3840
3447
3744
4998
5657
4987
3039
1451
744
-543
-2422
-2622
-1186
-1102
-2454
-3702
-4170
-3948
-3131
-2430
-2277
-1909
-1623
-1934
-2688
-5364
-9506
-10476
-5919
-1681
-2277
-5016
-4840
-2519
102
2482
3404
1428
-2590
-5036
-3590
438
2550
-17
-4101
-4660
-1901
155
266
-628
-1729
-1597
341
2573
3533
2636
263
-1191
652
4371
5745
3753
1575
1403
2325
2755
2989
3830
3524
1454
167
973
2434
2682
2313
3521
6324
8639
9161
8101
6777
5982
5316
4617
4522
4287
2524
151
-1018
-1178
-2187
-3774
-4082
-2843
-2030
-2489
-3130
-3262
-2798
-1405
534
1469
973
118
193
1120
2186
2099
820
-147
-290
330
1113
604
-1586
-3826
-4543
-3839
-2698
-2746
-3788
-4624
-4405
-2986
-1088
404
1313
1635
1823
1913
2788
4494
5386
4210
2741
2680
2906
1970
135
-1240
-1624
-1576
-2191
-3269
-4097
-3816
-3210
-3093
-2560
-1177
-170
203
407
676
-395
-4651
-10178
-10797
-5571
-2061
-3703
-5947
-4699
-2172
-167
1610
2603
1935
211
-602
1054
4354
4952
791
-3447
-2888
534
2425
1548
-598
-1730
-1786
-1372
-571
902
1146
-905
-2281
-240
3197
3738
1463
594
2728
4752
4299
2556
1388
771
555
561
1095
2220
2685
2377
2993
5354
7684
7975
6070
3889
3194
3617
2979
953
-264
-8
-4
-1273
-2737
-4225
-5336
-5148
-4190
-3342
-2403
-2069
-2651
-2674
-1454
-202
820
1908
2503
2367
2469
2624
1922
1228
1507
2008
1620
203
-1459
-2567
-3183
-3483
-3306
-2878
-2557
-2545
-1978
-300
1502
2317
2159
2402
3961
5226
5069
4432
4171
3887
3331
2965
2592
1810
187
-1690
-2813
-2885
-2624
-3196
-3379
-2701
-2570
-2675
-1854
-297
872
1570
1872
1561
600
-1559
-6471
-11837
-11974
-6713
-3370
-5169
-7830
-7147
-4351
-1073
2421
5023
5174
2816
829
2354
5791
6534
3110
-413
-320
2210
3166
1116
-2218
-4534
-4835
-3626
-1675
-540
-761
-2290
-3276
-1035
2902
4943
4953
5044
5178
4346
3451
2911
2550
2152
1433
1033
1478
1650
1010
579
1939
4577
6209
6115
4824
3139
1972
1573
1196
563
427
492
39
-1054
-1991
-3593
-5625
-5761
-3709
-2331
-2682
-3506
-3920
-3710
-2454
-503
1134
1821
1356
762
1691
3575
3695
1899
323
-22
108
-37
-968
-2881
-4248
-4239
-3216
-1639
-187
218
408
1000
1878
3253
4245
4648
4482
3720
2450
2118
2789
3017
2438
1504
129
-720
-1028
-1447
-1498
-956
-795
-1358
-1767
-1765
-1323
-454
429
1120
1157
914
401
-515
-1384
-2214
-3941
-7912
-12374
-12685
-8659
-5712
-6486
-7338
-4825
-602
3152
5892
7009
6015
4056
3147
4686
7013
7064
3345
-1102
-2662
-1234
-313
-1543
-3562
-5099
-5213
-3695
-1730
-164
159
-162
1018
4308
7124
6923
5041
3985
3734
3280
3439
4362
4394
2010
-862
-1063
876
2002
1369
1064
2165
3521
4045
3261
1899
790
279
-252
-556
507
1831
1352
-870
-2042
-1441
-1808
-4065
-5434
-4249
-2865
-3100
-3793
-3995
-3858
-3082
-2055
-715
1141
2815
3397
3581
3686
3437
2672
1601
418
-411
-224
21
-798
-1607
-1568
-1553
-1963
-1455
361
2014
2548
2737
3062
2831
2006
1271
1283
1609
2001
2087
1504
196
-1398
-2445
-2515
-1829
-904
-661
-1214
-1634
-1728
-2142
-2288
-1589
-945
-615
-190
229
328
46
-423
-1117
-2267
-4447
-8593
-12505
-11044
-5780
-3668
-5920
-6983
-3859
1002
5203
7726
8213
6533
4298
3750
5791
7421
5756
1439
-1651
-1420
-235
-706
-2544
-4206
-4658
-3713
-1897
47
1083
814
156
1342
4338
6100
5281
3834
3435
3801
3606
3157
3235
3103
2019
1173
1793
2376
1475
-354
-734
1251
3314
2991
652
-1225
-1792
-1666
-1346
-908
379
1971
1988
558
-611
-1063
-1880
-3558
-4169
-3083
-2698
-3744
-4914
-5483
-5134
-3714
-1741
-21
1346
2290
2586
2412
2302
2306
1779
1480
2283
3069
2972
2198
1132
69
-586
-459
500
1876
2663
2499
2282
2485
2330
1356
220
393
1484
2234
2214
1553
467
-480
-808
-521
-102
82
211
-222
-1424
-2600
-3216
-3596
-3888
-3563
-2304
-961
152
512
-340
-1373
-1634
-1164
-484
-410
-1925
-6400
-11849
-13073
-8923
-4813
-4316
-4745
-2560
1226
4364
5949
6194
5007
3442
3018
4796
6875
6404
2344
-2091
-3147
-1052
1086
1285
-510
-3135
-4756
-4491
-3296
-1835
-203
809
932
1450
2740
3134
2377
2097
3469
5550
7322
8103
6785
3518
526
-295
234
-98
-1289
-2216
-2861
-3518
-3980
-4325
-3923
-2593
-755
1296
3406
4875
5189
4540
3359
2706
2706
1696
-996
-3097
-3866
-4418
-4966
-5464
-5747
-4786
-3141
-1870
-493
1269
2791
3809
5194
6881
7802
7652
6827
5604
4504
3636
3253
2762
1241
-1101
-2624
-2474
-1515
-533
79
76
99
373
524
1216
2637
3556
3361
2993
2789
2503
1865
265
-2014
-3389
-3103
-3073
-4338
-5545
-6205
-6384
-5402
-3643
-2162
-1154
-370
160
597
1310
1995
1621
312
-905
-2098
-5014
-9840
-12999
-11135
-7259
-6325
-7150
-5736
-1872
1818
4109
5923
7298
7036
5272
4738
6698
7854
5760
1817
-734
-1018
-412
-1072
-3368
-6398
-8140
-7781
-6009
-3753
-2052
-1164
-967
-337
1638
4463
5709
5720
6516
7586
7716
7466
6954
4521
910
-1967
-3380
-4002
-4813
-6061
-6892
-6577
-5489
-4128
-2803
-934
1080
3146
5140
6576
7040
6839
6302
4698
2401
379
-1394
-3626
-5193
-5297
-5084
-5720
-6479
-5887
-4125
-1634
1163
3510
5535
7213
8473
9350
9491
8778
7792
6886
6018
5194
3972
1908
-672
-2770
-3593
-3083
-1976
-1185
-717
-256
293
954
2024
3136
4090
4600
4638
3890
3167
2432
564
-1960
-3692
-4468
-4579
-3849
-3779
-4738
-5518
-5457
-4492
-2518
-289
750
1081
1479
1623
1152
608
362
202
-134
-966
-2527
-4662
-8108
-12350
-13653
-9925
-5714
-4787
-5134
-3527
-176
3427
6347
7956
7896
6254
4432
4302
5812
6001
3015
-1217
-3474
-3227
-2674
-3887
-6770
-9001
-8775
-6946
-4523
-2355
-770
-6
508
2074
5140
7723
8138
7505
7104
6651
5486
3897
2054
-552
-3616
-5888
-7049
-7504
-7902
-7949
-6798
-4539
-1833
525
2229
3146
3826
5013
6557
7678
8133
7820
5590
1845
-839
-1774
-2914
-4720
-5469
-4997
-4627
-4408
-3546
-1813
293
2570
4724
6824
8773
10216
10508
10053
9259
7677
5959
4913
3917
2288
275
-1741
-3282
-4041
-4139
-3272
-1892
-543
366
888
1551
2570
3354
3221
2658
2260
1735
662
-927
-2286
-3129
-3919
-4508
-4250
-3799
-3817
-3676
-2874
-1827
-1021
-615
-882
-1281
-940
-285
72
571
774
173
-629
-1209
-1752
-2680
-3814
-6467
-10780
-12610
-9436
-5551
-4825
-5649
-3880
358
4159
6518
7825
7800
5780
3649
3633
5678
6575
3792
-1140
-4010
-3909
-3441
-4583
-6610
-7874
-7516
-5943
-3749
-1831
-464
567
1416
2900
5009
6090
5619
4822
4713
4336
3583
2704
880
-2106
-4961
-6424
-6403
-5962
-5873
-5596
-4345
-2732
-1439
45
1625
3388
5258
6510
7230
7969
8285
6796
4335
2414
1123
165
-814
-2529
-4323
-4998
-4368
-3800
-3061
-844
2308
4835
6292
7692
9276
10679
10824
9372
7809
7031
5778
3440
1251
164
-833
-2502
-4061
-4171
-3238
-2232
-1410
-107
998
1241
980
565
469
860
1221
1364
749
-702
-2398
-3622
-3919
-3696
-3247
-3083
-2612
-1887
-1809
-2722
-3555
-3688
-3107
-1907
-1211
-1036
-901
-337
-49
-101
118
229
-264
-1046
-1158
-1243
-2497
-4419
-7812
-12078
-13338
-9620
-5283
-4214
-4445
-2893
503
4137
7375
9212
8604
5914
3520
3517
5252
5148
1660
-2877
-5381
-5656
-5230
-5409
-6308
-6862
-6378
-4736
-1940
930
2614
2639
2291
3516
6461
8567
7452
4821
3244
2600
1828
692
-1115
-3388
-5457
-6317
-5755
-4662
-4041
-4020
-3417
-878
3028
6409
7839
7420
6578
6873
7887
8388
7555
5612
3391
923
-1316
-2614
-3209
-4004
-4756
-4131
-1970
559
2841
4298
5191
6199
7647
9264
10375
9869
7772
5536
4076
2399
819
-93
-1045
-2271
-3133
-3272
-3219
-3116
-3267
-3127
-1920
-128
434
-50
-118
148
229
42
-237
-921
-1939
-2668
-2687
-2298
-2778
-4607
-5645
-4584
-3037
-2980
-4050
-4466
-3432
-1943
-1175
-147
932
813
162
425
1531
1883
866
-767
-2068
-2531
-2997
-4235
-5570
-7014
-9982
-12664
-11495
-6985
-3156
-1787
-667
2368
5956
8137
8629
8152
6724
4551
3273
4088
4723
2656
-2084
-6807
-8718
-7676
-5483
-4535
-4641
-4863
-4295
-2934
-834
1366
2883
3586
3893
5160
6534
5950
3300
929
70
203
581
161
-1418
-3376
-4954
-5462
-4734
-3462
-1556
1009
3197
4860
6167
6916
6982
6694
7061
8010
8360
7408
5845
4215
2110
-276
-1589
-1015
-101
100
206
522
857
1978
3854
5312
6274
6668
6838
6852
6744
5967
4828
3940
3153
1881
230
-1084
-1908
-2262
-2760
-3485
-4137
-4458
-4383
-4024
-3433
-2768
-2025
-1218
-907
-927
-1240
-1785
-2157
-2185
-1877
-1749
-2148
-3139
-4562
-5788
-5708
-4589
-3415
-2861
-2696
-2729
-2707
-1776
-438
194
182
355
593
931
1550
924
-1027
-2804
-3556
-3319
-2427
-2143
-3405
-5737
-9143
-12192
-10955
-5234
-227
718
122
1469
4013
6028
7273
8024
7154
4552
2665
2611
2539
-12
-4698
-7982
-7289
-3945
-1668
-2247
-4170
-5173
-4155
-1674
1207
3285
4061
3244
1963
2573
4803
5065
2388
304
846
2291
2256
561
-1466
-2859
-3249
-2304
-244
1599
1600
551
705
2306
4025
5128
5369
5031
5397
6262
6811
6626
5579
3803
2212
1957
2824
2911
1410
-187
-429
430
1659
2737
3180
3263
3389
3667
4287
5181
5042
3741
2953
2918
2515
1302
-104
-1050
-1762
-2758
-3636
-3799
-3940
-3993
-3474
-2562
-1717
-1370
-1611
-1942
-1730
-1313
-1040
-947
-1167
-2388
-3700
-3996
-3577
-3272
-3458
-3662
-3307
-2300
-1078
-586
-1107
-1891
-2100
-1437
-517
352
754
-38
-1606
-2104
-1702
-1537
-1532
-1465
-1505
-2077
-2918
-3640
-4579
-5869
-8381
-10431
-8425
-3524
-501
-628
-801
755
3031
5066
6415
6258
4239
1689
134
206
558
-794
-3561
-5651
-5228
-3147
-1656
-2045
-3488
-4332
-3527
-1672
282
1968
2555
1831
1378
2921
4571
3994
2240
1652
2840
4021
3910
2854
1609
156
-668
-135
640
540
-6
-96
633
2038
3211
4041
4501
5047
6397
8253
9271
8941
7881
6045
3819
2569
2769
2717
1395
-72
-419
-212
244
1119
1770
1768
1368
1536
2628
3851
3817
2631
1440
863
489
268
36
-607
-1794
-2782
-3060
-3093
-3574
-3493
-2940
-2660
-2423
-2225
-2548
-2980
-2884
-2576
-2592
-2515
-2448
-2657
-2545
-1797
-873
-562
-999
-1076
-188
825
918
-85
-1362
-2170
-2274
-1848
-1432
-1666
-2530
-3192
-2940
-1843
-551
90
145
17
-202
-896
-1841
-2560
-3032
-3599
-5287
-8357
-9910
-7381
-3987
-2983
-3192
-1674
1074
2935
4147
5565
5783
3612
867
181
1861
2292
46
-3235
-4782
-4063
-2585
-2253
-3025
-3797
-4275
-3977
-1936
1486
3587
3242
2339
3026
5003
5854
4415
2764
3279
4475
4056
2789
1637
85
-1791
-2792
-2452
-1355
-659
-640
-245
1369
3761
5820
6581
6613
7176
8638
9420
8512
6621
4422
2199
799
975
1413
815
-348
-1198
-1620
-1284
-110
813
537
-187
42
1716
3345
3327
2274
1567
1688
1822
1695
1429
379
-1375
-2653
-2768
-2661
-3307
-4110
-4008
-3413
-3111
-3144
-2800
-2502
-2579
-2539
-2030
-880
-104
192
443
906
1604
1457
399
-354
-597
-1074
-2018
-2737
-3020
-3464
-4287
-4867
-4844
-3855
-2724
-2016
-1317
-61
1101
1393
1381
1029
359
-412
-1319
-2210
-2638
-2825
-3669
-5992
-9421
-11136
-8581
-4115
-1811
-1775
-1219
842
2772
4400
5867
5915
3991
1514
1069
2655
3130
520
-3424
-5341
-4602
-2740
-1533
-1420
-1916
-1889
-961
1036
3573
4888
4453
3503
3734
4903
5411
4470
3245
2855
2580
1784
1197
1112
781
-429
-1351
-958
195
1183
1584
2193
3363
4965
6224
6400
6239
6457
6855
6517
5532
3980
2277
1136
892
864
-29
-1040
-1920
-2451
-2257
-1411
-604
-317
-615
-997
-665
316
1314
1751
1866
1954
1890
1206
212
-939
-2465
-3765
-3643
-2656
-2661
-3737
-4636
-4579
-4037
-3356
-2844
-2368
-1604
-623
45
99
189
547
761
858
883
684
-283
-1684
-3015
-3690
-3231
-2431
-2548
-3828
-4614
-3943
-2652
-1621
-670
627
1668
2137
2009
1627
1371
763
-169
-674
-989
-1379
-2117
-3115
-4013
-4474
-4786
-6513
-9046
-8995
-5141
-1379
-706
-1354
-131
2547
4629
5912
6587
5344
2415
-29
169
1875
2056
-331
-2870
-3074
-1194
1077
2121
1360
-446
-956
642
2825
3847
3513
2189
799
672
1794
2562
2340
1953
2185
2291
2757
3557
3368
1905
-12
-471
918
2236
2170
1822
2419
3134
3131
3336
4152
4854
4876
4107
3184
2411
1889
1272
1148
1626
1689
1496
962
163
-308
-445
-724
-1286
-1310
-911
-634
42
703
456
-66
191
1027
1618
1223
22
-1055
-1148
-868
-869
-1160
-1414
-1719
-2393
-3014
-2928
-2461
-2588
-3092
-2937
-2021
-1451
-1718
-2288
-1998
-1536
-1759
-2258
-2352
-2296
-2516
-2873
-3034
-2938
-2999
-3377
-3867
-3565
-2598
-1892
-1805
-1342
-408
-49
-566
-988
-763
-426
-997
-2193
-3113
-3458
-3390
-3082
-2326
-1544
-1188
-1569
-3091
-5757
-7247
-4553
-155
1088
-729
-953
1142
2955
4241
5485
5608
3630
1454
1310
3230
4690
4146
2693
2265
3036
3661
3239
1660
-108
-687
-204
654
1298
1004
-28
-1000
-814
890
2629
3018
2860
3438
4435
4911
4907
4627
3646
2612
2478
3157
3081
1477
-465
-1200
-409
1122
2178
1933
1113
300
106
484
1437
2684
3608
4130
4080
3745
2829
1536
34
-943
-960
-576
-545
-1061
-2126
-3336
-3827
-3165
-2093
-885
184
963
1218
928
789
984
1294
1257
852
472
221
-737
-2561
-4243
-4752
-4045
-3726
-4232
-5100
-5550
-4618
-3153
-2173
-1500
-816
-423
-532
-614
-105
513
486
-314
-1155
-1280
-1544
-2476
-3655
-4418
-4271
-3727
-3529
-3278
-2465
-1956
-2300
-2651
-2356
-1468
-456
-52
-16
360
766
789
506
510
741
-80
-3297
-7269
-7539
-3977
-1406
-2522
-3858
-2389
619
3195
5114
6762
6842
4810
3395
5191
8094
8234
5211
1914
417
540
482
-767
-2548
-4118
-4882
-4439
-2704
-816
-140
-335
-416
1118
4001
6045
6520
6729
6790
6169
5604
5467
4984
2995
387
-1308
-1969
-2395
-2628
-2421
-1977
-1277
-242
953
2105
3287
4264
5006
5640
6537
7323
7078
5587
3597
2010
875
-191
-1164
-1758
-1944
-2028
-2119
-2613
-3460
-3673
-2892
-1464
270
2197
3790
4051
2992
2097
2093
1773
349
-1259
-2081
-2603
-3388
-4454
-5711
-6410
-6594
-6535
-5731
-4359
-3079
-1852
-1124
-920
-375
556
1089
761
318
-121
-925
-2114
-3304
-4327
-5277
-6020
-6467
-6411
-5850
-5234
-4755
-3918
-2684
-1471
-384
563
1271
2131
3002
3537
3282
2304
1482
723
-293
-885
-1084
-1423
-1818
-2317
-2619
-2774
-3884
-5804
-5623
-2259
1026
1992
2464
4234
6028
6971
7632
8240
7423
4959
2373
1573
1993
1198
-1263
-3788
-4638
-4048
-3169
-2724
-2374
-1628
-611
828
2379
3816
4549
4624
4237
4362
4898
4142
2508
1628
1269
577
150
23
-193
-877
-1481
-1242
11
1410
2372
3308
4322
4874
4950
4877
4720
4446
4058
3802
3714
3449
2715
1535
339
-425
-389
-225
-217
-239
-268
-586
-1040
-1121
-876
-758
-636
-287
232
493
-10
-711
-1105
-1436
-2126
-2768
-3144
-3270
-3231
-3149
-3168
-3135
-3162
-3403
-3442
-3051
-2661
-2305
-2071
-1752
-1464
-1379
-1707
-2232
-3012
-3958
-4673
-4680
-4023
-3964
-4501
-5058
-4787
-3709
-2624
-1802
-1087
-289
493
1037
1292
1656
2036
1932
1491
1480
1478
909
-266
-1660
-2335
-1984
-1224
-813
-325
176
402
799
1935
3025
3339
2269
-13
-1207
387
2429
2200
414
-461
37
877
1442
1278
376
-965
-1565
-314
1765
3131
3249
2827
2650
2982
3574
3820
3507
2697
1611
649
182
-183
-1314
-2589
-2833
-1572
409
1195
950
1279
2796
3957
4385
5235
6752
7510
6633
5293
4579
3740
1944
167
-1059
-1357
-1393
-1705
-2272
-2115
-856
157
538
1076
2493
4086
4684
4509
4078
3451
2373
978
62
-737
-2296
-4559
-6129
-6392
-6227
-6380
-6186
-5625
-4979
-4124
-3063
-1507
136
916
420
-412
-459
-26
-71
-1205
-2618
-3609
-4543
-5249
-5598
-5688
-5689
-5923
-5847
-4727
-3214
-2349
-2369
-2499
-2206
-1390
-325
565
1050
930
781
910
1287
1582
1637
1780
1746
1450
986
350
-513
-1556
-1859
-962
453
1252
1421
1412
1489
2099
3051
4085
5068
5412
4870
4009
3415
2535
1055
-1092
-3062
-4049
-3666
-3084
-3508
-3902
-3278
-1729
180
2066
3634
4238
3803
3210
3710
4937
5198
4381
3147
2121
1353
155
-1234
-2475
-3582
-4287
-4373
-3584
-2630
-2189
-2194
-1605
423
3497
5964
6672
6555
6803
7420
7538
7049
6127
4968
3208
800
-1247
-2357
-3479
-4839
-5658
-5397
-3847
-1526
379
1346
2214
3452
4813
5766
6227
6153
5255
3541
1769
261
-1004
-2664
-4806
-6830
-7946
-7869
-7398
-6800
-6034
-5265
-4259
-2455
-281
1230
1551
1103
879
1169
1503
930
-446
-1850
-2444
-2726
-3387
-4473
-5870
-6588
-6586
-6285
-5744
-4958
-4243
-3977
-3600
-2597
-1274
-150
678
1852
3119
3834
3812
3153
2471
2251
1896
1114
362
-294
-1113
-1964
-2506
-2471
-2193
-1830
-1194
107
2071
3453
3842
4014
4747
5503
5702
5233
4691
3779
2413
790
-1049
-2555
-3639
-4361
-4451
-3615
-2485
-1358
-290
945
2468
4233
5510
5766
5579
5559
5549
5075
4341
3534
2393
1033
-14
-758
-1677
-2808
-3546
-3650
-3299
-2846
-2103
-1069
4
989
2265
3608
4896
6031
6768
6979
6364
5266
4100
2782
1011
-677
-1747
-2343
-3198
-4174
-4698
-4559
-4056
-3877
-2976
-434
2227
2829
2790
3443
3743
3456
3537
3062
1279
-1023
-2697
-3795
-4562
-5700
-7125
-7997
-7777
-6996
-6514
-5929
-4880
-3822
-2793
-1224
374
1168
1307
1239
1123
1024
853
375
-479
-1401
-2089
-2895
-3952
-4911
-6109
-6913
-6314
-4993
-4020
-3453
-2512
-1211
191
1894
3373
4205
4364
4534
4808
5105
4857
3764
2295
726
-277
-555
-489
-907
-1696
-1952
-1263
-316
430
1330
2306
3081
3723
4425
5107
5342
4958
4172
3216
2245
1239
164
-1123
-2472
-3294
-3143
-2617
-1857
-1182
-677
88
1237
2627
3537
3917
3882
3720
3661
3469
2791
1851
822
-452
-1323
-1660
-1933
-2254
-2482
-2342
-1912
-1084
-66
564
962
1549
2256
2991
3488
3630
3518
3411
3054
2587
2061
1302
569
-257
-891
-1255
-1223
-1110
-948
-558
28
728
1120
1162
937
1030
1385
1636
1271
566
-320
-1329
-2048
-2652
-3224
-3840
-4338
-4302
-4085
-3979
-3940
-3841
-3716
-3726
-3494
-3052
-2595
-2197
-1724
-1375
-1470
-2011
-2131
-1750
-1356
-1163
-1267
-1591
-1860
-1841
-2045
-2691
-3272
-3555
-3512
-3283
-3203
-3166
-3032
-2566
-1970
-1071
-67
639
797
850
1596
2602
3157
3232
3306
3418
3256
2744
2275
1963
1549
1258
1550
2059
2342
2070
1509
1181
1352
1692
2016
2263
2299
2356
2520
2652
2838
3199
3223
2857
2525
2458
2527
2052
1184
698
986
1548
1762
1546
963
448
52
59
721
1404
1262
471
-239
-286
-124
-67
-302
-611
-570
-501
-582
-626
-608
-613
-489
-44
297
369
219
-231
-482
-178
316
552
635
624
515
337
164
322
463
403
256
200
247
225
16
-284
-554
-1001
-1242
-1216
-1078
-930
-938
-1091
-1178
-1534
-1728
-1610
-1600
-1634
-1526
-1353
-1388
-1376
-1473
-1901
-2328
-2575
-2572
-2503
-2501
-2360
-2267
-2123
-1864
-1744
-1781
-1922
-1727
-1126
-641
-821
-1503
-2188
-2490
-2408
-2190
-1812
-1542
-1709
-2212
-2293
-1645
-754
-216
-68
188
874
1617
1960
2026
2065
2152
2316
2624
2697
2634
2429
2007
1664
1777
2271
2434
1915
1249
662
306
310
688
1320
1788
1996
2055
2221
2555
2726
2730
2700
2732
2713
2574
2151
1440
645
174
207
431
699
896
1029
929
644
892
1591
2130
2133
1420
697
361
140
-320
-801
-1079
-1003
-1001
-1218
-1321
-1348
-1370
-1228
-661
233
936
956
661
558
637
605
642
671
380
-54
-595
-1191
-1733
-2182
-2434
-2292
-2132
-2152
-2252
-2297
-2222
-1865
-1369
-915
-531
-193
122
-127
-769
-1343
-1464
-1354
-1487
-1911
-2366
-2550
-2811
-3165
-3385
-3421
-3057
-2549
-2206
-1699
-1238
-1023
-1104
-913
-72
632
699
154
-493
-935
-1290
-1744
-1966
-1852
-1812
-2041
-2141
-1371
-416
28
371
1231
2399
3547
4411
4916
5073
4577
3790
3149
2890
2642
2062
1530
1191
1179
1461
1520
1464
1590
2285
3271
3729
3545
3158
2780
2666
2590
2342
2020
1546
1126
663
239
100
44
-221
-600
-650
-472
-294
-306
-761
-914
-766
-654
-458
-8
195
-125
-557
-736
-644
-558
-765
-1254
-1676
-2021
-2485
-2864
-3365
-3823
-3724
-3026
-2103
-1305
-892
-594
-91
379
820
1096
1439
1898
2083
1865
1344
915
639
394
-49
-407
-337
-415
-637
-839
-863
-581
-277
-133
-10
265
334
205
292
597
945
1025
730
325
106
-266
-679
-1045
-1570
-2032
-2279
-2304
-2167
-1978
-2052
-2132
-1993
-1601
-1192
-685
-342
-357
-535
-803
-951
-914
-830
-1161
-1850
-2496
-2701
-2755
-2773
-2666
-2401
-2164
-1785
-947
-165
735
1351
1939
2643
3452
3734
3525
3261
3019
2955
2436
1756
962
285
-28
-70
235
898
1424
1978
2556
3211
3774
4058
4259
4647
4954
4892
4475
3693
2713
1601
730
472
743
852
451
-35
-311
-434
-206
154
554
1046
1382
1458
1423
1072
380
-341
-1041
-1233
-896
-545
-745
-1461
-2419
-3118
-3574
-3630
-3240
-2903
-2766
-2845
-2804
-2509
-2193
-2000
-1770
-1240
-590
-234
-252
-445
-824
-1241
-1494
-1326
-710
-332
-586
-1265
-1756
-1930
-2068
-1978
-1513
-982
-781
-918
-1073
-1134
-1248
-1420
-1180
-536
180
625
572
291
-14
-282
-330
88
624
905
734
415
98
-281
-466
-382
-44
626
1111
1028
679
403
217
39
-109
-25
278
391
236
35
-131
-234
-483
-771
-671
-31
611
980
1131
1103
1071
1210
1744
2300
2711
2549
1928
1519
1470
1771
1731
1342
895
595
580
413
251
439
908
1270
1557
1904
2169
2061
1800
1763
1965
2105
1876
1286
448
-236
-699
-1084
-1201
-1156
-889
-729
-812
-961
-880
-710
-494
-205
194
426
42
-562
-1129
-1510
-1752
-1954
-1797
-1537
-1374
-1529
-1688
-1529
-1169
-714
-359
236
732
767
450
224
68
119
275
542
854
859
505
252
257
506
759
838
913
876
883
813
603
402
194
99
24
-118
-490
-1044
-1640
-2020
-2026
-1856
-1581
-1470
-1552
-1805
-1898
-1736
-1130
-466
-263
-323
-412
-600
-973
-1375
-1803
-1873
-1864
-1876
-1757
-1896
-2189
-2488
-2479
-2218
-1940
-1627
-1371
-990
-610
-501
-573
-609
-434
-99
174
389
608
791
763
671
800
1015
1247
1448
1842
2142
2311
2455
2714
3110
3237
3118
2908
2915
2828
2770
2601
2524
2558
2387
1998
1675
1633
1722
1784
1909
2025
1992
1837
1449
1144
1025
785
408
87
-128
-255
-524
-834
-1049
-869
-537
-331
-331
-624
-876
-1038
-1037
-1036
-1010
-984
-1129
-1426
-1901
-2389
-2599
-2617
-2594
-2335
-2023
-1507
-951
-537
-310
-57
418
697
702
715
701
521
117
-302
-655
-856
-869
-869
-822
-528
-407
-391
-226
59
424
649
834
877
896
909
804
481
283
210
39
-138
-367
-502
-692
-925
-1019
-953
-570
-203
-30
237
559
575
285
24
-5
260
356
186
-144
-325
-440
-661
-998
-1083
-1123
-1210
-1228
-1372
-1382
-1413
-1530
-1492
-1099
-693
-394
-238
-184
-156
-231
-253
41
315
297
12
26
259
361
377
394
513
559
653
701
850
907
749
806
921
1183
1474
1442
1305
1016
920
787
769
724
439
312
275
201
-81
-325
-448
-224
-77
129
298
344
513
704
1034
1202
1377
1477
1464
1402
1231
986
473
207
8
-265
-522
-664
-483
-521
-596
-568
-235
232
613
1067
1548
1829
1840
1819
1799
1803
1651
1249
775
214
-257
-738
-1199
-1529
-1720
-1698
-1497
-1267
-1173
-1063
-838
-383
104
484
667
581
420
173
-150
-498
-886
-1308
-1805
-2189
-2401
-2684
-2859
-2824
-2638
-2407
-1998
-1549
-1257
-1073
-840
-612
-426
-200
13
-39
-138
-158
-291
-397
-657
-939
-923
-695
-501
-514
-748
-929
-1082
-1031
-619
13
478
553
437
522
812
1130
1520
1710
1615
1397
1234
1428
1611
1394
836
393
269
513
1045
1354
1355
1173
1218
1593
1968
2084
2029
1878
1522
1105
842
594
421
-3
-570
-740
-646
-650
-783
-1034
-1216
-1024
-681
-335
-114
16
9
-27
15
100
119
53
-182
-401
-405
-302
-269
-585
-914
-1100
-1113
-938
-685
-408
-313
-248
-82
141
399
646
842
823
897
1125
1421
1572
1278
777
391
110
-149
-367
-594
-762
-777
-612
-286
-91
80
385
704
982
1276
1340
1032
720
465
502
556
402
93
-168
-413
-590
-728
-786
-812
-923
-926
-726
-337
-255
-411
-476
-281
-21
146
208
226
155
-205
-512
-735
-956
-1317
-1552
-1567
-1586
-1804
-2099
-2354
-2241
-1934
-1571
-1208
-964
-648
-502
-534
-468
-217
93
291
322
333
265
80
-147
-402
-458
-429
-501
-444
-223
166
287
400
619
953
1560
1858
2002
2015
2053
1989
1738
1532
1323
1116
732
243
-41
-101
-260
-372
-446
-401
-201
3
404
881
1348
1607
1862
2009
1941
1909
1854
1853
1613
1342
1043
654
397
94
-207
-506
-762
-754
-524
-298
-117
-41
-9
50
358
800
1029
1167
1116
1018
797
493
119
-292
-502
-668
-830
-1141
-1416
-1788
-2042
-1971
-1671
-1253
-1047
-1011
-992
-821
-709
-724
-678
-480
-214
-239
-473
-778
-1082
-1320
-1664
-1759
-1751
-1595
-1367
-1323
-1273
-1142
-997
-879
-589
-317
-5
217
297
203
130
7
-162
-276
-303
-254
-317
-461
-801
-961
-924
-750
-387
-86
264
571
921
1180
1344
1364
1215
1157
1283
1314
1091
709
308
112
-63
-152
-159
-71
159
228
347
710
1204
1530
1704
1802
2025
2225
2265
2141
1812
1396
833
445
250
-54
-476
-919
-1100
-1103
-905
-610
-382
-206
-94
5
228
576
844
1079
1093
945
765
601
386
189
-69
-285
-487
-691
-704
-811
-945
-1031
-995
-771
-363
-15
118
344
449
471
625
763
699
504
422
340
232
-70
-532
-929
-1098
-936
-922
-1067
-1169
-1255
-1159
-927
-587
-261
3
81
156
222
320
440
317
145
-112
-314
-395
-489
-663
-892
-1008
-978
-882
-718
-493
-488
-487
-352
-351
-322
-210
-140
-82
-99
-324
-482
-494
-599
-833
-1104
-1223
-1438
-1538
-1482
-1375
-1032
-744
-541
-282
97
448
659
808
872
1017
1019
902
684
457
306
186
91
63
140
245
396
613
894
1127
1225
1423
1832
2191
2504
2732
2732
2650
2495
2250
2008
1827
1685
1443
1164
794
386
20
-115
-56
24
149
279
453
614
766
812
792
804
785
691
632
438
201
-171
-515
-788
-1018
-1317
-1592
-1754
-1959
-1939
-2024
-2005
-1746
-1516
-1293
-1044
-810
-711
-785
-777
-786
-867
-984
-1232
-1421
-1602
-1855
-2144
-2254
-2205
-2067
-1955
-1893
-1657
-1319
-1004
-689
-421
-151
42
152
300
411
510
463
175
-130
-301
-428
-501
-591
-631
-597
-551
-369
-129
-9
211
457
652
866
1088
1233
1264
1313
1263
1121
961
696
520
427
296
114
12
-156
-273
-295
-322
-167
100
355
722
1136
1331
1450
1422
1469
1559
1548
1444
1225
1026
720
440
239
53
-78
-89
80
202
327
384
596
938
1428
1785
1867
1987
2017
2053
1989
1881
1701
1571
1393
1070
722
268
-62
-368
-421
-413
-374
-320
-381
-335
-221
-21
142
312
483
685
832
825
567
218
-104
-442
-653
-801
-1024
-1365
-1671
-1940
-1952
-1793
-1584
-1333
-1077
-802
-605
-392
-220
-108
-162
-278
-460
-786
-1092
-1420
-1747
-2084
-2280
-2346
-2348
-2360
-2273
-2081
-1773
-1421
-1014
-556
-268
-91
-21
-12
-83
-248
-332
-400
-611
-791
-975
-1106
-1126
-1166
-1195
-1209
-1156
-922
-693
-571
-394
-240
-180
-99
75
238
336
232
50
-65
-110
-128
-309
-320
-332
-312
-179
-160
-90
-2
123
298
552
841
1061
1358
1589
1779
1978
2100
2140
2084
1961
1885
1795
1780
1633
1451
1306
1180
1224
1312
1399
1540
1810
2037
2264
2387
2444
2479
2469
2492
2486
2360
2221
2077
1927
1828
1601
1328
1032
794
621
421
179
-57
-236
-412
-508
-491
-547
-631
-740
-754
-678
-709
-815
-982
-1105
-1268
-1518
-1802
-1962
-2095
-2188
-2281
-2296
-2175
-2022
-1949
-1850
-1772
-1591
-1390
-1306
-1181
-1205
-1216
-1288
-1329
-1384
-1453
-1446
-1504
-1380
-1270
-1279
-1407
-1465
-1449
-1304
-1064
-770
-438
-303
-120
-77
-132
-101
-90
-80
-123
-27
126
220
287
160
45
-35
10
83
210
424
530
442
318
227
226
230
287
432
420
372
314
376
479
511
606
741
863
1004
997
852
740
686
606
511
331
274
279
253
248
213
332
497
649
988
1346
1421
1313
1197
1137
1190
1183
1087
1041
1031
904
761
750
831
886
835
764
773
925
1076
1102
1183
1209
1298
1362
1302
1188
993
760
471
196
42
-173
-469
-660
-841
-974
-1116
-1213
-1200
-1148
-1237
-1192
-1136
-1049
-960
-889
-817
-813
-779
-930
-988
-1032
-1069
-1197
-1384
-1442
-1419
-1336
-1365
-1446
-1459
-1309
-1252
-1287
-1213
-1084
-984
-1010
-1113
-1025
-909
-951
-970
-1026
-904
-871
-956
-1007
-993
-809
-748
-677
-579
-435
-335
-209
-134
6
188
318
433
495
612
709
758
614
559
486
465
515
476
478
451
496
448
507
609
748
847
902
1020
1167
1359
1497
1575
1653
1827
1941
1985
1839
1637
1511
1269
1085
986
923
886
712
607
639
764
857
869
941
1093
1402
1689
1817
1796
1724
1593
1495
1450
1343
1156
950
724
419
276
159
11
-11
46
108
165
135
157
174
63
-14
-183
-299
-449
-664
-875
-1103
-1369
-1684
-2011
-2219
-2292
-2446
-2571
-2631
-2573
-2494
-2487
-2515
-2460
-2362
-2269
-2129
-1987
-1860
-1806
-1790
-1892
-1971
-1979
-1891
-1852
-1795
-1662
-1495
-1327
-1209
-1040
-868
-699
-629
-435
-198
-145
-77
-25
23
98
154
204
221
220
294
320
417
538
624
697
816
921
1005
1052
1044
1004
1047
1068
1115
1046
932
833
763
726
679
856
1003
1097
1097
1067
1063
1035
1077
991
996
1113
1128
1185
1064
1044
1049
1049
1114
1149
1212
1226
1163
1140
1005
940
920
822
853
808
781
654
503
370
378
494
600
734
820
832
844
968
1148
1316
1414
1371
1221
1158
1104
953
785
577
379
241
162
102
23
-91
-245
-353
-363
-286
-332
-441
-500
-647
-796
-910
-990
-1104
-1175
-1332
-1453
-1725
-1956
-2132
-2238
-2203
-2268
-2171
-2154
-2046
-1915
-1882
-1812
-1804
-1832
-1805
-1731
-1656
-1606
-1652
-1679
-1636
-1683
-1613
-1515
-1453
-1347
-1245
-1145
-937
-729
-565
-525
-503
-458
-399
-343
-369
-417
-444
-324
-266
-136
0
196
271
283
354
509
781
998
1060
1032
997
966
892
750
681
678
670
691
711
728
786
795
801
846
896
1036
1159
1186
1205
1120
1149
1273
1345
1410
1447
1385
1196
1066
947
899
789
767
783
783
744
680
724
773
789
882
939
893
861
856
914
935
938
961
941
969
1027
1069
1152
1146
1067
1005
988
911
859
736
555
374
267
246
250
299
216
48
-39
-100
-223
-333
-472
-633
-818
-998
-1227
-1397
-1534
-1683
-1844
-1907
-1882
-1854
-1848
-1828
-1671
-1581
-1520
-1526
-1478
-1436
-1424
-1392
-1438
-1429
-1397
-1385
-1483
-1587
-1679
-1710
-1601
-1471
-1345
-1175
-1028
-908
-789
-646
-451
-218
-108
-23
105
163
198
96
6
-68
-5
11
4
36
66
108
127
251
467
655
877
1019
1122
1184
1162
1158
1114
1030
904
764
615
487
310
169
107
87
159
266
319
452
548
681
884
1012
1235
1319
1380
1294
1179
1121
1020
921
719
592
498
332
179
65
62
168
223
366
593
822
899
926
1041
1089
1122
1065
938
845
698
615
484
290
55
-132
-255
-276
-180
-163
-94
-108
-42
138
273
273
253
233
207
123
-94
-395
-622
-808
-1038
-1224
-1365
-1351
-1358
-1363
-1240
-1106
-1012
-1051
-1044
-1004
-987
-891
-815
-726
-660
-708
-778
-767
-769
-759
-951
-1155
-1222
-1283
-1278
-1305
-1243
-1153
-1144
-1090
-981
-873
-651
-524
-441
-176
64
271
412
365
393
326
331
417
405
445
433
446
433
458
492
497
500
521
605
608
696
786
778
865
870
866
919
873
696
575
439
296
295
237
121
-7
-120
-137
-113
-62
37
196
319
413
495
502
492
485
460
507
544
431
270
87
-113
-130
-181
-262
-270
-303
-247
-239
-156
-139
-80
-10
62
259
387
463
455
389
341
418
509
465
356
222
156
263
319
395
443
517
570
631
657
736
787
778
699
563
453
323
193
27
-111
-227
-321
-456
-583
-705
-745
-760
-766
-709
-664
-644
-661
-678
-612
-633
-586
-609
-605
-590
-628
-611
-656
-679
-630
-578
-488
-404
-437
-391
-340
-310
-198
-143
-162
-184
-134
-103
-119
-20
4
101
144
132
167
114
84
93
98
105
126
91
54
-62
-116
-92
-154
-150
-136
-180
-194
-299
-336
-296
-193
-115
-96
-37
6
51
24
-72
-186
-203
-291
-297
-331
-384
-339
-417
-395
-319
-215
-95
3
38
71
132
293
415
474
560
566
578
486
375
279
212
159
94
111
110
99
112
154
229
351
418
526
625
722
850
880
880
919
928
904
888
823
763
714
681
682
779
786
755
712
689
651
621
571
548
538
541
427
283
150
39
-42
-136
-246
-370
-496
-580
-648
-729
-772
-783
-705
-695
-689
-714
-780
-753
-768
-707
-688
-623
-610
-602
-584
-650
-690
-775
-856
-901
-832
-783
-738
-711
-633
-558
-433
-355
-290
-194
-130
-82
-37
23
59
87
115
152
85
24
10
45
90
63
75
154
229
233
283
280
340
386
491
587
590
621
568
516
470
427
397
341
206
141
105
34
-68
-195
-189
-148
-87
-25
-3
-3
-31
-28
-80
-42
-10
-46
-103
-154
-171
-197
-209
-185
-150
-118
-29
-41
-75
-104
-106
-108
-54
14
120
150
137
186
160
215
231
220
275
358
322
311
235
191
182
137
108
95
138
67
-7
-101
-137
-209
-299
-346
-362
-376
-402
-412
-441
-460
-492
-451
-387
-308
-263
-282
-325
-304
-285
-262
-234
-195
-159
-144
-89
-62
-20
14
56
75
47
97
113
109
136
182
220
225
245
252
277
282
292
309
337
375
397
354
272
254
234
243
253
274
300
288
256
201
193
231
217
193
242
210
182
62
47
42
59
82
3
-71
-119
-147
-182
-122
-161
-192
-212
-123
-105
-137
-143
-142
-69
-3
107
128
125
121
105
65
77
49
26
64
6
55
10
-24
23
27
62
118
138
119
76
52
33
-12
11
-24
-95
-167
-221
-217
-193
-158
-129
-141
-170
-111
-58
-18
6
-2
12
98
111
111
101
-24
-105
-218
-319
-354
-343
-409
-417
-380
-282
-177
-174
-76
-16
6
42
64
128
179
92
55
25
-7
-136
-214
-288
-270
-230
-167
-112
-80
-21
-68
19
58
116
217
201
195
207
127
71
58
17
-6
19
14
-55
-138
-62
-30
9
134
73
2
2
-70
-58
-16
-12
-9
-39
-57
-77
-78
-117
-126
-171
-192
-129
-115
-46
-87
-109
-99
-15
40
30
-12
-132
-122
-126
-34
18
-64
-162
-245
-251
-248
-190
-226
-231
-235
-197
-83
-49
51
64
142
211
201
235
212
148
158
165
192
286
270
301
289
272
291
336
438
549
614
673
752
799
795
724
721
747
837
840
820
767
634
583
446
473
457
398
320
209
230
215
220
202
207
245
213
212
138
102
-16
-96
-138
-197
-269
-405
-483
-654
-741
-752
-728
-702
-703
-687
-692
-663
-642
-634
-549
-504
-484
-477
-479
-497
-569
-659
-642
-683
-651
-586
-599
-580
-570
-535
-438
-353
-270
-251
-232
-234
-209
-182
-156
-154
-163
-150
-185
-159
-204
-259
-352
-385
-359
-338
-260
-205
-146
-80
24
129
192
237
320
326
310
284
227
166
87
58
11
-28
-12
-83
-79
-11
37
100
147
217
305
366
357
346
356
371
394
410
310
309
269
148
101
83
63
7
11
-29
25
114
134
199
272
308
418
453
465
515
511
514
475
468
393
290
227
225
238
210
210
141
113
139
136
223
338
348
464
548
584
621
568
451
368
336
237
189
75
-14
-136
-229
-262
-257
-239
-237
-168
-94
-12
52
128
154
193
189
189
163
99
10
-127
-167
-253
-282
-328
-403
-422
-458
-418
-378
-345
-353
-314
-279
-214
-166
-176
-164
-185
-181
-165
-207
-265
-307
-427
-447
-504
-519
-516
-562
-559
-563
-479
-398
-342
-263
-177
-122
-79
-59
-58
-118
-156
-136
-158
-198
-201
-255
-333
-331
-370
-311
-335
-344
-319
-341
-319
-303
-234
-220
-175
-138
-77
-44
28
68
111
103
115
177
185
250
271
286
253
251
285
257
287
296
315
307
345
447
472
505
522
539
554
554
541
463
391
370
263
172
100
26
-63
-124
-100
-103
-64
-58
-35
10
79
127
153
110
48
24
-72
-110
-133
-157
-147
-193
-243
-233
-237
-205
-235
-151
-104
-24
32
92
123
140
184
132
195
194
203
168
151
149
153
143
152
197
196
223
252
227
249
228
224
258
282
337
332
317
314
312
282
280
253
251
242
161
120
10
-25
-36
-110
-124
-123
-102
-126
-152
-171
-176
-112
-106
-78
