SAMPLES:	8165
BITSPERSAMPLE:	16
CHANNELS:	1
SAMPLERATE:	16000
NORMALIZED:	FALSE
581
636
669
748
789
793
864
813
851
826
776
749
716
692
652
661
638
685
680
655
626
609
570
556
482
418
399
326
322
264
239
198
114
38
-53
-123
-224
-322
-365
-470
-501
-512
-557
-554
-537
-525
-514
-464
-482
-513
-509
-553
-584
-624
-672
-718
-759
-800
-807
-783
-782
-733
-708
-706
-620
-574
-555
-477
-484
-445
-434
-424
-375
-427
-414
-424
-465
-442
-407
-354
-273
-209
-134
-53
1
67
72
116
149
160
214
265
286
339
426
513
577
616
650
660
658
641
634
555
499
491
456
443
442
411
411
432
425
436
450
418
394
392
392
315
299
293
241
250
240
194
144
112
37
-12
-59
-59
-40
-38
-15
-5
-20
5
-43
-66
-52
-113
-83
-131
-130
-144
-176
-254
-231
-244
-297
-265
-276
-258
-241
-217
-240
-241
-242
-255
-250
-206
-222
-184
-141
-132
-137
-112
-126
-121
-69
-34
6
58
107
147
189
193
214
156
155
123
53
62
-6
-25
-52
-74
-49
-13
-34
-4
45
8
-4
21
1
-10
30
5
16
48
54
60
58
67
78
89
102
118
95
119
129
136
157
190
156
132
133
16
12
-50
-47
-66
-51
-39
-69
-55
-64
-100
-57
-81
-82
-86
-108
-95
-108
-150
-143
-157
-79
-53
-13
-16
20
54
29
71
9
27
-10
-27
-28
-9
-3
12
39
67
75
93
95
117
112
106
145
101
145
103
130
128
53
27
-51
-100
-119
-149
-122
-104
-115
-120
-100
-130
-146
-131
-161
-145
-155
-166
-234
-247
-275
-299
-266
-238
-181
-140
-100
-99
-43
-56
-91
-72
-81
-94
-90
-89
-91
-106
-159
-194
-226
-192
-210
-180
-190
-174
-140
-117
-132
-113
-110
-122
-119
-131
-158
-102
-125
-82
-39
-40
19
22
50
59
84
96
139
126
170
181
174
194
195
261
275
352
367
384
388
404
347
384
409
407
469
473
498
532
544
495
479
452
450
429
419
425
399
396
351
326
277
245
196
174
126
94
59
24
-32
-88
-89
-55
-94
-85
-91
-127
-140
-146
-145
-161
-128
-174
-119
-168
-216
-189
-215
-270
-267
-254
-289
-240
-275
-285
-303
-281
-253
-300
-260
-326
-310
-316
-303
-288
-308
-297
-280
-261
-271
-266
-314
-299
-307
-303
-270
-242
-211
-190
-132
-182
-138
-154
-131
-157
-153
-116
-136
-108
-148
-164
-158
-191
-219
-229
-261
-268
-254
-209
-173
-94
-61
-1
38
22
69
64
70
71
24
79
90
105
138
153
165
204
206
225
286
259
268
250
241
214
167
156
88
36
37
-1
-9
12
-1
24
34
70
86
75
126
127
183
212
278
332
367
410
403
453
413
449
482
506
536
564
589
565
595
561
547
538
537
535
553
553
547
574
562
532
509
417
375
299
241
214
181
141
94
75
42
3
-22
-45
-88
-100
-179
-209
-283
-326
-394
-429
-465
-525
-538
-592
-577
-595
-649
-682
-700
-746
-729
-790
-794
-807
-799
-757
-751
-708
-649
-590
-562
-534
-522
-549
-534
-533
-523
-480
-501
-417
-381
-321
-278
-252
-170
-139
-115
-113
-152
-132
-136
-145
-126
-105
-77
-25
-53
28
46
66
125
135
198
172
215
248
307
324
377
368
423
449
444
464
448
446
421
425
416
454
428
446
422
403
381
389
389
315
328
293
251
199
142
145
134
158
166
168
199
169
166
140
112
98
96
10
3
-28
-106
-133
-210
-269
-309
-298
-292
-288
-284
-223
-271
-274
-292
-335
-364
-368
-397
-384
-335
-317
-249
-231
-179
-121
-54
-30
39
63
111
144
169
226
243
280
294
296
300
315
392
433
467
492
515
520
498
535
471
482
467
457
480
510
511
533
563
509
507
502
465
465
377
305
273
195
143
98
35
-11
-50
-95
-123
-162
-176
-207
-208
-225
-242
-236
-282
-324
-367
-455
-499
-570
-590
-617
-590
-583
-548
-479
-479
-449
-492
-457
-475
-437
-425
-415
-393
-417
-375
-372
-356
-344
-324
-340
-329
-377
-393
-360
-454
-426
-394
-358
-307
-218
-159
-138
-119
-84
-73
-86
-48
-27
0
70
71
107
124
141
171
202
224
202
183
204
147
131
156
127
138
86
89
101
56
165
123
129
189
217
298
317
374
422
454
484
520
485
496
472
383
343
264
217
169
112
111
105
93
52
72
35
83
51
14
-32
-50
-37
-107
-114
-166
-154
-180
-159
-150
-137
-123
-100
-64
-57
-14
29
60
79
140
175
216
272
254
309
-401
-181
692
422
-315
-897
-232
535
277
-111
-261
-325
-103
357
733
133
-594
-312
440
503
114
375
800
806
562
640
1190
1513
1310
791
708
965
1180
1428
1217
395
-182
146
858
613
-327
-675
-305
-191
-429
-461
-262
-358
-484
-538
-654
-635
-546
-566
-951
-1437
-1729
-1661
-1374
-1522
-2169
-2605
-2499
-2227
-2151
-2265
-2424
-2554
-2620
-2533
-2444
-2248
-2174
-2243
-2104
-2069
-1894
-1384
-1016
-926
-937
-745
-238
286
659
1005
1087
1018
1264
1747
2070
2117
1989
1897
2004
2253
2428
2476
2254
2075
2150
2214
2374
2205
2052
2008
1840
1762
1758
1717
1478
1498
1425
1250
1226
1088
1178
1270
1083
755
887
1166
1225
1114
1320
1282
1108
1394
1488
1639
1306
1300
1526
1490
1571
1394
1494
1381
928
926
1100
864
381
204
222
-1418
-3235
-1567
1027
-723
-5722
-6322
-1803
268
-2787
-5903
-5177
-3570
-3240
-3445
-3999
-4396
-4883
-4854
-4387
-3586
-2938
-3454
-3265
-1931
-2047
-3214
-1673
2199
2209
-1723
-2222
1887
4559
3268
1497
1633
2423
3291
3676
3664
3596
3266
2738
2594
3368
3573
2827
2829
3344
2290
819
1831
3832
3181
518
-538
445
1349
1284
706
-66
-782
-1037
-661
26
5
-1044
-2026
-1660
-1412
-1273
-725
-412
-1467
-2845
-1997
109
185
-1516
-1714
-885
-719
-883
-347
-210
-782
-1101
-738
-342
-439
-217
-45
-114
-444
-533
279
1012
761
-186
-118
671
826
615
696
535
165
470
982
1024
695
595
939
1130
876
740
1205
1508
1346
641
761
1513
1609
1508
1622
1473
1329
1797
2289
2131
1615
1984
418
-1771
570
4299
1968
-4592
-4811
1315
3575
-594
-4029
-3314
-1688
-1260
-1563
-2829
-3944
-3856
-3798
-4143
-3614
-2346
-2926
-3927
-2984
-2579
-3898
-2999
737
644
-3858
-4742
-329
2357
436
-1792
-1685
-757
248
513
-29
-19
237
-124
-576
194
1186
953
644
1015
377
-322
999
2994
2520
241
-208
986
2020
2482
2233
1402
648
1365
1862
1672
2911
2957
986
31
1820
3221
2395
1895
2135
1242
273
1861
3724
2443
326
678
1883
1943
1389
1882
2237
1063
53
752
2177
2296
1023
154
631
1258
857
854
1535
1033
-290
-292
1205
1526
59
-248
349
21
-843
-514
617
-224
-1746
-1652
-492
-483
-1377
-1329
-1128
-1705
-1893
-1103
-874
-1215
-1975
-2134
-1195
-1513
-4290
-4671
-350
1211
-4542
-9180
-4307
2348
310
-5944
-6776
-3307
-1625
-2060
-2714
-3537
-4108
-3570
-2728
-2260
-1546
-895
-1410
-1256
142
-83
-599
2502
5520
2335
-1840
794
6069
6497
2879
1115
2217
3819
4502
3614
2767
2998
2850
1531
1563
3164
3103
1614
1561
2145
783
139
2489
3657
1057
-1444
-925
1039
2008
1295
-291
-1044
-593
-878
25
1882
1298
-1513
-2342
559
2442
919
-182
937
631
-1077
-98
2900
2681
-267
-1323
601
2101
1295
869
1376
722
-1060
-801
1826
2610
-17
-1721
-295
930
269
91
731
41
-1156
-1049
154
772
145
-803
-1162
-1023
-801
-697
-215
-228
-1815
-1962
86
875
-466
-1122
276
725
-537
-241
1264
1038
-21
106
1080
631
-1506
-2452
442
3502
77
-6399
-5417
2402
4271
-2666
-6911
-3548
-92
-1282
-3289
-3305
-3420
-4126
-4374
-3837
-2934
-2621
-3280
-3750
-3002
-2820
-3583
-1685
1675
641
-4109
-4379
961
3657
311
-2737
-1778
474
798
-167
-472
77
592
-679
-1690
-439
1208
1034
86
332
275
-181
1139
3363
2892
322
-218
1841
3741
3790
2778
1934
2070
3815
5148
4237
3222
3829
4831
5052
4702
3934
3970
5238
5659
4183
2690
3514
5270
4994
2913
2113
3128
3833
2964
1954
1701
1223
893
1209
1272
-328
-1558
-296
703
-836
-2679
-2172
-798
-926
-2137
-3235
-3173
-2186
-1504
-2437
-4093
-3785
-2286
-2158
-3243
-3418
-2795
-2489
-1945
-1965
-2616
-2156
-1234
-1245
-1771
-1246
-110
-557
-1186
-383
-212
-2615
-3448
329
2710
-1645
-6820
-4302
2384
2981
-3302
-6720
-3711
-205
-915
-3484
-4240
-3500
-3239
-4122
-4017
-2558
-1987
-3003
-3380
-2223
-2076
-2872
-1123
2165
1042
-3248
-3028
2010
4600
1763
-1330
-657
2024
2965
1537
659
2028
3091
1319
-179
1866
4050
3150
1519
1970
2507
1973
2844
4621
3985
1504
697
2580
4646
4165
1297
1148
3521
3410
1084
1105
3713
4441
1686
-18
1714
2959
2214
2303
2333
1
-969
1642
3947
2181
-1056
-1399
874
2053
632
-810
-142
760
-527
-1613
198
1410
-411
-1397
92
133
-1164
192
2106
436
-1834
-1225
900
1605
639
-398
-868
-499
238
489
15
-427
-864
-755
83
121
-567
-417
512
-46
-1636
-830
1114
486
-1144
-888
-954
-2750
-2081
1346
821
-4758
-7078
-2276
1977
-580
-5589
-6302
-3158
-1377
-2746
-4787
-4913
-3634
-3882
-5458
-4955
-2445
-1793
-3315
-3857
-2610
-2375
-1978
562
1579
-1290
-3461
-559
2910
2612
123
-1393
-308
1735
2130
504
-14
1802
2390
29
-716
1701
3213
1790
595
969
1254
1843
3108
3437
1999
812
1506
2157
3074
4837
3673
371
176
3847
6251
4697
2148
1604
2751
4321
4822
4331
3141
2542
3015
2937
3332
3896
3485
2418
1025
515
1392
2669
2737
406
-2158
-1893
528
1624
448
-1206
-2619
-2611
-475
867
-654
-2556
-2134
-1156
-1393
-1391
-932
-925
-1139
-1550
-2316
-2207
-557
646
-716
-2560
-2182
-366
775
438
-605
-1246
-250
776
103
-656
-244
-55
-834
-1764
-3157
-2829
256
1054
-4011
-8185
-4105
1546
-478
-6346
-7740
-5025
-3303
-3669
-5175
-6789
-6383
-5120
-5489
-6274
-4967
-3304
-4054
-4686
-3602
-3437
-3226
-298
1944
-998
-4153
-1003
3923
3919
862
-450
952
3323
4346
3077
1995
3562
4901
3524
2980
5143
6087
4717
4556
5460
4735
4251
6076
7074
5038
2701
2691
5080
7331
6100
2218
856
3871
6277
4401
1943
2057
2550
2084
2865
3836
1985
480
1757
2477
980
-108
1226
2046
344
-1694
-1916
-539
874
107
-2661
-3911
-2215
-579
-711
-1692
-3001
-3524
-2133
-179
-621
-2682
-2653
-723
-107
-1316
-1970
-511
937
239
-941
-815
249
691
469
265
-184
-670
123
1663
1200
-802
-1150
787
1948
385
-1793
-1220
773
872
-2429
-5124
-2214
1662
-622
-6563
-7597
-2609
551
-2629
-7618
-8275
-5234
-3521
-4711
-6637
-7609
-7189
-6411
-6027
-5853
-5657
-5430
-5276
-4706
-4159
-4108
-3580
-1335
552
-1866
-4881
-1788
4017
4135
-729
-2603
984
4671
4283
1975
1451
3356
4704
3754
3143
4963
6278
4796
3857
5671
6547
5247
6035
7343
5570
4042
5829
7351
5697
4377
5571
6279
5005
4184
4629
4853
4646
4452
3539
2448
2751
3732
3805
3044
1737
819
1432
2515
1985
328
-406
-210
-501
-1167
-950
-1068
-2152
-2921
-2874
-3147
-2904
-2157
-2519
-3722
-4103
-2918
-1827
-1912
-2557
-2569
-2008
-1308
-1272
-1189
-537
-401
-1011
-1007
184
580
-265
-329
601
1076
454
68
973
967
294
630
1117
503
-1034
-841
735
-213
-3096
-3124
-257
-320
-4595
-6809
-3551
-497
-2866
-7259
-7731
-4949
-3701
-5372
-7407
-7719
-6821
-6619
-7386
-6885
-5401
-5576
-6719
-5598
-3642
-3736
-4143
-2055
-577
-2427
-3379
-589
2129
1612
-95
-623
614
2825
4101
3131
1862
3043
4825
4480
4035
5547
6548
5548
4801
5851
7028
7305
6223
5819
7245
7427
5941
4851
6191
8331
7107
4204
3684
5439
6288
5549
4931
3525
2534
3660
4978
4379
2455
1860
2330
1696
654
1068
1740
686
-1203
-1825
-1362
-887
-964
-2136
-3465
-4397
-4340
-2974
-2449
-3700
-5309
-5622
-4294
-3003
-3040
-4218
-4532
-3511
-3092
-2992
-2192
-1890
-2750
-2796
-1268
-657
-1507
-1545
-391
175
-381
-428
275
1025
1321
762
472
1225
2168
2019
748
604
817
-272
113
1871
1080
-2717
-4199
-646
1873
-999
-5193
-5662
-3015
-2108
-3880
-6238
-6823
-5317
-5074
-7081
-7410
-5251
-4219
-6027
-7058
-5461
-4452
-4215
-3251
-2721
-3966
-4859
-2843
277
245
-1973
-3013
-1488
1157
1879
564
73
1842
3184
2176
1898
4156
6118
5177
3608
4230
6257
6842
5942
6597
7275
5965
4911
6221
8597
8426
5966
4713
5612
6779
6647
6309
5926
4485
3464
4197
5483
5510
3556
2248
2696
2791
2298
2164
2356
1472
-547
-1280
-233
547
-308
-2030
-3261
-3418
-2763
-2089
-2196
-3460
-4939
-5178
-3952
-2561
-3048
-4759
-4821
-3518
-2866
-2997
-2767
-2299
-2713
-3223
-2583
-1388
-895
-1973
-2535
-1532
-625
-786
-1044
-195
-547
-1531
-492
1135
820
-534
-812
102
73
-1233
-1220
504
845
-1849
-4673
-3225
1155
1262
-4062
-7091
-4140
-1257
-2363
-4934
-5944
-5749
-5396
-5148
-5306
-5424
-4805
-4716
-5640
-5656
-4137
-3102
-3181
-2805
-2779
-4117
-3990
-762
1251
-689
-3253
-2662
-1
1611
1142
317
599
1546
2176
2301
3157
4804
4924
3646
3473
5113
5895
5502
6916
7457
5133
3636
5941
9205
8723
5632
4375
5509
7167
7858
7262
5936
4713
4684
5434
6534
6405
4325
3134
3731
3918
2759
2384
3345
2642
-277
-1829
-356
1448
409
-2363
-4229
-4381
-3150
-2473
-3447
-5223
-6361
-6286
-5473
-4460
-4804
-6105
-6115
-5662
-5553
-4919
-4041
-4183
-4948
-4306
-3295
-3466
-3071
-1676
-1235
-2412
-2824
-830
1075
781
-624
-747
745
2306
2463
1393
738
1543
2440
1015
-141
1761
3570
1295
-2693
-2245
2008
3112
-540
-4033
-3594
-1191
-828
-2481
-4197
-4921
-4818
-4950
-5022
-4529
-4322
-5208
-6256
-5561
-4275
-4770
-5154
-3198
-2530
-5202
-6362
-2648
533
-1426
-4555
-4155
-1241
271
-187
-950
-244
1233
1384
792
1849
4312
4560
2936
3135
4815
5571
5423
6529
7878
6241
4196
5530
8903
9711
6905
5062
5985
7647
8129
7331
6586
6113
5185
4728
5822
7248
6141
3149
2537
4076
4235
2623
2014
2203
1102
-928
-1274
252
726
-1412
-4105
-4772
-3534
-2795
-3809
-5268
-6082
-6087
-5925
-5417
-5122
-5649
-6148
-5900
-5767
-5533
-4612
-3824
-4111
-4894
-4389
-3116
-2748
-2658
-1876
-1770
-2014
-1616
-932
-203
489
679
-129
-648
550
2076
1859
1010
175
-936
-425
2472
3134
-1012
-4249
-1583
2496
1554
-2710
-4092
-1836
-732
-2285
-3622
-3648
-3375
-3781
-5187
-5610
-4391
-3431
-4292
-5617
-5333
-4546
-4356
-3354
-1958
-2946
-5430
-4819
-1121
233
-2158
-3960
-2878
-980
-433
-1115
-1113
-140
739
456
62
1556
3547
3634
2840
3373
4493
4730
4853
6746
7900
6150
4358
5537
8564
9670
7417
5318
6057
8120
8415
6940
6701
7030
6275
5301
5647
6881
6436
4503
3723
3522
3315
3266
3293
2551
727
-616
-576
193
62
-1748
-3666
-4202
-3675
-3221
-3865
-5141
-5704
-5575
-5432
-5492
-5829
-5890
-5398
-4945
-5727
-6159
-5140
-3743
-3626
-4777
-4498
-3122
-2691
-2659
-1794
-1336
-1192
-749
-431
-286
70
686
1386
1548
836
487
1083
2565
2765
-37
-1747
945
3509
1084
-3325
-2799
1555
2307
-1837
-5016
-3413
-756
-1284
-3690
-5609
-5375
-3940
-4395
-5915
-5875
-4771
-5291
-6359
-5463
-4610
-5387
-5455
-3424
-2694
-5221
-5943
-2377
-48
-2003
-4497
-3997
-1107
665
-437
-2318
-1298
1493
1594
-15
876
3942
4400
2463
2859
5599
6208
5277
5720
6967
7305
6422
6049
7371
9073
8868
6888
5891
7567
9157
7992
6284
6765
7380
6007
5450
6793
6789
5136
3697
4159
4622
3454
2409
2359
1881
435
-654
-547
-169
-923
-2713
-4445
-4032
-3211
-4079
-5510
-6003
-5938
-6313
-6407
-6055
-6260
-6617
-6308
-5849
-6361
-6320
-4806
-4259
-5189
-5182
-4066
-3424
-2899
-2448
-2316
-2105
-1056
-362
-798
-119
1036
1257
1012
1260
2041
2032
2046
2739
1668
576
2298
4089
2184
-1654
-1069
2710
3358
-130
-3073
-2279
-182
8
-1633
-3562
-3808
-3113
-3470
-4230
-4014
-3359
-3880
-4918
-4902
-4208
-3901
-3626
-3140
-3113
-4668
-5219
-2870
-452
-1372
-4426
-4500
-1551
365
-614
-2008
-1158
581
1026
158
270
2597
3982
2580
1653
3427
5596
5560
4949
5678
6418
5872
5816
7468
8462
7626
6368
6460
7771
8190
7217
6425
6718
6643
5573
5050
5955
6057
4313
3029
3383
3651
2434
1309
1138
794
-395
-1651
-1648
-1232
-2212
-3913
-4898
-4681
-4502
-5265
-6104
-6316
-6281
-6306
-6524
-6941
-6793
-6121
-6133
-6858
-6617
-5457
-4712
-4887
-5007
-4275
-3329
-3067
-2997
-2367
-1682
-953
-680
-673
139
947
1231
1449
1908
1966
2174
3153
3554
2964
2457
2072
2178
3700
4263
1852
-1262
-287
3629
4326
307
-2877
-1587
704
502
-1571
-3029
-3042
-2813
-3737
-4403
-3622
-2940
-3781
-5401
-5692
-4419
-3669
-3833
-3597
-3783
-5263
-5483
-2577
-417
-2239
-4894
-4160
-1309
-109
-1328
-2084
-715
718
460
-126
1297
3734
4288
2623
2452
4776
6435
6144
6009
6785
6731
6156
7254
9198
9007
7222
6920
8161
8766
8372
7542
7262
7582
7126
5725
5361
6422
6270
4157
2912
3437
3666
2428
1361
1313
358
-1125
-1407
-1235
-1856
-2938
-4301
-5202
-5082
-4863
-5837
-7227
-7216
-6628
-7270
-8154
-7859
-7084
-7231
-7664
-7577
-7438
-6922
-6115
-6044
-6589
-5911
-4587
-4475
-4828
-4030
-2710
-2676
-2646
-1580
-1069
-1214
-806
613
1370
704
634
1591
2666
3038
2421
1552
1363
2810
4328
3408
839
-17
2723
4898
2893
-309
-608
1116
1757
744
-1015
-2083
-1602
-1011
-2088
-3017
-2378
-1919
-2931
-3687
-3081
-2969
-3413
-2399
-1638
-3161
-4531
-2820
-543
-1141
-2785
-3022
-2167
-1072
-378
-755
-1370
-626
741
738
678
2082
3089
2626
2866
4282
4932
4959
5760
6631
6296
5863
7090
8335
7860
7420
7549
8048
8547
8210
7468
7239
7607
7271
6065
5702
6066
5624
4726
4087
3948
3119
2107
2224
1879
331
-818
-948
-1202
-2055
-3233
-4393
-4851
-4650
-5348
-6732
-7151
-6557
-6802
-7713
-8062
-7758
-7328
-7342
-7511
-7459
-7311
-6700
-6085
-6017
-5891
-5501
-4759
-4101
-3783
-3821
-3397
-2321
-1542
-1171
-852
-819
-604
720
1795
1974
1676
1442
2031
3313
4125
3695
1843
1159
3370
4917
3553
777
108
2411
4164
2373
-940
-1130
1232
1406
-851
-2460
-2274
-1578
-2042
-3194
-3930
-3966
-3178
-2860
-3946
-4615
-4165
-3274
-2540
-2041
-3013
-4542
-3234
-173
-150
-3166
-4109
-1515
736
-53
-1710
-1202
880
2017
1377
770
2068
3978
3930
3364
4220
5574
6027
5919
6217
6698
6957
6793
6984
7937
8344
7390
6697
7302
8124
7932
6546
5864
6223
6255
5679
4998
4463
3712
3236
2725
2167
1700
1116
369
-478
-1086
-1469
-1983
-3058
-3755
-3986
-4989
-5947
-5766
-5775
-6656
-7412
-7707
-7612
-6997
-6856
-7508
-7938
-7252
-6082
-6078
-6538
-6008
-5105
-4932
-4816
-3822
-3276
-3133
-2880
-2356
-1614
-877
-455
-429
-82
682
1309
1560
1952
2353
2520
2614
2835
3078
3294
2976
1721
1987
3905
4165
1678
-292
1301
3764
2928
-217
-1676
-560
384
-366
-1794
-2891
-2610
-2451
-3371
-3847
-3160
-2563
-3655
-4534
-3615
-2676
-2864
-2584
-1894
-2254
-3060
-2342
-592
-374
-1463
-1762
-878
358
910
356
262
1406
2426
2249
2025
3216
4525
4397
4107
4859
5704
5936
6081
6467
6325
6336
6605
6930
7389
7101
6471
6164
6550
7022
6160
5024
5145
5240
4401
3835
3980
3352
2114
1942
2057
1435
759
-127
-482
-544
-1296
-2452
-2896
-2652
-3208
-4988
-5798
-4835
-4768
-6621
-7666
-6802
-6557
-6987
-6717
-6855
-7532
-6936
-5909
-5444
-5633
-5797
-5353
-4637
-3771
-3319
-3717
-3538
-2214
-1720
-2291
-1768
-281
136
-640
-524
517
1361
2081
2057
1576
1718
2880
3972
3611
2950
3163
2805
2054
3232
4796
3356
-34
-518
2401
3908
1581
-1684
-1934
-107
334
-1127
-2640
-3112
-2659
-2904
-3772
-3721
-2852
-2573
-3543
-4413
-3775
-2754
-2414
-2133
-1780
-2474
-3473
-2234
194
489
-1308
-2169
-839
832
1367
992
972
2025
2803
2557
2342
3804
5681
5343
3790
4009
5997
7279
6829
5810
5521
6219
6944
6610
6592
7067
6652
5590
5133
6188
6966
5589
4001
3793
4104
3963
3654
3106
1963
1314
1074
675
561
142
-1018
-2137
-2742
-2895
-3082
-3902
-4921
-5551
-5937
-6284
-6445
-6635
-6882
-7128
-7645
-7861
-7163
-6311
-6456
-6976
-6736
-5805
-4992
-4826
-4785
-4083
-3750
-3746
-3070
-2254
-1850
-1937
-1589
-858
-408
-204
132
1174
1828
1550
1346
1780
3000
3826
3454
2559
2849
4166
4422
2997
2282
3468
4364
2815
350
657
2965
3221
505
-1798
-1168
357
-129
-1733
-2650
-2783
-2736
-2992
-2762
-2490
-2657
-3195
-3670
-2905
-2023
-1888
-2093
-1765
-1260
-1541
-1695
-560
808
421
-678
-371
938
1984
2153
2039
2217
2616
3060
3617
4346
4936
5039
4620
4688
5798
6496
6099
5780
5673
5418
5816
6538
6166
4817
4547
5262
5144
4336
3714
3735
3851
3150
2329
1992
1997
1586
812
-44
-424
-711
-1092
-1439
-1919
-3012
-4217
-3936
-3689
-4416
-5646
-6226
-5967
-5866
-6354
-6722
-6548
-6739
-6996
-6419
-5680
-5506
-5654
-5442
-4641
-3773
-3518
-3571
-3051
-2147
-1854
-1999
-1787
-856
135
-132
-571
-111
708
1291
1404
1098
1309
2074
2751
2894
2728
3058
3320
3365
3418
3414
3438
2793
1815
2183
3382
3190
631
-1383
95
2424
1367
-1853
-3092
-1774
-1082
-1914
-2979
-3771
-3985
-4051
-3952
-3833
-3678
-3525
-3675
-3968
-3642
-2913
-2796
-2408
-1409
-1546
-2750
-2403
90
1713
546
-1060
-685
1451
3113
2913
2133
2455
3481
4104
4308
4857
5681
5593
4882
5122
6249
6781
6593
6274
5852
5214
5408
6487
6692
5399
3779
3904
5313
5435
4054
2976
2986
3448
2815
2032
1825
1514
706
59
-178
-754
-1389
-1704
-2392
-3447
-4191
-4251
-3961
-4479
-5699
-6383
-5919
-5400
-5822
-6524
-6488
-6175
-5969
-5797
-5525
-5370
-5044
-4484
-4173
-3860
-3421
-3021
-2620
-2305
-2086
-2109
-1591
-315
-282
-1043
-720
601
1222
688
694
1381
1632
1897
2354
2400
2379
2697
3257
3230
2898
2988
3132
2635
1481
1123
2346
2713
664
-1670
-1279
1121
1197
-1590
-3442
-2730
-1866
-2144
-2601
-3539
-4224
-4042
-3689
-3599
-3568
-3169
-3338
-3903
-3580
-2617
-2344
-2317
-1541
-1476
-2401
-1846
253
1005
143
-156
648
1705
2616
3362
3370
3283
3961
4732
4995
5214
6002
6091
5372
5594
6545
6709
6238
6141
6251
6055
5479
5243
5552
5551
4719
3705
3561
3787
3837
3108
2089
1753
1411
1049
882
296
-727
-1437
-1733
-2264
-2814
-3338
-4160
-4650
-4871
-5265
-5562
-5780
-5972
-6007
-6311
-6424
-5783
-5249
-5417
-5543
-5318
-4710
-3774
-3257
-3339
-3613
-3056
-1713
-1012
-1427
-1605
-444
520
55
84
1389
2222
1718
1418
2382
3274
3385
3225
3337
3681
3710
3593
3948
4476
4294
3293
2832
3751
4256
3126
1924
1657
1049
725
1435
1106
-1451
-3650
-2491
-216
-1276
-4278
-5305
-4308
-3582
-4064
-5063
-5842
-5528
-4888
-5548
-6309
-5421
-4064
-4351
-5792
-5449
-3801
-3115
-2859
-2175
-2185
-2892
-2073
315
1397
791
174
782
2215
3434
3851
3458
3421
4359
5197
4779
4973
6396
6893
5737
5123
5891
6950
7045
6236
5592
5420
5141
4821
5236
5737
4632
2824
2619
3618
4002
2990
1537
1197
1140
401
199
257
-700
-2219
-2945
-2956
-2828
-3471
-4677
-4834
-4687
-5731
-6098
-5308
-4887
-5444
-6275
-6209
-5184
-4609
-4945
-4759
-4454
-4566
-3978
-2715
-2329
-2520
-2520
-2080
-1185
-471
-446
-370
76
423
787
1257
1641
1926
2046
2394
3093
3295
3150
3597
4366
4154
3625
3818
4264
4298
3921
3562
3397
3047
2720
2846
2326
667
56
1137
1188
-778
-2744
-2465
-776
-1107
-3200
-4627
-4331
-3499
-3522
-4414
-5440
-5267
-4780
-5106
-5304
-4724
-4231
-4253
-4606
-4238
-3099
-2639
-2375
-1534
-1243
-1594
-942
626
1610
1740
1378
1388
2509
3995
4538
3937
3805
4627
5104
4723
5002
6088
5983
4808
4710
5741
5905
5476
5162
4829
4517
3907
3615
3929
4273
3325
1503
1110
2106
2679
1370
-630
-627
-20
-792
-1771
-1868
-2127
-3211
-3928
-4397
-4341
-4146
-4825
-5702
-5785
-5386
-5208
-5240
-5353
-5243
-5040
-4881
-4512
-4056
-3872
-3435
-2987
-3077
-2805
-1898
-1414
-1316
-1246
-934
-228
645
723
586
1374
2134
2448
2592
2868
3405
3684
3716
4151
4471
4416
4342
4565
4700
4473
4174
4089
4156
3831
3353
2958
2868
2542
2062
1308
158
-404
-53
341
-947
-3227
-4163
-2746
-1773
-3204
-5356
-6185
-5335
-4583
-4651
-5625
-6663
-6595
-6087
-5837
-5660
-5519
-5126
-4926
-4607
-3787
-3141
-2443
-1179
-522
-1204
-1223
681
2672
3002
2288
1981
3025
4550
5428
5203
4666
4851
5584
6210
6232
6282
6453
5991
5511
5836
6184
5998
5830
5664
4873
4031
4223
4790
4682
3385
1916
1685
2005
2128
1573
328
-486
-808
-1229
-1888
-1924
-2152
-3247
-4423
-4746
-4062
-3641
-4446
-5412
-5294
-4907
-4569
-4506
-4388
-4174
-4338
-4543
-4158
-3030
-2569
-3141
-3394
-2982
-2325
-1579
-1294
-1240
-1109
-906
-348
187
713
1047
1010
848
1175
2033
2888
2949
2399
2309
3048
3850
3692
3189
3249
3484
3381
3204
3127
3079
2881
2445
1878
1803
1661
1113
537
336
-317
-1622
-1518
-589
-1217
-3757
-5037
-3333
-2024
-3593
-5848
-6358
-5535
-4825
-4947
-5979
-6755
-6368
-5646
-5610
-5356
-4492
-4047
-4222
-3698
-2259
-1543
-1270
-370
642
650
652
1987
3424
3917
3640
3262
3540
4862
6123
5796
4797
4904
5828
6186
5875
5902
5911
5306
5045
5430
5564
5264
5053
4627
4132
3978
3636
3199
3252
3025
1843
606
545
1481
1256
-263
-1281
-1590
-1744
-1726
-1593
-2372
-3639
-4036
-3795
-3580
-3608
-3957
-4347
-4598
-4667
-4364
-3837
-3484
-3838
-4431
-4262
-3131
-2189
-2527
-3016
-2445
-1789
-1542
-1245
-613
-79
-127
-136
440
1414
2033
2096
1956
2135
2766
3506
3795
3619
3530
3246
3407
4090
4415
3643
2905
3209
3579
3082
2253
2205
2242
1675
960
402
260
222
-210
-1297
-2595
-2898
-2302
-2195
-3370
-5095
-5713
-4712
-4147
-4962
-6568
-7444
-6908
-5897
-5710
-6665
-7345
-6792
-5708
-5315
-5461
-5164
-3922
-2955
-3021
-2927
-1927
-397
805
992
535
1020
2491
3918
4506
4165
3834
4438
5530
6295
6310
5912
5912
6241
6292
6312
6608
6651
6104
5606
5615
5581
5398
5275
5059
4301
3242
2792
3532
3484
2016
863
599
468
240
-260
-833
-1470
-2184
-2533
-2608
-2487
-2873
-3702
-4416
-4399
-3944
-4075
-4476
-4294
-4248
-4561
-4331
-3657
-3200
-3290
-3479
-3272
-2387
-1765
-1709
-1377
-911
-563
-282
268
1042
1493
1628
1475
2046
3175
3520
3341
3245
3488
4024
4242
4019
3837
3976
4154
3910
3584
3526
3540
3070
2449
2266
1880
1472
1199
889
369
-339
-744
-966
-1371
-1995
-2800
-3658
-4072
-3810
-3630
-4963
-6528
-6361
-5191
-4946
-6286
-7345
-6938
-5954
-5717
-6160
-6318
-5969
-5426
-5200
-4889
-3987
-3033
-2857
-2736
-1845
-717
-129
235
1246
1962
1709
1982
3489
4751
4582
3984
4250
5197
5767
5800
5529
5392
5400
5269
5196
5533
5717
4939
4130
4286
4619
4274
3534
3403
3334
2481
1806
1869
2080
1483
403
-143
-103
-132
-500
-1021
-1393
-1708
-2308
-2482
-2354
-2325
-2740
-3718
-3973
-3355
-2922
-3319
-3788
-3754
-3408
-2968
-2848
-2714
-2199
-1919
-1857
-1494
-658
-25
107
293
642
1214
1729
2060
2426
2695
2783
3041
3555
3958
3953
3719
3864
4288
4437
4095
3809
3963
3794
3365
3080
3039
2967
2392
1672
1361
1260
951
562
-123
-654
-1086
-1452
-1667
-2073
-2891
-3576
-3976
-4546
-4989
-4810
-4730
-5700
-6997
-7064
-5668
-4909
-5943
-7244
-7156
-5959
-5073
-5123
-5719
-5957
-5258
-4518
-3966
-3515
-2866
-2314
-2139
-1682
-656
532
1236
1593
1773
2074
2831
3976
4972
5050
4552
4433
5075
6234
6760
6140
5181
4998
5738
6231
5804
5115
4944
4900
4515
4179
4186
4090
3524
2715
1964
2005
2023
1515
989
498
-120
-809
-931
-546
-631
-1651
-2851
-3143
-2534
-2255
-2879
-3839
-4257
-3856
-3434
-3541
-3775
-3781
-3667
-3596
-3646
-3307
-2347
-1652
-1910
-2085
-1347
-140
550
482
571
1119
1599
1828
2304
2902
2997
2836
3023
3381
3694
3790
3740
3573
3362
3522
3711
3651
3325
2981
2579
2294
2352
2084
1426
850
738
551
-16
-564
-1034
-1421
-1955
-2354
-2748
-3411
-3767
-3873
-4382
-5438
-5885
-5465
-5171
-5741
-6740
-7022
-6140
-5114
-5239
-6214
-6467
-5530
-4666
-4426
-4481
-4586
-4323
-3563
-2761
-2276
-1840
-1153
-400
-274
287
1555
2603
2984
2988
3346
3948
4923
5774
5994
5825
5608
5808
6557
7000
6844
6216
5663
5896
6299
6004
5469
5103
4785
4247
3797
3766
3602
2992
1978
1255
1073
1069
804
138
-801
-1195
-1336
-1496
-1668
-2186
-2804
-3515
-3734
-3370
-3321
-3908
-4600
-4645
-4183
-4052
-4230
-4105
-3687
-3498
-3530
-3122
-2157
-1493
-1305
-1035
-778
-105
864
1445
1671
1680
1841
2330
3045
3448
3368
3350
3393
3527
3862
3993
3978
3821
3641
3557
3407
3345
3231
3011
2446
1705
1376
1433
1238
490
-322
-972
-1256
-1475
-1871
-2644
-3362
-3684
-3984
-4243
-4580
-4918
-5508
-5740
-5827
-6243
-6603
-6252
-5511
-5913
-6999
-6772
-5259
-4328
-4921
-5685
-5340
-4275
-3341
-3159
-3405
-3002
-2173
-1697
-1324
-575
476
1028
975
1612
2910
3829
4032
4301
4964
5257
5633
6163
6647
6890
6691
6408
6291
6670
6907
6298
5455
5408
5620
5151
4457
4243
4257
3568
2653
2413
2355
1988
1269
542
201
-147
-698
-1283
-1596
-1748
-2288
-2889
-3069
-2967
-3263
-3757
-3949
-3994
-4223
-4293
-4071
-3938
-3991
-3850
-3482
-2990
-2664
-2410
-2036
-1729
-1243
-583
47
299
447
815
1547
2220
2461
2491
2763
3374
3538
3638
3971
4116
4122
3944
3902
4178
4430
4179
3631
3310
3360
3235
2743
2065
1790
1415
763
381
30
-543
-1194
-1827
-2367
-2784
-3359
-3904
-4358
-4806
-5139
-5504
-5825
-5869
-6052
-6342
-6657
-6812
-6806
-6533
-6098
-6243
-6597
-6390
-5530
-4713
-4626
-4912
-4740
-3930
-3111
-2553
-2257
-2004
-1554
-789
-88
567
1447
1941
2364
3014
3793
4640
5167
5592
5887
6149
6513
6811
7238
7389
6975
6524
6523
6968
6996
6115
5238
5172
5322
4821
3947
3359
3210
2797
2060
1226
800
762
275
-650
-1495
-1867
-1945
-2262
-2849
-3421
-3827
-3970
-4035
-4051
-4107
-4551
-4894
-4748
-4316
-4129
-4239
-4241
-3920
-3316
-2972
-2752
-2261
-1668
-1277
-977
-346
254
885
1298
1537
1935
2452
2938
3297
3651
3788
3737
4003
4485
4902
4721
4342
4427
4630
4468
4234
4105
3872
3418
3145
2978
2551
1949
1152
542
216
-119
-857
-1719
-2120
-2369
-2992
-3772
-4124
-4385
-5022
-5639
-5705
-5667
-6080
-6465
-6608
-6467
-6473
-6744
-6902
-6371
-5682
-5673
-6175
-5935
-4606
-3663
-3871
-4437
-3836
-2510
-1622
-1573
-1512
-686
249
702
898
1667
2707
3185
3255
3684
4587
5246
5699
6016
6142
6183
6228
6556
6896
6833
6285
5606
5671
6100
5851
4936
4227
4120
3888
3347
2666
2158
1832
1309
630
14
-179
-456
-1128
-1894
-2348
-2604
-2813
-3068
-3400
-3691
-4010
-4024
-4094
-4041
-3988
-4120
-4194
-4159
-3636
-3172
-3190
-3085
-2518
-1904
-1836
-1562
-777
-186
-37
259
889
1414
1805
2053
2222
2495
2903
3185
3411
3472
3820
3949
3809
3962
4267
4185
3816
3644
3656
3596
3494
3313
2928
2553
2275
2014
1497
919
496
-74
-627
-1033
-1457
-2050
-2626
-3009
-3308
-3814
-4271
-4610
-4882
-5089
-5379
-5747
-5947
-6014
-6017
-6245
-6573
-6272
-5662
-5198
-5230
-5217
-4790
-4043
-3181
-2800
-2875
-2673
-1873
-1049
-502
-183
250
780
1303
1891
2645
3304
3727
4092
4406
4854
5438
5938
6062
6077
5974
5835
6151
6433
6359
5832
5267
5039
4903
4891
4653
3985
3260
2655
2385
2051
1601
1049
136
-635
-892
-1154
-1692
-2271
-2685
-3249
-3910
-4107
-3931
-3895
-4316
-4758
-4744
-4545
-4356
-4242
-4182
-4190
-4130
-3866
-3553
-3002
-2533
-2521
-2397
-1915
-1134
-542
-304
-124
381
944
1267
1552
1985
2443
2592
2702
2898
3218
3569
3752
3785
3883
3904
4078
4065
4001
3901
3670
3373
3146
3272
3217
2713
2091
1876
1852
1524
846
279
-200
-624
-988
-1553
-2163
-2451
-2724
-3079
-3581
-3992
-4087
-4264
-4533
-5054
-5300
-5168
-5122
-5244
-5599
-5737
-5435
-4887
-4443
-4273
-4109
-3789
-3075
-2388
-1946
-1692
-1448
-972
-314
401
822
1225
1644
2098
2697
3130
3575
4050
4520
4734
4920
5227
5555
5922
5908
5645
5442
5525
5677
5392
4872
4308
3978
3770
3505
3113
2515
1885
1418
1170
808
287
-334
-948
-1376
-1716
-2124
-2632
-2999
-3271
-3575
-3803
-3977
-3965
-3997
-4199
-4234
-4166
-3986
-3882
-3791
-3603
-3478
-3301
-3008
-2618
-2273
-1927
-1590
-1331
-983
-562
-66
314
509
855
1217
1532
1907
2337
2545
2514
2591
2926
3217
3285
3171
3255
3266
3156
3052
3010
3041
2806
2482
2152
2031
1977
1620
1129
717
363
77
-233
-483
-931
-1543
-2032
-2235
-2410
-2994
-3515
-3693
-3897
-4194
-4614
-4749
-4653
-4781
-5078
-5212
-5069
-4991
-4840
-4656
-4363
-4009
-3577
-3104
-2626
-2126
-1555
-1066
-554
97
667
1128
1599
2361
2906
3114
3483
4001
4492
4656
4809
5159
5469
5685
5714
5569
5656
5887
5837
5438
5213
5300
5261
4808
4254
4008
3740
3254
2696
2284
1930
1464
821
258
-228
-541
-974
-1517
-1957
-2347
-2689
-3120
-3225
-3419
-3743
-4107
-4262
-4293
-4270
-4176
-4206
-4220
-4053
-3866
-3827
-3557
-3168
-3022
-3183
-3047
-2563
-2200
-1917
-1788
-1601
-1231
-805
-250
14
167
477
921
1262
1563
1752
1931
2109
2248
2436
2467
2457
2609
2795
2679
2350
2357
2662
2621
2294
1958
1839
1778
1600
1405
1048
783
501
268
84
-194
-427
-768
-1068
-1373
-1659
-1828
-2025
-2237
-2413
-2619
-2949
-3032
-2895
-2868
-3087
-3251
-3182
-2882
-2620
-2595
-2661
-2355
-1981
-1684
-1256
-958
-422
64
358
720
1304
1714
1963
2089
2365
2863
3030
3183
3380
3678
3842
3917
4033
4161
4125
3993
3950
4001
4032
3731
3412
3222
3049
2717
2431
2175
1790
1446
1149
840
497
95
-429
-905
-1243
-1556
-1924
-2329
-2600
-2963
-3365
-3538
-3671
-3725
-4172
-4374
-4337
-4395
-4332
-4267
-4268
-4335
-4197
-4041
-3962
-3815
-3645
-3471
-3318
-3031
-2621
-2338
-1990
-1457
-1175
-945
-537
10
492
666
841
1180
1752
2192
2384
2626
2907
3116
3258
3430
3656
3687
3615
3452
3397
3509
3630
3381
3021
2960
3029
2865
2475
2340
2204
1699
1222
991
849
475
-64
-433
-643
-804
-1046
-1367
-1607
-1806
-1907
-2123
-2331
-2394
-2367
-2534
-2595
-2455
-2392
-2169
-2072
-1873
-1624
-1363
-1048
-750
-308
36
254
601
1017
1526
1796
1975
2159
2461
2790
2934
3100
3167
3289
3333
3377
3396
3391
3394
3089
2806
2663
2601
2328
1872
1478
1149
813
438
145
-262
-725
-1163
-1541
-1890
-2264
-2657
-3005
-3362
-3762
-4075
-4201
-4334
-4534
-4857
-5034
-4961
-4896
-5001
-5119
-5222
-5189
-4982
-4797
-4614
-4555
-4269
-3908
-3590
-3319
-2934
-2596
-2351
-2108
-1711
-1140
-695
-342
134
612
1059
1402
1817
2356
2610
2893
3195
3452
3807
4155
4264
4319
4422
4698
4857
4748
4729
4756
4765
4539
4329
4334
4254
3973
3624
3448
3339
3213
2869
2445
2202
2026
1647
1281
1005
804
606
215
-104
-337
-447
-829
-1117
-1320
-1460
-1697
-1897
-1828
-1817
-1894
-2009
-1878
-1644
-1553
-1530
-1362
-1257
-986
-790
-703
-476
-233
-28
86
280
505
719
886
886
910
1012
1132
1250
1288
1116
1100
1134
1158
1163
1027
841
810
678
439
397
148
-111
-391
-549
-719
-965
-1221
-1401
-1661
-1998
-2231
-2378
-2558
-2862
-3110
-3270
-3475
-3598
-3596
-3711
-3956
-4108
-4064
-4074
-4121
-4192
-4145
-4037
-3866
-3676
-3610
-3383
-3107
-2748
-2513
-2236
-1823
-1520
-1212
-860
-370
30
393
816
1375
1772
2061
2625
3066
3203
3392
3589
3884
4167
4324
4410
4403
4535
4698
4714
4574
4429
4386
4285
3962
3934
3811
3503
3168
2962
2719
2390
2140
1820
1506
1084
723
439
130
-217
-661
-1072
-1269
-1279
-1432
-1715
-1910
-1932
-1928
-2095
-2186
-2138
-2049
-1905
-1931
-1876
-1566
-1190
-937
-837
-686
-309
101
386
646
956
1164
1416
1746
1848
1880
2134
2304
2337
2336
2385
2478
2425
2255
2108
1970
1798
1646
1507
1198
810
506
308
138
-204
-746
-1188
-1511
-1759
-2147
-2613
-2974
-3267
-3573
-3903
-4022
-4183
-4414
-4711
-4897
-4979
-5023
-5044
-4983
-4991
-4999
-4884
-4677
-4385
-4310
-4232
-3996
-3693
-3235
-2952
-2669
-2300
-1863
-1394
-1011
-546
-98
349
726
1102
1504
1986
2322
2653
3023
3297
3579
3806
4153
4228
4337
4488
4460
4518
4453
4411
4284
4086
3912
3755
3496
3322
3226
2875
2592
2397
2329
2114
1722
1552
1392
1199
870
546
396
170
-95
-347
-513
-729
-848
-944
-1108
-1062
-1140
-1148
-1130
-1010
-842
-880
-843
-620
-538
-471
-402
-254
-87
-2
162
244
240
448
673
810
847
884
1007
1141
1257
1258
1208
1120
1201
1219
1135
1066
944
798
722
613
453
234
84
-94
-379
-613
-660
-803
-1039
-1388
-1574
-1764
-2013
-2230
-2411
-2423
-2611
-2816
-2920
-2878
-2800
-2979
-3182
-3204
-3152
-3134
-3166
-3268
-3185
-3166
-3173
-3070
-2940
-2702
-2708
-2589
-2386
-2087
-1710
-1575
-1411
-1188
-840
-617
-439
-143
82
255
330
600
943
1117
1248
1552
1819
2027
2230
2403
2645
2818
2892
2833
2977
3136
3146
2966
2838
2902
3043
2977
2854
2778
2617
2562
2537
2465
2238
2091
1996
1962
1773
1625
1390
1247
1092
836
616
378
457
320
-32
-275
-294
-285
-409
-672
-767
-742
-716
-639
-626
-541
-479
-530
-428
-370
-179
-34
28
117
326
529
801
954
1069
1162
1057
1130
1201
1367
1372
1218
1220
1279
1265
1087
909
747
546
314
33
-259
-496
-762
-1077
-1376
-1735
-1937
-2155
-2413
-2718
-3043
-3236
-3359
-3449
-3737
-4114
-4291
-4205
-4340
-4484
-4551
-4551
-4514
-4466
-4403
-4238
-4195
-4060
-3879
-3824
-3538
-3285
-2996
-2704
-2409
-2127
-1671
-1280
-892
-548
-271
95
461
876
1230
1502
1741
2060
2484
2858
3091
3312
3638
3894
4062
4197
4332
4476
4524
4534
4557
4511
4481
4380
4274
4083
3925
3714
3561
3476
3179
3022
2810
2671
2536
2297
2136
1931
1716
1598
1396
1213
955
676
390
351
154
-56
-118
-227
-301
-457
-462
-463
-478
-603
-616
-587
-546
-495
-479
-387
-416
-422
-378
-286
-241
-311
-255
-190
-81
-15
-83
-63
-30
-118
-169
-203
-273
-364
-566
-694
-672
-785
-1105
-1358
-1389
-1516
-1797
-2034
-2228
-2255
-2367
-2652
-2878
-2988
-2913
-3049
-3299
-3339
-3341
-3404
-3560
-3554
-3611
-3720
-3800
-3785
-3579
-3588
-3542
-3393
-3221
-2900
-2771
-2723
-2445
-2152
-2016
-1924
-1777
-1391
-1200
-1036
-853
-563
-177
24
312
655
877
1072
1362
1656
1946
2098
2150
2416
2760
2900
3043
3137
3412
3623
3688
3729
3878
4082
4022
4031
4059
4218
4291
4266
4243
4197
4200
4008
3842
3738
3545
3312
3052
2807
2686
2490
2251
2037
1962
1854
1673
1397
1235
1165
965
709
448
325
223
61
-199
-392
-569
-742
-825
-963
-1012
-1107
-1197
-1127
-1138
-1117
-1111
-1119
-1093
-1163
-1214
-1241
-1085
-1010
-1113
-1116
-1020
-917
-841
-914
-959
-1014
-1126
-1183
-1297
-1369
-1370
-1462
-1642
-1666
-1724
-1812
-1879
-2088
-2180
-2286
-2421
-2552
-2650
-2848
-3019
-3105
-3197
-3243
-3284
-3397
-3444
-3406
-3406
-3376
-3449
-3409
-3339
-3331
-3346
-3217
-3131
-3024
-2891
-2741
-2485
-2286
-2145
-1934
-1710
-1428
-1126
-889
-654
-347
11
294
674
968
1232
1575
1917
2312
2560
2826
3225
3525
3832
4016
4244
4554
4751
4963
5121
5230
5312
5342
5394
5397
5340
5225
5194
5008
4855
4635
4426
4186
3910
3690
3481
3260
2831
2599
2401
2102
1805
1519
1229
967
653
284
-7
-184
-509
-779
-1063
-1198
-1266
-1516
-1660
-1796
-1860
-1941
-2042
-2164
-2196
-2156
-2160
-2106
-2066
-2068
-1931
-1918
-1828
-1695
-1668
-1553
-1495
-1477
-1332
-1279
-1208
-1087
-1056
-1015
-1015
-870
-802
-742
-772
-801
-768
-820
-856
-1034
-1102
-1209
-1264
-1478
-1632
-1682
-1828
-1906
-2052
-2178
-2212
-2300
-2383
-2427
-2464
-2562
-2652
-2671
-2680
-2699
-2774
-2721
-2665
-2464
-2372
-2299
-2047
-1803
-1636
-1485
-1325
-1026
-754
-580
-389
-92
122
364
508
727
1061
1269
1530
1800
2064
2281
2427
2580
2850
2939
3047
3191
3406
3534
3508
3602
3751
3786
3769
3726
3676
3703
3709
3599
3526
3479
3259
3030
2837
2742
2605
2363
2119
2034
1819
1575
1394
1167
1029
821
675
428
214
122
-112
-312
-450
-625
-817
-940
-1042
-1178
-1216
-1329
-1411
-1547
-1602
-1588
-1553
-1529
-1579
-1498
-1448
-1364
-1353
-1290
-1266
-1230
-1110
-1163
-1151
-1041
-965
-859
-822
-773
-648
-582
-528
-538
-577
-587
-612
-649
-772
-935
-999
-1075
-1188
-1279
-1324
-1414
-1533
-1549
-1694
-1737
-1753
-1873
-1897
-2026
-2038
-2132
-2072
-2033
-2075
-2064
-2043
-1913
-1900
-1872
-1815
-1760
-1608
-1621
-1539
-1434
-1317
-1149
-1017
-860
-546
-289
-134
-27
154
471
668
769
931
1086
1387
1626
1807
2057
2296
2424
2665
2866
3029
3127
3107
3211
3250
3368
3315
3350
3335
3349
3317
3216
3207
3101
3115
2972
2808
2627
2516
2335
2088
1879
1577
1378
1185
1061
818
574
340
142
53
-147
-322
-528
-589
-663
-813
-956
-1079
-1178
-1349
-1469
-1519
-1613
-1692
-1704
-1755
-1794
-1731
-1663
-1569
-1548
-1479
-1425
-1375
-1351
-1250
-1184
-1177
-1112
-1065
-893
-783
-732
-647
-546
-474
-365
-311
-259
-269
-347
-410
-467
-536
-584
-698
-851
-843
-893
-953
-996
-1062
-1057
-1188
-1322
-1299
-1348
-1446
-1476
-1578
-1662
-1675
-1758
-1745
-1640
-1642
-1582
-1530
-1509
-1269
-1092
-1095
-877
-616
-498
-408
-335
-215
-134
-51
68
153
299
409
589
764
986
1092
1190
1311
1472
1688
1881
1939
2097
2313
2373
2450
2519
2574
2524
2541
2493
2440
2437
2452
2361
2282
2232
2185
2156
2045
1966
1916
1783
1675
1645
1528
1381
1241
1155
999
948
789
744
767
661
591
451
385
352
218
27
-45
-66
-163
-316
-436
-533
-597
-684
-769
-818
-834
-934
-1011
-1082
-1143
-1145
-1144
-1262
-1287
-1261
-1304
-1292
-1293
-1315
-1306
-1337
-1334
-1313
-1305
-1302
-1227
-1278
-1331
-1343
-1357
-1343
-1463
-1476
-1448
-1573
-1575
-1658
-1725
-1708
-1811
-1822
-1846
-1859
-1896
-1879
-1939
-1930
-1801
-1738
-1645
-1503
-1355
-1324
-1286
-1073
-885
-739
-711
-609
-417
-275
-106
70
220
392
565
675
846
1013
1135
1190
1238
1364
1470
1501
1537
1542
1641
1713
1687
1871
1934
1911
1991
2059
2036
2052
2078
2053
2072
2051
2034
2031
2062
2036
2006
1970
1861
1808
1781
1768
1711
1602
1506
1407
1477
1354
1191
1111
1021
939
845
688
631
532
335
190
15
-73
-194
-345
-389
-403
-479
-519
-629
-628
-732
-889
-1022
-1188
-1188
-1226
-1331
-1403
-1447
-1455
-1438
-1541
-1506
-1559
-1557
-1544
-1502
-1424
-1414
-1317
-1308
-1171
-1135
-1088
-1002
-951
-901
-848
-838
-844
-799
-789
-714
-754
-711
-584
-624
-630
-606
-625
-622
-644
-712
-784
-804
-786
-784
-817
-851
-870
-762
-680
-695
-690
-639
-539
-509
-485
-440
-343
-217
-178
-93
9
72
193
284
277
277
314
331
342
316
293
336
330
399
478
482
552
622
756
778
796
802
857
849
794
774
779
825
878
925
989
1112
1156
1196
1189
1210
1294
1253
1269
1308
1345
1362
1376
1366
1372
1321
1244
1230
1116
1010
893
834
836
744
679
612
606
550
471
420
256
249
152
20
3
-50
-109
-150
-219
-273
-320
-388
-422
-502
-501
-539
-579
-661
-699
-680
-685
-746
-781
-801
-779
-769
-776
-807
-814
-755
-823
-802
-775
-767
-746
-823
-806
-812
-743
-768
-778
-750
-804
-822
-855
-782
-821
-763
-830
-833
-822
-811
-773
-780
-790
-786
-762
-795
-747
-738
-697
-747
-687
-624
-548
-462
-430
-363
-247
-204
-95
25
121
266
355
498
578
664
778
878
938
1019
1037
1129
1212
1197
1205
1202
1267
1232
1245
1166
1132
1160
1048
1019
995
1002
932
873
836
821
831
736
606
563
496
441
331
226
226
149
82
19
-16
0
-111
-230
-256
-330
-320
-381
-369
-363
-402
-394
-437
-426
-448
-460
-548
-548
-527
-565
-634
-693
-633
-565
-638
-659
-609
-597
-518
-548
-518
-477
-521
-507
-423
-404
-378
-324
-315
-230
-221
-228
-204
-166
-167
-130
-120
-99
26
48
85
120
98
134
134
71
97
93
82
49
7
1
-15
0
-15
8
47
108
109
150
94
169
159
170
257
287
391
434
455
436
497
470
449
454
454
525
562
543
642
614
644
733
709
740
647
573
505
446
443
355
260
214
195
157
63
67
-24
-51
-78
-141
-203
-287
-344
-398
-477
-539
-525
-544
-554
-594
-602
-626
-596
-655
-670
-618
-653
-589
-601
-564
-573
-562
-546
-523
-483
-480
-442
-474
-477
-472
-466
-484
-480
-446
-403
-368
-305
-377
-337
-317
-357
-323
-350
-242
-217
-167
-113
-9
63
156
269
343
393
431
476
444
484
537
509
556
538
516
521
533
568
479
493
466
459
449
379
367
317
193
162
103
61
-2
-22
-28
-71
5
-71
-75
-105
-128
-68
-70
27
48
20
42
56
122
209
157
192
267
267
278
285
250
237
283
224
306
361
463
475
516
621
622
634
594
591
607
636
630
605
555
564
581
536
461
478
397
379
267
197
180
59
-26
-104
-162
-277
-296
-403
-433
-414
-479
-527
-579
-601
-639
-692
-732
-736
-737
-789
-825
-846
-887
-861
-814
-871
-829
-783
-751
-779
-703
-648
-646
-587
-584
-477
-513
-383
-351
-346
-340
-308
-245
-220
-154
-177
-131
-121
-81
-32
-22
-31
10
28
58
113
101
137
62
115
169
151
153
136
192
87
45
22
-53
-35
-27
-100
-133
-64
-48
-34
-2
-28
-38
27
94
69
112
170
188
226
257
331
367
382
427
420
429
472
451
439
472
482
516
614
614
665
708
680
778
766
717
713
747
747
750
731
706
675
688
714
614
657
597
515
447
353
304
255
169
9
-15
-58
-115
-197
-234
-293
-323
-304
-472
-504
-586
-683
-761
-839
-888
-958
-965
-963
-980
-997
-1001
-964
-893
-835
-759
-703
-589
-525
-437
-364
-307
-299
-269
-191
-143
-119
-105
-75
-57
-89
-104
-48
12
1
3
64
62
53
119
28
57
30
66
127
46
141
99
107
113
121
120
112
110
127
123
126
112
129
145
93
121
101
115
66
107
70
38
80
92
118
132
153
146
166
186
197
197
248
278
279
328
417
383
373
446
449
439
405
452
525
514
505
537
557
586
653
657
658
680
667
665
627
602
598
536
523
540
495
446
419
362
279
202
103
-34
-105
-198
-351
-427
-496
-591
-691
-778
-795
-832
-870
-949
-1014
-1033
-1127
-1192
-1248
-1258
-1320
-1402
-1444
-1467
-1487
-1544
-1512
-1505
-1508
-1457
-1437
-1329
-1204
-1122
-1090
-1015
-905
-794
-763
-707
-580
-507
-368
-338
-230
-118
-14
68
203
379
486
631
751
888
968
1050
1126
1190
1215
1233
1296
1344
1440
1454
1456
1485
1514
1512
1483
1418
1408
1376
1316
1301
1251
1233
1240
1162
1105
1125
1111
1070
1026
985
951
890
856
772
712
647
570
453
397
390
297
223
159
73
-27
-64
-113
-154
-162
-194
-202
-169
-239
-283
-344
-349
-375
-475
-460
-472
-475
-455
-489
-515
-493
-540
-591
-656
-747
-807
-856
-890
-955
-1013
-996
-1009
-1086
-1133
-1236
-1266
-1326
-1360
-1408
-1450
-1478
-1538
-1532
-1623
-1566
-1564
-1533
-1445
-1459
-1330
-1285
-1258
-1174
-1168
-1068
-1009
-906
-845
-787
-770
-698
-647
-537
-436
-366
-280
-209
-75
26
159
310
392
506
630
796
907
979
1073
1109
1144
1183
1239
1289
1342
1364
1377
1366
1401
1368
1421
1386
1376
1368
1308
