SAMPLES:	11735
BITSPERSAMPLE:	16
CHANNELS:	1
SAMPLERATE:	16000
NORMALIZED:	FALSE
470
459
438
419
400
380
401
390
397
399
410
414
405
408
381
362
335
306
275
247
242
205
155
133
81
38
28
4
-17
-64
-119
-173
-186
-210
-234
-294
-292
-307
-378
-364
-374
-429
-439
-437
-483
-472
-485
-498
-471
-477
-427
-413
-382
-375
-362
-356
-352
-365
-366
-365
-322
-315
-315
-288
-272
-252
-253
-204
-223
-181
-188
-199
-184
-142
-142
-141
-110
-117
-83
-93
-76
-40
-46
-41
-9
-53
-40
-46
-47
-59
-54
-78
-92
-103
-105
-104
-86
-46
-81
-59
-64
-68
-85
-98
-103
-99
-91
-56
-10
14
30
66
62
70
101
89
81
82
100
100
118
111
151
167
145
150
213
205
195
209
203
168
165
165
164
192
186
220
226
249
257
298
321
319
331
323
335
313
340
316
322
271
288
312
297
326
312
335
326
321
319
295
266
254
229
213
185
162
136
101
96
34
30
16
-10
-33
-48
-56
-20
-70
-88
-103
-152
-152
-214
-195
-237
-244
-235
-248
-248
-231
-214
-249
-238
-261
-295
-294
-312
-297
-298
-250
-228
-212
-142
-149
-128
-105
-109
-118
-124
-90
-61
-50
-29
-64
-82
-26
-45
-36
1
-15
-16
-4
25
6
6
5
-22
-1
16
39
58
35
34
40
28
33
41
48
52
47
25
35
18
42
48
44
38
22
53
9
33
57
-5
10
-21
7
-21
-38
-27
-55
-57
-77
-56
-90
-117
-124
-146
-138
-183
-207
-208
-239
-262
-258
-261
-269
-238
-251
-244
-210
-206
-225
-211
-207
-220
-206
-202
-193
-169
-153
-143
-152
-170
-130
-123
-127
-126
-115
-87
-108
-60
-68
-67
-20
-14
-20
11
25
38
67
57
107
125
155
202
203
220
275
265
287
340
341
364
384
409
413
444
421
431
448
440
436
375
377
360
319
321
302
261
285
282
222
225
223
188
205
140
110
90
56
25
0
-9
-53
-47
-70
-59
-66
-82
-106
-129
-121
-168
-100
-132
-129
-139
-155
-116
-154
-128
-190
-175
-177
-192
-114
-126
-155
-78
-96
-68
-46
-40
-44
-3
-7
-48
-29
-25
-3
9
2
-9
28
31
44
77
79
88
92
113
170
139
169
189
171
207
183
191
173
159
170
174
179
158
155
147
113
62
49
43
-28
-21
-45
-102
-58
-114
-98
-156
-150
-174
-215
-199
-252
-251
-294
-308
-340
-345
-338
-381
-370
-405
-424
-407
-421
-427
-452
-438
-472
-461
-452
-483
-504
-492
-483
-479
-454
-459
-441
-425
-404
-402
-374
-334
-317
-276
-248
-207
-198
-184
-155
-101
-67
8
57
98
185
240
322
343
397
415
464
502
505
534
542
583
597
618
640
663
678
677
704
702
689
671
657
658
651
631
623
570
520
513
494
446
434
388
309
306
241
212
171
159
122
99
61
56
46
-10
11
-23
-97
-112
-163
-192
-213
-209
-212
-228
-181
-197
-195
-217
-218
-234
-272
-255
-238
-252
-266
-241
-251
-231
-240
-249
-242
-248
-215
-188
-208
-189
-170
-183
-197
-222
-221
-248
-231
-227
-225
-168
-135
-127
-77
-60
-89
-104
-121
-131
-114
-139
-135
-119
-120
-62
-101
-76
-49
-48
-42
-68
-39
-61
-44
-65
-67
-52
-53
-32
-13
-8
15
11
68
80
69
68
29
-2
6
-44
-60
-57
-58
-69
-76
-67
-101
-72
-68
-80
-100
-79
-91
-69
-58
-49
-79
-56
-60
-62
6
22
21
26
-9
9
29
-8
-27
6
17
16
70
70
117
158
203
226
236
286
294
271
263
233
204
205
181
178
225
205
236
243
257
242
220
243
170
177
137
112
93
70
39
-3
-3
-61
-63
-31
-55
-43
-12
-23
-77
-57
-127
-135
-168
-223
-235
-283
-283
-358
-358
-329
-360
-315
-289
-310
-268
-277
-309
-317
-314
-371
-382
-369
-358
-311
-324
-255
-222
-228
-165
-115
-130
-85
-25
-10
38
27
50
95
93
96
149
153
197
201
221
272
273
278
270
297
318
357
371
440
446
448
470
473
479
459
483
459
447
429
390
368
334
326
315
310
335
313
331
285
281
253
238
169
132
93
36
15
-28
-39
-66
-50
-60
-42
-47
-54
-84
-120
-153
-206
-241
-251
-305
-308
-317
-408
-390
-387
-393
-379
-364
-339
-365
-296
-309
-298
-274
-305
-287
-327
-272
-297
-223
-245
-191
-96
-135
-53
-22
-55
-7
-12
-26
12
4
-15
22
30
59
82
84
131
147
147
181
178
155
176
179
170
188
205
268
268
283
279
265
267
267
264
255
251
244
197
173
151
126
101
28
2
-29
-26
-52
-20
-60
-102
-130
-196
-184
-235
-252
-274
-304
-324
-361
-363
-340
-383
-354
-371
-367
-401
-414
-380
-424
-392
-421
-447
-436
-432
-452
-430
-401
-384
-348
-280
-214
-185
-114
-100
-56
-46
-9
28
-7
75
41
44
76
74
86
139
187
208
293
285
343
384
364
392
440
431
426
452
441
447
451
423
450
461
460
455
455
439
453
440
417
402
387
358
367
343
293
290
269
228
184
190
149
120
69
53
38
-17
-20
-38
-38
-50
-66
-84
-125
-128
-158
-197
-182
-208
-252
-270
-323
-332
-355
-389
-373
-378
-328
-329
-324
-339
-339
-327
-324
-338
-334
-317
-315
-313
-277
-218
-185
-150
-98
-97
-76
-42
-12
-7
-10
34
10
65
120
130
178
233
193
258
257
248
246
217
200
171
182
136
131
149
106
105
92
86
90
86
109
63
47
36
-16
0
-35
-56
-71
-65
-97
-143
-111
-155
-157
-159
-170
-154
-139
-131
-125
-187
-190
-217
-246
-279
-289
-300
-287
-238
-274
-207
-192
-165
-135
-139
-137
-134
-111
-127
-120
-109
-127
-100
-62
-62
-39
9
-10
-22
20
15
50
67
27
99
70
116
101
87
113
104
100
69
108
109
112
140
180
182
224
212
203
191
195
167
139
158
127
163
182
185
239
264
269
261
243
216
168
143
163
109
65
99
105
89
124
142
99
107
86
66
89
62
72
46
0
-35
-39
-42
-63
-41
-27
5
16
20
29
-3
-27
-18
-10
-14
10
24
19
-5
39
37
45
61
67
80
110
137
169
189
182
204
181
185
207
207
238
234
214
187
207
204
200
205
156
165
176
188
176
162
161
128
113
84
27
42
23
15
9
-10
18
-7
-29
-48
-82
-132
-160
-209
-246
-233
-298
-299
-330
-367
-429
-448
-478
-527
-512
-537
-525
-494
-477
-490
-514
-550
-605
-614
-622
-662
-656
-629
-634
-590
-564
-536
-450
-426
-404
-375
-380
-394
-378
-392
-410
-408
-409
-382
-313
-259
-205
-183
-127
-110
-107
-73
-94
-80
-47
-67
12
36
45
159
170
181
204
263
289
311
348
352
376
383
421
473
493
508
545
549
573
620
622
644
610
592
595
586
598
608
596
596
589
570
498
488
445
377
362
279
304
288
257
274
254
220
220
251
245
279
287
270
254
236
209
164
181
117
142
147
152
137
111
131
134
115
109
75
54
10
-50
-40
-89
-103
-104
-122
-107
-131
-134
-108
-155
-149
-180
-181
-153
-184
-191
-161
-186
-192
-162
-173
-181
-136
-139
-138
-111
-121
-102
-130
-151
-181
-151
-183
-156
-124
-118
-68
-102
-117
-139
-176
-213
-264
-272
-232
-246
-281
-300
-346
-358
-386
-390
-386
-430
-426
-458
-466
-502
-530
-553
-568
-577
-559
-552
-536
-534
-534
-505
-521
-513
-474
-482
-453
-396
-388
-335
-293
-261
-231
-201
-112
-135
-94
-49
8
20
61
103
129
233
273
281
293
378
365
409
436
425
499
512
540
574
575
595
593
544
550
586
576
593
622
608
607
625
610
588
559
537
496
532
525
501
527
517
487
421
414
393
339
308
277
249
209
206
175
134
120
104
113
90
130
103
70
64
24
-2
0
-59
-66
-134
-186
-184
-232
-262
-266
-274
-296
-299
-315
-348
-426
-433
-467
-488
-472
-481
-446
-436
-448
-469
-468
-451
-437
-409
-398
-385
-311
-312
-307
-281
-281
-236
-197
-214
-157
-89
-98
-61
-34
-49
-13
-44
-28
6
-39
-1
-23
13
20
5
73
53
85
108
95
113
144
82
115
88
63
76
77
86
91
110
129
136
71
87
25
31
-11
-40
-48
-82
-45
-53
-43
-29
-27
-2
30
32
31
21
4
-1
-38
-63
-72
-74
-88
-103
-89
-90
-81
-64
-90
-48
-43
-47
-38
-54
-58
-58
-104
-100
-146
-150
-152
-149
-109
-98
-59
-15
-13
11
27
35
38
16
42
42
80
93
139
117
125
139
147
185
168
215
184
155
196
182
165
201
167
192
197
186
127
105
82
-1
15
-3
-23
5
-8
16
31
-30
-26
6
-4
-13
-53
-46
-44
-57
-42
-54
-25
-13
-31
-18
-15
-4
-13
-4
-4
-10
32
54
85
127
161
137
201
189
178
203
176
160
149
123
116
139
135
186
215
243
235
221
256
232
210
224
214
199
227
232
266
286
253
279
280
288
342
341
372
376
372
361
381
351
289
293
265
231
192
179
126
97
78
65
39
-10
-24
-79
-96
-108
-202
-240
-285
-328
-409
-444
-439
-459
-460
-487
-518
-540
-560
-655
-687
-770
-890
-910
-981
-1019
-1020
-1011
-1002
-937
-888
-787
-664
-602
-493
-412
-377
-306
-298
-356
-328
-311
-348
-316
-275
-260
-214
-162
-105
-21
-21
1
24
84
112
117
104
131
173
192
260
330
390
455
536
686
836
875
971
1034
1048
1055
1087
1073
1027
971
985
1031
1013
1056
1097
1050
1070
1033
979
743
236
-350
-917
-1421
-2053
-2736
-3208
-3513
-3606
-3333
-2755
-2118
-1376
-640
119
835
1391
1646
1506
1173
840
545
366
392
511
715
981
1549
2095
2420
2491
2278
1862
1185
427
-493
-1490
-2414
-3101
-3482
-3571
-3249
-2618
-1913
-1150
-225
684
1382
1778
2033
2020
1773
1589
1507
1447
1422
1559
1765
2172
2615
2937
3151
3103
2903
2530
2008
1257
421
-390
-1249
-1862
-2247
-2483
-2525
-2378
-2090
-1889
-1536
-1144
-886
-715
-490
-199
-40
92
338
476
512
608
737
698
514
479
516
469
442
475
462
370
296
211
142
67
9
-27
-110
-116
-142
-239
-332
-477
-607
-761
-1099
-1790
-2758
-3553
-4147
-4983
-5855
-6256
-6261
-5936
-5057
-3651
-2091
-610
759
2104
3187
3989
4276
4011
3381
2818
2521
2212
2237
2587
2963
3333
3908
4565
4807
4519
3891
2857
1471
-73
-1637
-3242
-4660
-5611
-6086
-6002
-5315
-4162
-2965
-1638
-201
1083
2087
2586
2797
2654
2373
2025
1782
1652
1509
1655
1997
2617
3212
3693
4104
4058
3727
3224
2461
1348
-42
-1303
-2473
-3372
-3838
-3853
-3620
-3300
-2566
-1748
-939
-240
172
226
1
-208
-484
-872
-1054
-1191
-1194
-1024
-465
295
963
1685
2301
2825
3049
3113
2958
2519
1796
1180
565
15
-368
-638
-717
-618
-415
-228
-25
54
8
-219
-448
-688
-781
-746
-710
-510
-159
260
724
1104
1310
1288
751
-302
-1555
-2486
-3455
-4765
-5914
-6372
-6237
-5789
-4696
-3031
-1437
-43
1465
2664
3329
3555
3066
1865
644
-106
-773
-1320
-1153
-435
336
1219
2439
3566
3935
3878
3473
2459
1098
-400
-2136
-4023
-5380
-6178
-6549
-6344
-5485
-4270
-3002
-1641
-123
1153
1906
2193
2257
2103
1699
1502
1422
1418
1588
2053
2877
3792
4598
5255
5566
5522
5110
4590
3684
2375
1097
-133
-1202
-1949
-2324
-2346
-2155
-1710
-926
-215
396
1027
1303
1227
1027
738
334
-172
-463
-465
-435
-128
539
1255
1987
2569
3128
3384
3313
3032
2476
1632
700
-288
-1040
-1745
-2306
-2465
-2507
-2306
-1973
-1592
-1321
-1120
-964
-850
-797
-802
-626
-625
-612
-316
-59
29
3
-73
-767
-1897
-2879
-3701
-4795
-6162
-7159
-7348
-7197
-6645
-5252
-3610
-2115
-577
1108
2481
3486
3994
3859
3187
2577
2284
1956
1698
1942
2437
2893
3652
4667
5354
5310
4941
4266
3079
1596
-28
-1952
-3830
-5355
-6344
-6889
-7017
-6313
-5501
-4629
-3425
-1987
-781
-89
493
952
1076
1192
1351
1682
1993
2410
3146
3895
4832
5568
6108
6165
6020
5771
5029
4061
2838
1647
444
-825
-1639
-2125
-2590
-2867
-2762
-2467
-2120
-1873
-1617
-1480
-1593
-1658
-1687
-1735
-1699
-1496
-1198
-665
113
979
1776
2580
3385
3980
4281
4441
4346
3929
3301
2523
1841
1047
294
-336
-909
-1137
-1197
-1201
-1175
-1129
-1009
-794
-526
-331
-195
-44
-32
-62
-108
-171
-291
-589
-1171
-2273
-3222
-3706
-4268
-5416
-6260
-6258
-5986
-5404
-4350
-2736
-1460
-274
1098
2314
3192
3650
3565
2782
2281
2109
1804
1537
1713
2223
2366
2655
3428
3695
3227
2567
1736
414
-1083
-2461
-4047
-5729
-6901
-7500
-7997
-7861
-7123
-6333
-5469
-4368
-3031
-1912
-1048
-289
264
670
1153
1637
2221
2843
3491
4280
5172
6101
6898
7379
7515
7317
6912
6200
5203
3966
2669
1430
262
-558
-1145
-1539
-1901
-2182
-2146
-1959
-1926
-1857
-1857
-1959
-1969
-1764
-1369
-1075
-616
-109
538
1156
1833
2515
2862
3078
3430
3568
3603
3632
3505
3318
2840
2428
1984
1362
597
-224
-1025
-1931
-2412
-2875
-3335
-3516
-3303
-2804
-2321
-1698
-838
-305
-13
304
528
331
-181
-707
-1908
-3468
-4313
-4710
-5733
-6583
-6477
-5826
-5188
-4180
-2349
-903
-71
975
2035
2461
2523
2487
1735
808
655
703
648
975
1979
2654
2964
3892
4578
4339
3551
2660
1347
-390
-1943
-3367
-4990
-6275
-6868
-7083
-6959
-6252
-5273
-4440
-3513
-2373
-1279
-550
-21
534
1049
1425
1944
2872
3747
4647
5633
6582
7552
8157
8475
8471
7863
7004
5976
4662
3186
1834
573
-649
-1630
-2188
-2467
-2637
-2587
-2413
-2310
-2277
-2144
-2132
-2441
-2705
-2815
-2942
-2959
-2543
-1842
-1321
-602
377
1405
2203
3043
3854
4287
4492
4445
4283
3808
2950
2138
1163
160
-707
-1552
-2094
-2482
-2697
-2883
-3014
-2756
-2595
-2379
-2140
-1802
-1348
-1166
-876
-678
-466
-426
-440
-662
-1413
-2384
-3041
-3332
-4228
-5125
-5360
-5159
-4795
-3980
-2610
-1256
-236
952
2201
2929
3393
3501
3031
2269
1916
1784
1386
1355
1866
2111
2241
2819
3341
3083
2487
1674
481
-1078
-2532
-3903
-5478
-6823
-7499
-7931
-8116
-7566
-6651
-5875
-4873
-3581
-2334
-1374
-642
154
826
1399
1947
2776
3682
4418
5299
6240
7128
7783
8206
8307
8050
7403
6652
5619
4237
2841
1471
136
-926
-1838
-2482
-2721
-2912
-2855
-2583
-2231
-1825
-1458
-1094
-617
-328
-196
19
363
497
614
860
1223
1697
2171
2875
3678
4344
4721
4907
5016
4672
3920
3008
1924
761
-604
-1712
-2341
-2880
-3322
-3230
-2867
-2469
-1858
-1096
-299
181
473
756
760
380
23
-326
-928
-1417
-1932
-2870
-3863
-4162
-4237
-4956
-5624
-5360
-4826
-4690
-4070
-2711
-1851
-1335
-514
485
886
1109
1491
1117
783
1025
1255
1199
1390
2007
2252
2219
2486
2543
2077
1174
218
-906
-2332
-3644
-4963
-6259
-7236
-7845
-8111
-7951
-7443
-6697
-5920
-5117
-3926
-2843
-1870
-896
4
816
1678
2601
3555
4578
5534
6405
7263
8117
8739
9038
9072
8778
8103
7130
6004
4846
3617
2110
480
-701
-1576
-2294
-2833
-2977
-2859
-2728
-2436
-1846
-1185
-1117
-1197
-1074
-1112
-1328
-1398
-1155
-1094
-844
-136
1034
2293
3311
4616
5590
6103
6290
6156
5498
4344
2898
1198
-246
-1586
-2670
-3361
-3801
-3733
-3335
-2780
-2125
-1299
-756
-439
-137
-149
-455
-939
-1440
-1885
-2409
-2758
-3094
-3813
-4307
-4212
-3989
-4239
-4289
-3608
-2978
-2638
-1812
-542
192
641
1318
1944
2315
2608
2740
2325
2068
2273
2360
2345
2529
2860
2682
2466
2466
2116
1207
108
-964
-2362
-3739
-4903
-5975
-7138
-7758
-8005
-8135
-7854
-7182
-6551
-5864
-5067
-4176
-3138
-2212
-1296
-351
690
1731
2691
3881
5101
6078
6921
7822
8529
8804
8937
8803
8190
7304
6373
5267
3717
2359
1249
61
-1172
-1928
-2276
-2547
-2807
-2698
-2309
-2349
-2350
-2210
-2343
-2617
-2586
-2502
-2480
-2064
-1365
-462
574
1738
3128
4304
5187
6057
6610
6579
6163
5532
4509
3191
1941
819
-303
-1301
-1814
-2107
-2287
-2340
-2129
-2121
-2219
-2004
-1853
-2106
-2356
-2304
-2583
-2830
-2864
-2594
-2456
-2392
-2295
-2600
-3084
-3264
-3209
-3880
-4768
-4714
-4284
-4127
-3568
-2158
-1080
-323
819
2101
2923
3328
3496
3133
2613
2404
2232
1638
1339
1461
1277
1092
1293
1387
884
105
-619
-1501
-2677
-3935
-5167
-6532
-7539
-8052
-8307
-8207
-7509
-6576
-5692
-4438
-2870
-1505
-444
561
1581
2403
3161
3977
4626
5263
5993
6697
7433
8199
8732
8972
9025
8889
8469
7548
6144
4775
3363
1750
283
-1002
-2063
-2782
-3119
-3018
-2609
-2294
-2038
-1495
-1158
-1147
-1089
-1165
-1570
-1757
-1625
-1251
-545
211
1257
2387
3531
4704
5719
6353
6428
6252
5567
4581
3390
2028
557
-865
-2067
-2843
-3284
-3485
-3403
-3170
-2926
-2635
-2252
-2051
-2213
-2531
-2994
-3461
-3873
-4258
-4488
-4607
-5248
-5912
-5851
-5373
-5474
-5850
-5517
-4731
-4102
-3325
-1825
-461
216
1027
2225
3050
3600
3928
3554
2931
2739
2872
2645
2311
2608
2818
2548
2532
2992
2763
1701
716
-296
-1605
-3100
-4322
-5683
-7038
-7801
-8144
-8217
-7951
-7328
-6583
-5879
-4828
-3431
-2291
-1544
-658
383
1347
2395
3545
4638
5540
6337
7341
8276
8854
9054
9004
8647
7790
7085
6499
5387
3808
2488
1627
748
-114
-593
-790
-1258
-1586
-1279
-1146
-1300
-1594
-2070
-2595
-2867
-2798
-2834
-2736
-2311
-1524
-424
971
2539
3803
4706
5652
6576
6806
6722
6422
5511
4215
3168
2367
1331
297
-479
-967
-1379
-1587
-1432
-1396
-1656
-2012
-2156
-2287
-2551
-2864
-3239
-3656
-4121
-4150
-3910
-3662
-3837
-4489
-4725
-4475
-4575
-5194
-5584
-5645
-5554
-5126
-4169
-2805
-1654
-580
701
1942
3023
3765
3686
3040
2529
2259
1842
1369
1328
1355
1255
1289
1707
2087
1764
1176
417
-547
-1660
-2849
-4372
-5971
-7237
-8189
-8916
-9037
-8668
-8233
-7480
-6520
-5193
-3685
-2489
-1518
-647
246
1304
2329
3399
4368
5282
6192
7094
8172
8821
9200
9298
8988
8364
7704
6913
5667
4111
2773
1796
666
-152
-573
-854
-1302
-1598
-1315
-1122
-1369
-1702
-1993
-2329
-2547
-2531
-2537
-2192
-1528
-784
402
1844
3326
4519
5343
6328
7215
7274
6984
6697
5697
4305
3279
2505
1425
311
-475
-972
-1369
-1605
-1785
-1834
-2107
-2500
-2584
-2819
-3269
-3855
-4306
-4896
-5284
-5462
-5494
-5456
-5858
-6293
-6185
-5728
-5645
-5836
-5711
-4942
-4075
-3161
-1796
-193
838
1820
3072
4018
4780
5046
4468
3765
3431
3021
2479
2145
2073
2041
1830
1856
2327
2225
1489
744
-227
-1430
-2640
-4057
-5576
-6871
-7777
-8327
-8550
-8227
-7599
-6900
-6013
-4797
-3337
-2223
-1264
-442
404
1253
2051
2973
3919
4779
5497
6413
7502
8328
8740
8823
8571
8006
7406
6622
5368
3934
2684
1580
625
-59
-492
-824
-1261
-1518
-1434
-1391
-1576
-1848
-2236
-2644
-2876
-2810
-2621
-2596
-2234
-1575
-803
222
1633
2816
3706
4530
5402
5935
6103
5983
5456
4634
3715
2908
1927
886
-7
-870
-1552
-1851
-1896
-2044
-2157
-2238
-2340
-2345
-2347
-2563
-3153
-3669
-4069
-4409
-4797
-4844
-5318
-6334
-6665
-6129
-6105
-6439
-6047
-5133
-4433
-3498
-1820
-217
671
1583
2830
3563
4016
4498
4170
3290
3092
3206
2864
2573
2923
3132
2906
3030
3679
3672
2849
1973
1128
-290
-1771
-2960
-4499
-6194
-7254
-7846
-8494
-8435
-7991
-7407
-6877
-5924
-4486
-3247
-2395
-1449
-316
515
1407
2568
3728
4582
5458
6473
7479
8142
8626
8978
8703
8081
7574
7012
5871
4482
3307
2196
1094
339
-238
-850
-1370
-1682
-1847
-2199
-2443
-2543
-3102
-3666
-3698
-3489
-3400
-3135
-2234
-1442
-506
903
2255
3408
4310
5315
5984
6342
6610
6606
6148
5397
4754
4049
3194
2145
1309
436
-443
-924
-1398
-1870
-2384
-2714
-3104
-3357
-3318
-3519
-3915
-4274
-4358
-4411
-4590
-4620
-4938
-5891
-6592
-6494
-6420
-6930
-7140
-6636
-5887
-5019
-3379
-1389
31
1177
2496
3778
4497
4904
4765
3713
2924
2658
2142
1490
1479
1746
1659
1779
2450
3053
2580
1736
999
-177
-1661
-3069
-4486
-6296
-7640
-8213
-8579
-8573
-8018
-7285
-6561
-5571
-4269
-2782
-1791
-1078
-203
597
1390
2408
3535
4508
5447
6513
7707
8668
9319
9658
9514
8935
8172
7494
6518
5052
3684
2581
1539
755
246
-85
-461
-794
-823
-899
-1206
-1536
-2017
-2664
-3234
-3283
-3259
-3289
-2795
-2071
-1252
-193
1269
2567
3505
4409
5377
6044
6226
6319
6089
5381
4596
3888
3259
2366
1560
892
205
-272
-687
-943
-1417
-1855
-2195
-2508
-3056
-3518
-3844
-4544
-5121
-5500
-5540
-5787
-5938
-6007
-6551
-7054
-6876
-6516
-6926
-7344
-6798
-5864
-5291
-4117
-2228
-702
301
1638
3269
4311
4708
4885
4506
3913
3708
3347
2683
2274
2322
2169
1907
2185
2537
2077
1230
563
-290
-1546
-2970
-4350
-5756
-7012
-7653
-8056
-8100
-7665
-7037
-6259
-5236
-3931
-2666
-1594
-763
258
1297
2136
3101
4038
5005
5943
6897
7933
8825
9322
9632
9582
9038
8282
7509
6302
4786
3385
2117
985
-52
-696
-1249
-1792
-2073
-2068
-2172
-2443
-2476
-2803
-3341
-3621
-3483
-3423
-3373
-2657
-1664
-769
287
1732
2931
3745
4658
5524
5957
6160
6203
5855
5090
4394
3823
2833
1960
1299
500
-138
-615
-956
-1400
-1935
-2382
-2642
-3016
-3356
-3617
-3965
-4353
-4654
-4812
-5005
-5162
-5084
-5221
-5815
-6176
-5910
-5777
-6341
-6531
-5976
-5187
-4459
-3195
-1401
6
1069
2476
3842
4463
4771
4547
3748
3097
2681
2122
1487
1272
1528
1523
1582
2069
2364
1933
1253
622
-424
-1753
-3181
-4664
-6243
-7350
-8051
-8375
-8427
-7815
-6797
-5755
-4420
-2887
-1442
-443
519
1347
2079
2764
3447
4177
5008
5848
6712
7603
8366
9031
9312
9296
8937
8327
7493
6320
4819
3245
1890
619
-581
-1440
-1894
-2196
-2366
-2322
-2173
-1956
-1988
-2350
-2637
-2774
-3047
-3319
-3258
-2840
-2287
-1631
-535
821
2023
3198
4340
5357
6107
6483
6501
6201
5613
4715
3680
2644
1790
817
-177
-698
-1004
-1324
-1532
-1682
-1793
-1996
-2215
-2474
-3011
-3535
-3964
-4558
-5037
-5360
-5266
-5317
-5135
-4843
-5176
-5385
-4963
-4580
-5115
-5507
-4888
-4332
-4018
-3050
-1563
-437
447
1845
3205
3778
4324
4532
3818
3164
2980
2516
1649
1366
1482
1347
939
1214
1441
803
139
-421
-1335
-2670
-3764
-4806
-6190
-7251
-7596
-7858
-7938
-7374
-6422
-5447
-4225
-2845
-1342
-136
933
2175
3189
4033
4944
5821
6498
7133
7738
8448
8942
9010
8998
8909
8237
7407
6608
5506
4076
2703
1483
277
-845
-1696
-2197
-2699
-3123
-3017
-2895
-3004
-2986
-2721
-2622
-2759
-2467
-1996
-1745
-1363
-624
290
1192
2082
3126
3982
4691
5463
5971
5951
5815
5606
4841
3794
2963
2197
924
-244
-902
-1393
-1980
-2478
-2538
-2693
-2851
-2954
-2902
-2943
-3354
-3540
-3683
-4021
-4099
-4010
-4017
-3972
-3807
-3395
-3514
-4106
-4159
-3845
-4206
-5011
-5008
-4553
-4428
-4227
-3232
-1842
-1018
-129
1191
2096
2568
2904
2871
2268
1762
1730
1301
627
737
1162
1047
774
1210
1362
774
-48
-557
-1421
-2817
-4000
-5119
-6291
-7131
-7450
-7564
-7367
-6589
-5417
-4339
-3099
-1506
6
1083
2233
3417
4362
5103
5813
6704
7393
7938
8391
8960
9317
9375
9343
9200
8476
7440
6602
5557
3991
2306
1066
-241
-1622
-2520
-2928
-3329
-3766
-3749
-3439
-3288
-3026
-2630
-2420
-2189
-1900
-1436
-988
-494
174
767
1475
2393
3288
4109
4916
5584
5905
5991
5847
5421
4659
3661
2505
1266
32
-1135
-2148
-2823
-3469
-3924
-3981
-3925
-3918
-3849
-3629
-3645
-3747
-3763
-3769
-3982
-4231
-4142
-3948
-3982
-3901
-3402
-3387
-3988
-3981
-3303
-3432
-4188
-4287
-3764
-3616
-3516
-2553
-1603
-1042
-290
740
1481
1975
2476
2365
1616
1465
1641
1073
370
472
594
-46
-154
126
-32
-689
-1248
-1627
-2444
-3270
-3948
-4772
-5680
-5987
-6045
-6062
-5619
-4720
-3865
-2888
-1443
135
1554
2754
3970
5002
5795
6512
7188
7751
8035
8061
8204
8538
8645
8354
8081
7704
6961
6188
5428
4607
3231
1779
588
-449
-1388
-2170
-2754
-3333
-3373
-3136
-2778
-2338
-1756
-1114
-931
-569
123
656
824
874
1181
1524
1991
2433
2904
3481
3933
4238
4510
4800
4716
4120
3126
2138
1124
-169
-1598
-2943
-3898
-4694
-5448
-5664
-5535
-5324
-5292
-4906
-4166
-3705
-3446
-3189
-2877
-2913
-2988
-2928
-2816
-2865
-2904
-2634
-2563
-2975
-3010
-2691
-2776
-3496
-3752
-3469
-3572
-3648
-3174
-2430
-1989
-1406
-452
178
566
1254
1496
997
781
1083
814
51
-29
253
-110
-562
-125
161
-380
-748
-688
-1179
-2018
-2577
-3129
-4012
-4669
-4603
-4673
-4520
-3783
-2803
-1757
-533
1099
2571
3596
4692
5838
6494
6747
7163
7475
7393
7227
7373
7717
7615
7245
7215
7039
6499
5710
4882
3912
2563
1294
123
-1010
-2025
-2740
-3222
-3503
-3155
-2539
-2047
-1517
-719
-146
180
449
777
821
525
540
803
1094
1382
1933
2525
3023
3750
4460
4843
4897
4528
3870
2901
1803
492
-937
-2320
-3659
-4517
-5108
-5522
-5626
-5569
-5358
-4957
-4494
-4017
-3600
-3247
-2980
-2878
-2735
-2445
-2157
-2028
-1868
-1429
-933
-622
-817
-1251
-1521
-1670
-2298
-3332
-3926
-4102
-4475
-4659
-4197
-3434
-2854
-2083
-1021
-126
521
931
777
173
-2
-287
-940
-1585
-1429
-1139
-1255
-872
-15
479
509
693
774
383
-262
-837
-1864
-2904
-3548
-3885
-4043
-3744
-2801
-1817
-525
925
2362
3586
4594
5310
5595
5795
5976
5943
5855
5740
5686
5869
6148
6380
6506
6698
6809
6468
5849
5230
4417
3080
1752
753
-275
-1320
-1772
-1788
-1719
-1252
-558
12
617
1185
1648
1661
1417
1348
925
418
244
230
191
388
903
1464
2001
2612
3070
3156
2948
2570
1958
877
-257
-1414
-2583
-3793
-4735
-5327
-5664
-5791
-5628
-5241
-5007
-4502
-3952
-3545
-3304
-2963
-2535
-2309
-2080
-1737
-1315
-1022
-918
-610
-191
-54
-493
-1223
-1607
-1854
-2583
-3734
-4436
-4683
-4959
-5126
-4556
-3547
-2814
-2040
-1201
-350
443
744
414
-196
-486
-621
-1127
-1494
-1262
-867
-821
-563
338
982
1084
1236
1126
784
381
-244
-1048
-1901
-2277
-2434
-2489
-2160
-1396
-463
319
1317
2483
3447
4016
4433
4845
5009
5051
5033
5132
5132
5079
5246
5462
5601
5692
5915
5690
5216
5007
4680
3945
2855
2096
1493
547
-236
-564
-751
-807
-703
-365
-124
46
431
571
528
734
726
472
300
348
385
157
193
516
775
767
1113
1398
1292
1073
909
490
-173
-715
-1456
-2305
-3150
-3640
-4154
-4862
-5135
-5100
-5070
-4923
-4437
-3769
-3288
-2691
-1909
-1159
-474
32
369
666
876
827
615
460
253
-538
-1768
-2364
-2663
-3399
-4662
-5349
-5138
-5140
-5045
-4368
-3348
-2686
-2137
-1322
-585
-253
13
-240
-837
-975
-763
-866
-1217
-740
92
361
687
1639
2295
2278
2179
2125
1661
985
463
-383
-1448
-1860
-1963
-2293
-2408
-1831
-1102
-709
-30
1080
1977
2393
2861
3363
3669
3852
4152
4452
4374
4624
4992
5254
5379
5597
5850
5777
5598
5449
5271
4707
4019
3358
2584
1778
1089
552
85
-208
-378
-358
-440
-360
-4
91
-2
34
242
183
-85
-159
-144
-429
-641
-562
-409
-391
-347
-21
117
101
97
-27
-434
-999
-1674
-2397
-3087
-3870
-4459
-4820
-5104
-5079
-4829
-4399
-3870
-3118
-2253
-1425
-598
34
763
1224
1400
1697
1795
1644
1382
1100
840
419
-195
-1068
-1995
-2444
-2984
-4210
-5222
-5383
-5406
-5822
-5657
-4732
-3991
-3500
-2622
-1476
-654
-305
-131
-321
-517
-424
-460
-595
-492
181
754
1181
2119
3112
3610
3704
3733
3605
3074
2242
1194
-127
-1174
-1861
-2586
-3034
-2902
-2501
-2016
-1270
-156
954
1854
2453
2950
3271
3446
3445
3303
3248
3308
3479
3686
4240
4763
5261
5758
6198
6594
6718
6539
5981
5043
4040
2996
1821
656
-213
-893
-1350
-1524
-1404
-1115
-1019
-885
-662
-627
-664
-771
-1137
-1536
-1836
-2172
-2398
-2501
-2437
-2198
-1877
-1372
-957
-619
-481
-508
-662
-1091
-1438
-1854
-2407
-2976
-3293
-3413
-3372
-3168
-2910
-2399
-1848
-1216
-639
-47
558
956
1294
1566
1800
1894
1753
1514
1228
989
654
290
-342
-1349
-2295
-2890
-3403
-4423
-5268
-5589
-5652
-5627
-5202
-4143
-3178
-2667
-1874
-993
-345
127
198
-187
-524
-494
-424
-381
25
806
1370
1999
3021
3993
4528
4553
4297
3579
2707
1732
239
-1402
-2638
-3517
-4237
-4448
-4091
-3425
-2734
-1758
-359
893
1716
2394
2663
2792
2935
3000
2927
2872
3088
3294
3828
4744
5644
6227
6680
7146
7468
7273
6787
5916
4589
3228
1989
794
-325
-1103
-1633
-1982
-1951
-1469
-1116
-812
-537
-488
-594
-911
-1204
-1795
-2434
-3012
-3355
-3404
-3292
-2976
-2612
-2149
-1517
-872
-446
-14
80
-88
-446
-730
-1087
-1673
-2213
-2510
-2615
-2510
-2087
-1620
-1217
-771
-344
42
470
874
1019
995
1066
1317
1392
1296
1170
1119
935
595
488
391
-145
-1233
-2277
-2759
-3335
-4311
-5280
-5751
-5870
-5970
-5568
-4611
-3836
-3273
-2389
-1398
-582
94
488
239
-160
-27
263
409
676
1391
1960
2387
3289
4268
4608
4362
4060
3199
2120
1262
126
-1453
-2809
-3472
-3821
-3919
-3436
-2637
-1873
-1037
89
1101
1879
2415
2557
2481
2562
2700
2808
2900
3166
3655
4291
5232
6069
6790
7234
7416
7395
7018
6335
5278
3835
2355
1104
-77
-1023
-1706
-2178
-2371
-2127
-1817
-1570
-1285
-1148
-1380
-1849
-2150
-2691
-3453
-4142
-4604
-4906
-4967
-4542
-3902
-3296
-2513
-1434
-586
49
519
747
634
140
-144
-518
-1024
-1438
-1732
-1813
-1639
-1370
-988
-614
-261
87
334
624
742
731
634
486
506
617
746
889
1040
1252
1532
1678
1762
1894
1653
1056
134
-909
-1858
-2711
-3794
-5216
-6086
-6135
-5926
-5839
-5124
-3893
-2993
-2172
-1029
88
543
536
365
-5
-284
-328
-457
-534
-108
766
1575
2313
3239
3991
4328
4236
4005
3421
2496
1482
126
-1120
-1886
-2354
-2757
-2718
-2141
-1335
-454
480
1323
2080
2621
2863
2883
2769
2695
2580
2325
2296
2611
3027
3509
4053
4716
5246
5740
5849
5547
5220
4461
3393
2188
1105
152
-913
-1686
-2107
-2311
-2432
-2425
-2392
-2357
-2413
-2683
-3000
-3449
-3944
-4511
-4961
-5238
-5222
-4996
-4434
-3629
-2783
-1705
-686
97
705
1218
1433
1327
1029
851
549
132
-40
-56
-39
211
580
1017
1258
1517
1899
1909
1773
1457
1145
739
174
-200
-309
-505
-503
-77
352
661
987
1358
1415
1231
1070
681
-377
-1646
-2422
-3067
-4075
-5130
-5513
-5418
-5404
-4982
-4096
-3171
-2222
-1468
-660
-68
367
561
22
-537
-702
-646
-857
-926
-280
850
1591
2397
3640
4612
5151
5232
5072
4572
3824
2824
1468
145
-781
-1330
-1819
-2013
-1482
-772
-318
254
1176
1842
2025
1907
1758
1575
1197
1057
931
869
1235
1729
2357
3208
3969
4447
4684
4674
4532
4069
3198
2059
885
-278
-1443
-2437
-3157
-3701
-4203
-4312
-4216
-4026
-3800
-3569
-3425
-3465
-3470
-3377
-3469
-3586
-3384
-3127
-2806
-2285
-1500
-814
-274
575
1287
1690
1967
2224
2261
2025
1796
1657
1538
1237
1085
1127
1191
1385
1540
1538
1491
1320
1232
1023
672
318
47
-200
-392
-392
-344
-114
68
195
573
908
1013
967
907
765
482
171
-223
-824
-1672
-2331
-2845
-3455
-4172
-4870
-5206
-5355
-5274
-4852
-4266
-3802
-3085
-2239
-1676
-984
-345
-164
-234
-73
332
757
1050
1784
2645
3346
4256
5102
5775
6028
5987
5776
5158
4263
3200
1899
451
-852
-1786
-2394
-2836
-3061
-2812
-2387
-1856
-1200
-545
-120
99
374
465
444
519
556
532
467
803
1266
1683
2003
2275
2643
2747
2791
2593
2143
1435
650
-185
-1086
-1716
-2309
-2886
-3059
-2900
-2532
-2128
-1678
-1217
-813
-520
-399
-358
-483
-723
-1142
-1319
-1319
-1332
-1167
-857
-383
103
757
1421
1952
2249
2440
2523
2405
2252
1874
1393
955
676
621
638
756
975
1244
1427
1619
1955
1849
1519
1112
606
99
-538
-1064
-1479
-1823
-2071
-2033
-1795
-1785
-1560
-1280
-1239
-1106
-1085
-981
-1141
-1445
-1827
-2386
-2875
-3299
-3655
-4137
-4549
-4477
-4179
-3923
-3196
-2289
-1482
-618
291
1357
2110
2502
2701
2705
2665
2472
2304
2316
2361
2393
2651
2958
3301
3404
3490
3323
2977
2632
1949
1101
183
-606
-1417
-2130
-2414
-2396
-2429
-2140
-1533
-899
-405
-34
317
427
244
140
-35
-489
-842
-1103
-1250
-1268
-909
-501
-221
119
640
1063
1271
1471
1522
1245
762
546
349
-59
-469
-619
-659
-695
-433
-104
83
277
373
491
399
392
194
-341
-741
-886
-976
-1268
-1257
-987
-664
-395
162
922
1456
1773
2305
2843
3133
3226
3244
3146
2786
2636
2445
2113
1793
1566
1342
1025
930
825
672
283
-40
-403
-839
-1290
-1736
-2221
-2813
-3248
-3433
-3513
-3662
-3547
-3205
-2860
-2401
-1680
-1202
-1040
-950
-917
-1082
-1355
-1558
-1873
-2210
-2509
-2280
-1792
-1343
-549
208
1144
1919
2616
3044
3043
2746
2211
1616
932
574
182
-145
-133
138
626
1114
1640
2043
2082
1928
1590
988
143
-733
-1645
-2513
-3096
-3291
-3154
-2963
-2590
-1982
-1282
-648
-260
13
57
-231
-646
-952
-1280
-1557
-1688
-1636
-1323
-721
-6
789
1478
2175
2592
2794
2916
2801
2410
1808
1239
720
271
-101
-65
26
125
480
918
1308
1405
1497
1502
1273
993
750
385
30
-62
-77
-37
276
837
1440
1836
2437
3005
3096
3091
2974
2645
2157
1603
1081
567
61
-284
-505
-632
-711
-640
-624
-643
-616
-705
-982
-1365
-1784
-2312
-2815
-3208
-3388
-3517
-3545
-3366
-2965
-2521
-2095
-1541
-992
-728
-560
-402
-404
-644
-962
-1364
-1886
-2194
-2396
-2459
-2229
-1816
-1115
-426
355
1214
1993
2526
2719
2739
2716
2542
2184
1820
1565
1387
1233
1170
1308
1438
1455
1491
1367
1205
900
418
-306
-1044
-1674
-2276
-2919
-3446
-3546
-3609
-3502
-3179
-2681
-2171
-1660
-1133
-583
-59
327
634
885
993
1126
1308
1398
1383
1522
1656
1726
2036
2133
2151
2107
1997
1824
1503
1262
833
323
-129
-449
-668
-846
-877
-825
-554
-259
129
653
1152
1478
1824
2213
2423
2594
2624
2644
2611
2509
2487
2484
2524
2454
2428
2372
2231
2179
1977
1508
1009
556
-8
-751
-1414
-1965
-2498
-2961
-3221
-3232
-3288
-3286
-3096
-2893
-2713
-2461
-2260
-2196
-2177
-2301
-2440
-2820
-3113
-3335
-3708
-3888
-3934
-3709
-3284
-2704
-2028
-1288
-628
10
693
1024
1224
1284
1156
957
705
620
691
742
929
1340
1813
2392
2819
3026
3143
2996
2657
2128
1463
763
0
-830
-1408
-1741
-1930
-2011
-1974
-1715
-1331
-1115
-856
-597
-539
-625
-762
-796
-834
-868
-769
-415
31
578
1237
2009
2587
2985
3333
3424
3321
3004
2500
1859
1219
614
82
-377
-668
-707
-729
-648
-394
-155
-13
75
65
76
-86
-275
-355
-373
-265
1
432
958
1668
2359
2955
3514
4012
4340
4363
4130
3844
3471
2785
2040
1420
761
160
-383
-738
-933
-1137
-1396
-1687
-1968
-2353
-2767
-3147
-3669
-4086
-4300
-4519
-4574
-4390
-4193
-3732
-3178
-2636
-1956
-1342
-839
-462
-214
-223
-387
-578
-800
-1143
-1460
-1599
-1656
-1677
-1488
-1243
-947
-672
-343
-91
-13
54
60
-27
-293
-439
-651
-860
-887
-869
-662
-220
171
696
1234
1777
2331
2672
2891
2873
2771
2643
2225
1841
1419
966
502
52
-103
-132
-107
-232
-166
-3
85
113
171
206
119
-15
-76
-19
-72
-48
69
197
407
674
852
1059
1114
1179
1231
1105
1075
1000
792
540
429
325
249
297
390
564
817
1106
1366
1674
1939
2055
2184
2307
2187
2087
1950
1701
1511
1291
1147
1051
1054
1194
1272
1348
1495
1543
1376
1076
700
-2
-828
-1676
-2504
-3357
-4150
-4589
-4865
-4952
-4626
-4082
-3553
-2977
-2280
-1714
-1411
-1186
-1136
-1239
-1492
-1630
-1765
-1903
-1816
-1573
-1064
-565
128
819
1339
1843
2007
1984
1707
1159
532
-360
-1158
-1845
-2403
-2740
-2865
-2771
-2400
-1891
-1360
-793
-254
219
390
388
264
41
-257
-450
-689
-580
-274
195
881
1632
2482
3192
3773
3991
4089
3816
3205
2496
1591
728
8
-695
-1233
-1423
-1436
-1294
-965
-455
-72
216
404
448
305
-24
-321
-766
-1115
-1339
-1404
-1354
-1166
-779
-442
156
684
1091
1484
1752
1845
1840
1718
1536
1272
964
787
732
730
807
964
1049
1248
1359
1447
1520
1448
1326
1164
985
865
816
765
758
894
1100
1233
1440
1625
1645
1566
1431
1122
656
184
-410
-920
-1422
-1854
-2131
-2242
-2234
-2092
-2011
-1798
-1529
-1389
-1288
-1323
-1368
-1600
-1852
-2134
-2363
-2488
-2537
-2438
-2138
-1773
-1356
-845
-411
-38
212
267
176
-8
-349
-781
-1295
-1660
-1928
-2155
-2200
-2059
-1736
-1405
-986
-494
-109
122
434
531
530
348
189
140
-11
68
224
424
700
1147
1622
2050
2446
2728
2817
2787
2709
2383
1935
1446
823
167
-314
-661
-940
-997
-992
-927
-742
-383
-169
-42
11
59
8
-150
-263
-418
-669
-694
-588
-436
-146
288
748
1150
1584
2000
2240
2335
2324
2085
1779
1434
1089
700
256
20
-102
-208
-102
68
294
516
734
1025
1139
1163
1136
1008
791
589
431
191
35
-72
-174
-195
-149
-3
57
71
149
164
-16
-169
-375
-676
-963
-1239
-1402
-1453
-1434
-1363
-1232
-1117
-897
-714
-656
-667
-689
-766
-996
-1265
-1468
-1595
-1834
-1968
-1932
-1898
-1856
-1673
-1462
-1256
-1037
-919
-831
-824
-857
-958
-1037
-1093
-1101
-997
-860
-550
-132
239
624
1028
1321
1650
1907
2066
2144
2199
2200
2078
1977
1955
1842
1637
1532
1403
1346
1267
1144
990
933
727
412
116
-224
-541
-1057
-1486
-1727
-1893
-1966
-1877
-1801
-1628
-1246
-948
-491
-113
216
480
608
787
844
902
855
758
828
880
973
1066
1239
1443
1517
1592
1649
1586
1497
1302
1033
735
408
132
-172
-353
-526
-582
-520
-362
-167
-50
104
240
237
218
132
7
-115
-270
-314
-352
-333
-367
-349
-239
-98
68
167
194
172
81
-132
-315
-600
-983
-1343
-1722
-1893
-2034
-2179
-2205
-2321
-2352
-2343
-2317
-2319
-2328
-2306
-2365
-2349
-2225
-2060
-1957
-1798
-1444
-1090
-695
-204
296
754
1138
1559
1885
2165
2322
2413
2319
2211
2162
2017
1911
1807
1754
1766
1822
1876
1949
1977
1929
1834
1691
1549
1265
950
523
119
-221
-488
-605
-694
-635
-464
-242
-25
217
272
409
405
264
170
56
-88
-380
-483
-456
-466
-408
-228
-164
-12
105
226
306
251
215
91
-12
-140
-194
-277
-301
-246
-109
-27
27
212
371
403
472
476
424
351
196
47
-221
-467
-645
-726
-888
-915
-877
-797
-795
-794
-668
-758
-712
-689
-583
-599
-681
-572
-527
-519
-494
-320
-185
-111
10
163
277
205
129
53
-243
-471
-783
-1089
-1333
-1602
-1742
-1918
-2007
-1883
-1832
-1749
-1492
-1266
-996
-768
-546
-301
-46
160
367
675
918
1149
1423
1720
1926
2206
2447
2601
2722
2816
2836
2769
2621
2460
2231
1948
1702
1380
1035
634
281
-28
-355
-609
-717
-784
-915
-959
-820
-752
-702
-570
-451
-437
-484
-433
-528
-521
-523
-485
-380
-181
116
347
584
805
1016
1052
1050
983
817
586
291
81
-157
-316
-412
-417
-390
-285
-89
84
235
348
409
367
320
167
-120
-413
-639
-839
-1093
-1171
-1210
-1151
-1023
-798
-604
-486
-376
-471
-535
-791
-976
-1218
-1553
-1747
-1872
-1896
-1784
-1599
-1288
-857
-442
7
421
730
897
908
840
663
381
167
-53
-355
-544
-651
-711
-681
-655
-597
-521
-476
-555
-608
-704
-852
-1055
-1217
-1191
-1102
-964
-628
-308
115
552
988
1513
1849
2128
2430
2627
2743
2887
2996
2977
2982
2984
3035
3092
3081
3022
2917
2706
2487
2102
1633
1158
585
-1
-550
-936
-1348
-1622
-1781
-1864
-1826
-1748
-1603
-1533
-1442
-1287
-1151
-1100
-1038
-993
-998
-958
-808
-711
-568
-348
-76
114
255
437
485
481
432
312
5
-243
-485
-726
-967
-1041
-1088
-1115
-963
-765
-527
-332
-115
22
88
131
175
105
9
-93
-241
-283
-392
-417
-368
-417
-406
-448
-447
-486
-501
-536
-661
-717
-790
-818
-887
-867
-875
-833
-787
-700
-522
-437
-299
-187
-79
-54
38
33
-56
-29
-32
-72
-122
-113
-136
-169
-158
-111
-154
-183
-121
-11
45
161
334
447
609
768
914
1122
1279
1371
1617
1713
1844
1999
2089
2110
2120
2176
2136
2194
2201
2191
2166
2123
2104
2042
1931
1716
1474
1187
929
658
328
26
-319
-539
-694
-864
-933
-1034
-1136
-1189
-1249
-1250
-1331
-1382
-1456
-1561
-1598
-1647
-1647
-1599
-1562
-1408
-1246
-1024
-731
-530
-383
-268
-195
-268
-347
-516
-707
-1017
-1235
-1322
-1449
-1468
-1411
-1284
-1125
-915
-594
-346
-102
55
131
103
70
-9
-99
-197
-313
-284
-289
-263
-244
-199
-128
-100
-84
-105
-161
-279
-322
-455
-564
-632
-640
-633
-569
-362
-255
-141
42
162
227
266
269
294
219
114
109
6
-58
41
116
187
214
350
544
584
659
744
693
668
663
730
685
710
808
954
1129
1298
1568
1790
1954
2099
2203
2238
2314
2220
2206
2147
2029
2037
1926
1883
1901
1892
1756
1642
1527
1330
1105
906
656
356
65
-308
-539
-774
-961
-1081
-1162
-1311
-1355
-1337
-1367
-1351
-1356
-1398
-1517
-1578
-1661
-1755
-1848
-1887
-1826
-1821
-1695
-1586
-1485
-1406
-1363
-1281
-1298
-1280
-1324
-1357
-1401
-1584
-1662
-1712
-1741
-1650
-1572
-1307
-979
-712
-438
-215
25
208
393
423
413
483
449
490
450
426
443
390
470
518
485
470
473
425
267
129
-45
-170
-336
-513
-582
-641
-607
-564
-466
-334
-219
-19
122
239
347
407
408
461
456
430
445
458
499
497
514
598
674
796
872
924
933
945
975
940
973
923
890
822
817
821
836
995
1096
1217
1400
1566
1720
1842
1895
1979
2007
2001
1997
2011
1936
1906
1797
1622
1485
1360
1227
1033
866
684
398
112
-93
-373
-649
-976
-1209
-1414
-1606
-1743
-1819
-1794
-1814
-1760
-1659
-1569
-1476
-1429
-1385
-1384
-1432
-1428
-1433
-1501
-1611
-1629
-1740
-1845
-1905
-2100
-2175
-2269
-2334
-2382
-2366
-2332
-2303
-2173
-2083
-1903
-1753
-1529
-1349
-1137
-854
-602
-302
-6
305
607
908
1197
1511
1749
1921
1991
2033
2041
1908
1740
1515
1247
1065
755
464
228
-26
-247
-428
-511
-605
-647
-724
-784
-859
-892
-913
-882
-836
-743
-572
-298
-1
300
559
822
1084
1301
1446
1505
1581
1488
1484
1424
1336
1372
1341
1384
1390
1573
1661
1793
1966
1988
2108
2144
2024
1934
1821
1638
1533
1444
1385
1310
1320
1290
1348
1388
1433
1376
1252
1135
957
758
496
211
-100
-408
-680
-842
-1087
-1152
-1229
-1286
-1214
-1324
-1329
-1287
-1384
-1458
-1565
-1675
-1811
-1922
-1996
-2059
-2095
-2030
-2012
-1868
-1731
-1720
-1619
-1616
-1690
-1804
-1908
-2041
-2104
-2239
-2307
-2379
-2333
-2244
-2152
-1978
-1827
-1663
-1464
-1247
-1113
-924
-821
-647
-428
-208
1
289
540
808
1091
1309
1464
1545
1599
1572
1622
1519
1522
1434
1266
1198
1111
997
845
684
523
390
222
132
16
-120
-225
-325
-453
-499
-497
-482
-473
-356
-225
23
201
419
625
750
881
1008
1112
1185
1282
1257
1357
1455
1563
1702
1722
1857
1991
2050
2166
2241
2323
2382
2412
2440
2406
2310
2202
2047
1879
1669
1433
1168
923
707
462
214
21
-114
-254
-396
-478
-593
-655
-745
-809
-806
-877
-874
-936
-954
-951
-968
-922
-939
-870
-844
-807
-790
-843
-872
-987
-1107
-1256
-1474
-1721
-1920
-2102
-2265
-2397
-2499
-2586
-2606
-2544
-2444
-2337
-2240
-2069
-1869
-1665
-1515
-1338
-1188
-1062
-938
-855
-641
-428
-210
-1
172
406
601
728
777
784
688
529
398
215
1
-216
-365
-529
-536
-498
-468
-315
-184
-30
139
314
473
600
647
714
684
717
716
701
719
778
868
947
1065
1154
1253
1344
1441
1476
1408
1325
1207
1039
866
785
731
669
726
825
989
1137
1389
1600
1759
1984
2128
2241
2206
2154
2099
1911
1771
1713
1683
1621
1572
1541
1474
1387
1197
923
672
315
-56
-462
-887
-1288
-1644
-1851
-1994
-2099
-2097
-2059
-1942
-1775
-1632
-1481
-1335
-1247
-1191
-1117
-1146
-1164
-1189
-1225
-1200
-1235
-1102
-1030
-949
-924
-1005
-1035
-1206
-1380
-1618
-1876
-2156
-2385
-2471
-2627
-2650
-2599
-2532
-2400
-2196
-1944
-1721
-1417
-1144
-910
-646
-377
-194
6
150
374
547
711
893
998
1075
1129
1105
1091
1042
910
749
677
539
480
440
351
356
328
347
407
502
554
656
697
750
788
932
1025
1067
1208
1247
1328
1455
1544
1615
1660
1730
1758
1739
1685
1579
1536
1441
1326
1287
1212
1216
1193
1155
1175
1179
1225
1262
1281
1307
1306
1351
1361
1314
1272
1214
1151
1046
1032
922
797
744
643
527
456
360
196
22
-118
-277
-431
-516
-677
-767
-813
-915
-948
-1049
-1155
-1210
-1334
-1384
-1497
-1499
-1577
-1577
-1596
-1640
-1607
-1574
-1550
-1550
-1513
-1539
-1495
-1514
-1600
-1673
-1768
-1829
-1898
-1991
-2033
-2104
-2130
-2153
-2152
-2105
-2070
-2012
-1939
-1846
-1751
-1597
-1525
-1381
-1173
-1023
-833
-600
-380
-249
-52
47
164
176
154
174
138
114
86
51
97
124
192
265
354
523
617
694
792
855
911
1002
1081
1178
1203
1262
1341
1402
1463
1592
1686
1804
1892
1938
2054
2073
2101
2088
2055
2054
2026
1995
1997
2027
2052
2049
2061
2036
2034
2102
2025
2006
1897
1871
1701
1531
1433
1208
1032
793
685
534
342
231
41
-100
-209
-343
-477
-592
-717
-800
-925
-958
-976
-1002
-996
-964
-840
-784
-663
-626
-583
-507
-478
-385
-439
-493
-595
-729
-819
-984
-1154
-1267
-1389
-1514
-1626
-1743
-1857
-1981
-2066
-2186
-2286
-2293
-2336
-2380
-2391
-2367
-2299
-2238
-2095
-1960
-1742
-1514
-1293
-1058
-902
-725
-593
-405
-241
-112
26
178
323
434
570
615
596
637
622
571
584
507
459
328
227
134
24
-47
-161
-137
-144
-134
-25
73
164
281
395
509
649
786
894
984
1087
1097
1135
1163
1168
1107
1063
1004
931
959
871
885
887
893
887
916
964
976
1019
1071
1143
1191
1280
1377
1426
1463
1512
1465
1435
1414
1378
1259
1149
1012
892
706
560
395
239
104
-101
-138
-240
-331
-382
-474
-525
-524
-554
-549
-546
-559
-558
-557
-547
-509
-510
-419
-400
-337
-226
-183
-157
-225
-219
-333
-400
-568
-755
-930
-1121
-1237
-1401
-1511
-1612
-1675
-1723
-1678
-1629
-1584
-1480
-1421
-1361
-1354
-1301
-1293
-1281
-1271
-1213
-1142
-1023
-869
-723
-508
-360
-215
-49
110
188
274
272
252
191
50
9
-112
-151
-187
-234
-188
-97
-37
62
172
146
245
236
240
336
292
297
357
428
482
583
692
796
918
1053
1127
1273
1354
1450
1527
1522
1582
1567
1598
1610
1591
1569
1572
1509
1439
1448
1381
1383
1364
1323
1280
1305
1280
1154
1061
957
852
757
662
562
490
372
323
254
213
213
208
124
114
43
-66
-166
-328
-456
-677
-825
-950
-1107
-1200
-1278
-1370
-1394
-1473
-1497
-1538
-1586
-1601
-1640
-1707
-1778
-1810
-1820
-1867
-1897
-1889
-1891
-1806
-1702
-1584
-1475
-1324
-1229
-1183
-1094
-1045
-980
-919
-916
-819
-789
-728
-645
-613
-523
-439
-404
-363
-297
-229
-176
-114
-81
0
4
7
26
29
140
179
267
377
471
615
767
871
940
1024
1085
1166
1221
1230
1234
1223
1200
1135
1067
990
908
867
815
774
782
737
634
583
574
552
525
523
557
585
672
721
811
939
1012
1126
1208
1310
1383
1436
1401
1384
1361
1277
1243
1189
1131
1093
1027
997
944
899
847
758
635
526
394
308
202
85
6
-65
-153
-207
-217
-294
-295
-274
-315
-293
-316
-348
-400
-483
-526
-637
-799
-881
-963
-1059
-1098
-1175
-1300
-1374
-1460
-1569
-1595
-1667
-1709
-1667
-1695
-1715
-1738
-1701
-1707
-1770
-1676
-1644
-1529
-1390
-1286
-1124
-1055
-946
-856
-815
-736
-707
-710
-690
-691
-737
-747
-814
-782
-763
-685
-619
-527
-417
-404
-318
-321
-303
-241
-212
-187
-159
-111
-4
156
236
359
514
648
785
874
1005
1061
1148
1130
1091
1096
996
921
924
925
1012
1093
1204
1286
1366
1425
1444
1471
1480
1462
1470
1471
1447
1473
1362
1261
1212
1151
1103
1127
1116
1126
1135
1089
1037
995
888
770
714
583
495
454
387
355
337
337
330
312
331
385
406
417
422
399
322
242
169
88
2
-83
-77
-106
-140
-147
-189
-264
-390
-480
-633
-826
-934
-1122
-1279
-1376
-1510
-1606
-1685
-1777
-1839
-1838
-1805
-1719
-1677
-1636
-1539
-1492
-1386
-1337
-1319
-1262
-1192
-1131
-1095
-991
-941
-904
-764
-661
-536
-402
-315
-258
-187
-172
-221
-164
-211
-244
-258
-254
-211
-222
-172
-137
-101
-79
-62
-16
-33
-21
76
89
97
135
106
108
130
130
171
235
364
490
619
759
864
922
974
1058
1085
1013
1038
1041
1032
1070
1069
1074
1080
1110
1104
1084
1051
971
861
770
660
451
228
126
-28
-148
-183
-247
-280
-221
-183
-114
-81
-45
30
81
111
157
197
234
283
342
388
432
452
484
546
557
644
606
641
631
629
624
478
341
268
120
-2
-107
-222
-297
-380
-431
-546
-649
-748
-798
-890
-923
-973
-986
-1028
-1008
-972
-954
-852
-776
-656
-494
-357
-285
-238
-206
-202
-203
-170
-200
-212
-230
-275
-296
-314
-369
-365
-395
-413
-421
-394
-351
-360
-405
-401
-418
-475
-449
-451
-393
-334
-294
-235
-191
-130
-44
26
73
117
138
176
153
183
165
177
181
178
199
234
240
375
485
524
642
704
776
839
877
848
877
844
834
739
700
681
614
561
488
485
448
399
416
336
307
275
232
197
130
91
50
-2
-26
-4
-15
10
17
67
96
127
167
139
153
129
71
72
32
-3
-70
-104
-176
-153
-191
-197
-228
-281
-301
-339
-361
-428
-506
-621
-617
-676
-724
-771
-714
-736
-721
-702
-643
-576
-547
-468
-401
-279
-231
-187
-163
-122
-140
-136
-118
-134
-116
-57
-38
-28
-2
-2
-42
20
53
62
122
55
79
42
35
33
35
36
87
198
283
351
456
534
590
634
642
674
688
715
611
530
463
381
312
226
256
154
209
237
222
289
268
232
162
160
82
67
87
32
101
99
87
105
110
76
99
99
25
-3
-101
-159
-283
-345
-412
-511
-533
-540
-561
-511
-424
-384
-327
-235
-187
-139
-153
-132
-112
-164
-167
-170
-199
-186
-152
-156
-100
15
75
124
173
171
252
212
172
154
82
4
-85
-147
-237
-298
-360
-371
-365
-311
-243
-178
-167
-119
-34
-39
25
81
96
152
213
275
321
327
320
295
283
287
277
228
220
121
21
-87
-213
-271
-391
-457
-529
-587
-588
-596
-544
-521
-422
-364
-276
-208
-232
-240
-269
-304
-308
-255
-225
-146
-106
-64
-28
30
88
160
261
307
381
385
346
314
284
252
188
184
181
212
237
236
241
193
221
212
209
272
281
280
300
278
252
278
286
278
286
285
280
325
286
228
253
174
167
164
84
59
-22
-87
-132
-121
-68
-25
1
107
158
244
355
351
381
400
313
322
276
195
181
85
9
-27
-76
-92
-147
-179
-198
-251
-303
-377
-410
-457
-527
-602
-640
-625
-593
-510
-462
-346
-251
-141
-46
2
56
37
58
-3
67
24
13
62
43
108
89
102
100
109
152
163
162
71
2
-115
-172
-247
-328
-366
-283
-286
-238
-93
-58
20
116
167
219
284
313
280
323
336
273
310
272
245
288
289
295
345
345
421
423
450
451
428
373
306
219
138
69
-45
-75
-141
-176
-224
-201
-198
-218
-335
-353
-402
-494
-489
-534
-512
-566
-594
-513
-466
-423
-383
-380
-326
-254
-199
-165
-81
-95
-91
-57
-96
-83
-145
-143
-180
-168
-113
-73
5
61
103
151
156
161
170
107
97
125
29
8
-30
-82
-101
-110
-92
-82
-17
-20
70
125
126
194
137
178
121
122
147
143
185
157
207
189
208
243
231
285
279
350
326
304
271
274
252
213
228
191
210
181
209
218
178
176
135
66
56
24
-14
-63
-69
-107
-107
-118
-116
-130
-101
-65
-79
-58
-61
28
-7
14
33
38
78
99
128
154
170
175
196
244
237
251
232
249
271
269
249
187
186
115
1
-83
-142
-186
-246
-314
-331
-366
-379
-381
-401
-400
-388
-358
-316
-296
-321
-319
-340
-376
-337
-358
-380
-358
-331
-299
-282
-261
-217
-226
-185
-186
-179
-159
-208
-198
-249
-269
-320
-357
-336
-394
-368
-392
-342
-290
-303
-320
-364
-374
-363
-397
-427
-417
-425
-369
-315
-271
-187
-172
-144
-83
-68
-32
-41
8
15
10
84
127
158
244
322
330
449
484
543
664
683
692
699
712
715
710
732
760
825
850
889
898
942
962
911
933
920
953
929
898
869
761
758
665
560
539
475
422
416
374
340
289
232
219
105
97
70
30
-44
-90
-92
-219
-266
-329
-386
-389
-400
-433
-422
-441
-465
-485
-546
-551
-591
-675
-722
-758
-797
-816
-874
-905
-893
-907
-840
-846
-824
-752
-733
-751
-758
-781
-785
-761
-783
-742
-698
-620
-565
-512
-435
-356
-307
-183
-109
-26
69
126
179
171
196
222
237
260
304
310
299
357
392
404
378
386
375
362
350
357
373
334
342
295
265
297
262
215
211
167
201
172
168
177
113
158
145
166
155
171
189
196
274
276
350
372
429
507
545
552
604
630
627
637
590
544
496
451
447
435
446
497
511
544
510
464
369
328
249
222
194
182
179
140
112
65
51
-16
-80
-102
-105
-132
-137
-133
-198
-219
-238
-276
-297
-295
-290
-303
-297
-341
-360
-373
-371
-372
-355
-368
-383
-375
-460
-497
-627
-648
-701
-779
-785
-805
-792
-760
-772
-733
-670
-689
-661
-666
-611
-586
-541
-535
-504
-507
-517
-517
-526
-502
-487
-452
-400
-338
-315
-253
-276
-217
-203
-190
-166
-167
-102
-82
-58
-67
-69
-81
-97
-65
-54
-38
19
30
41
60
40
15
29
28
49
64
105
169
145
207
304
385
457
550
626
680
765
795
831
878
892
927
922
933
996
1015
1052
1116
1151
1211
1268
1277
1277
1261
1183
1136
1060
1027
964
937
946
853
792
708
596
482
401
255
178
82
-59
-152
-232
-313
-393
-454
-479
-464
-470
-458
-473
-473
-497
-559
-602
-667
-737
-755
-855
-879
-920
-976
-951
-976
-945
-904
-882
-877
-841
-807
-874
-878
-821
-882
-848
-817
-839
-772
-718
-690
-640
-582
-507
-430
-364
-260
-183
-118
-89
-60
-62
-56
-23
-13
20
38
109
162
186
232
251
292
277
268
313
291
333
285
290
264
252
293
241
278
249
265
302
280
319
309
247
207
159
117
130
87
65
72
70
73
61
82
68
60
79
41
70
117
137
183
210
265
337
401
453
512
508
566
612
580
553
524
505
474
461
422
434
442
390
368
347
252
231
243
151
111
107
99
72
48
22
-23
3
-12
1
18
19
-27
-45
-70
-134
-158
-178
-191
-163
-154
-173
-209
-224
-242
-308
-307
-345
-373
-390
-435
-450
-471
-473
-501
-499
-496
-501
-491
-533
-549
-636
-603
-643
-685
-640
-622
-584
-574
-508
-482
-407
-348
-321
-233
-195
-204
-214
-212
-183
-159
-123
-130
-78
-23
-32
46
90
110
190
225
217
313
349
364
365
396
423
444
513
518
526
476
526
445
372
373
357
331
292
317
329
307
322
315
281
338
281
319
330
314
337
321
362
351
416
465
480
473
483
471
506
512
499
509
529
499
541
520
454
437
386
299
223
186
99
34
-29
-148
-224
-297
-368
-405
-445
-487
-515
-540
-548
-628
-636
-644
-739
-697
-755
-792
-803
-825
-839
-831
-828
-877
-866
-915
-906
-893
-925
-849
-860
-840
-766
-786
-715
-697
-642
-551
-535
-463
-381
-345
-256
-225
-141
-50
7
84
119
167
211
253
270
297
335
387
407
454
517
505
543
550
532
548
565
595
608
682
674
684
684
701
716
716
765
738
785
788
804
831
801
804
753
727
712
684
630
584
555
504
478
372
282
252
151
35
-5
-90
-148
-155
-171
-213
-247
-274
-284
-305
-325
-358
-355
-320
-343
-301
-308
-274
-261
-274
-217
-234
-225
-221
-197
-153
-131
-23
4
53
108
125
157
202
176
210
227
251
233
216
213
126
61
-17
-87
-168
-203
-251
-322
-356
-372
-427
-440
-494
-517
-532
-594
-591
-619
-652
-647
-598
-606
-571
-507
-511
-480
-446
-434
-425
-393
-404
-364
-366
-354
-320
-277
-269
-262
-238
-241
-194
-208
-205
-222
-253
-285
-309
-307
-332
-291
-332
-295
-257
-224
-201
-135
-107
-115
-59
8
36
96
155
212
275
318
376
416
466
537
558
608
616
617
683
650
631
625
619
547
542
554
546
528
473
440
420
386
373
373
354
343
342
327
337
357
330
330
295
402
397
393
440
386
406
382
398
371
420
479
495
525
537
537
493
407
373
329
247
225
172
92
17
11
-102
-137
-210
-298
-365
-486
-512
-592
-656
-772
-867
-943
-1008
-987
-995
-976
-923
-886
-835
-754
-669
-614
-531
-453
-439
-379
-292
-237
-182
-113
-97
-78
-59
-65
-46
-33
-49
-35
-12
-57
-43
-68
-100
-66
-110
-146
-110
-67
-63
-39
-11
3
27
70
125
168
231
276
280
295
317
338
388
401
391
400
388
382
401
379
361
380
353
337
315
267
233
170
90
75
19
-37
-26
-82
-78
-91
-111
-100
-108
-94
-90
-134
-145
-137
-167
-127
-104
-116
-32
-20
-4
-21
-38
-53
-78
-39
-46
4
29
-7
35
50
61
107
91
96
140
156
150
142
132
138
136
132
137
109
134
127
166
227
209
268
297
313
307
285
233
213
171
114
124
72
70
29
-28
-75
-98
-141
-146
-149
-184
-161
-192
-181
-171
-148
-146
-141
-132
-153
-187
-249
-276
-383
-424
-452
-437
-437
-411
-427
-429
-422
-414
-384
-404
-359
-373
-271
-236
-205
-167
-156
-88
-85
-77
-8
-10
6
22
24
44
23
41
4
2
-39
-12
-15
-38
0
13
70
132
169
179
206
194
223
239
262
265
312
335
355
351
349
342
362
389
379
407
417
396
415
394
342
308
272
290
224
234
204
163
156
105
59
11
-56
-92
-115
-175
-206
-253
-253
-245
-235
-193
-179
-181
-178
-194
-201
-199
-184
-171
-242
-254
-309
-386
-390
-477
-520
-527
-515
-511
-521
-543
-541
-562
-582
-562
-575
-546
-523
-508
-453
-432
-362
-287
-234
-157
-100
-37
30
95
156
171
171
233
286
355
333
338
310
291
291
315
374
372
396
353
363
310
279
245
233
201
199
211
210
212
190
181
200
236
305
360
396
444
425
425
442
428
422
426
408
452
468
479
515
494
474
475
450
393
369
298
261
206
122
169
96
119
102
60
77
41
-27
-69
-119
-166
-177
-234
-266
-288
-296
-278
-252
-192
-163
-150
-121
-120
-89
-90
-75
-106
-147
-163
-184
-161
-207
-181
-168
-183
-162
-113
-94
-56
-51
-70
-42
-19
17
30
48
67
65
53
8
-26
-34
-91
-130
-188
-220
-252
-325
-363
-434
-454
-418
-418
-410
-392
-385
-346
-335
-276
-284
-256
-233
-215
-170
-146
-121
-159
-166
-175
-207
-227
-204
-262
-275
-275
-302
-274
-286
-272
-277
-262
-268
-258
-294
-283
-247
-271
-200
-198
-109
-69
-17
32
54
130
149
230
302
364
415
460
515
553
615
663
703
764
799
811
838
825
781
740
694
605
540
430
367
306
264
228
202
219
235
255
239
243
238
214
196
149
143
161
115
127
124
93
103
85
78
84
108
41
12
-20
-45
-71
-139
-191
-245
-246
-297
-304
-335
-391
-392
-467
-499
-544
-585
-616
-642
-656
-625
-587
-566
-510
-468
-414
-406
-321
-331
-329
-259
-314
-290
-307
-305
-277
-241
-246
-257
-271
-248
-238
-226
-178
-180
-152
-91
-89
-67
-22
-22
-18
-24
-11
18
62
84
134
170
203
236
272
315
319
352
395
351
360
351
318
315
261
240
200
148
153
179
179
193
202
225
267
250
258
236
235
218
203
195
159
163
139
122
115
117
72
115
82
40
33
-10
-4
-103
-124
-123
-165
-122
-126
-122
-132
-158
-131
-141
-166
-133
-120
-119
-105
-75
-86
-108
-97
-90
-88
-53
-80
-44
2
-6
-25
-5
3
-5
29
8
6
17
-7
-24
-32
-48
-29
-31
-9
-4
24
27
61
57
99
98
90
155
139
161
180
164
152
147
131
102
132
108
106
127
51
54
-12
-66
-81
-118
-92
-118
-95
-86
-88
-73
-83
-59
-98
-98
-93
-143
-134
-149
-166
-152
-157
-122
-92
-68
-7
25
75
54
67
16
-9
-26
-90
-102
-141
-124
-104
-132
-141
-80
-83
-72
-51
-21
3
26
47
69
71
90
98
114
159
174
211
187
194
196
169
162
163
160
143
136
171
148
145
125
89
75
71
93
74
61
83
93
112
99
139
119
125
113
69
109
106
145
129
130
126
120
167
110
116
67
69
55
2
-1
-16
-46
-102
-112
-180
-185
-207
-233
-242
-254
-236
-237
-223
-205
-207
-180
-178
-177
-158
-141
-123
-126
-108
-106
-143
-147
-167
-161
-167
-181
-119
-100
-108
-93
-98
-106
-80
-62
-50
-48
-50
-25
-45
-67
-86
-119
-87
-99
-77
-72
-45
-37
-94
-106
-127
-95
-59
-43
15
75
124
182
187
163
223
221
239
265
246
276
271
272
281
236
271
251
237
218
160
174
134
102
78
46
13
-14
-69
-44
-54
-61
-71
-76
-110
-114
-105
-132
-135
-126
-148
-181
-174
-170
-199
-187
-156
-170
-118
-45
-42
-12
4
-1
-35
-58
-63
-68
-72
-66
-36
-98
-60
-111
-122
-101
-125
-132
-103
-71
-93
-69
-81
-79
-77
-83
-79
-49
-37
5
48
42
74
78
97
123
95
121
139
123
194
238
229
257
275
259
229
232
193
187
166
145
105
51
26
-18
-67
-47
-82
-100
-76
-72
-64
-98
-88
-128
-122
-128
-168
-169
-180
-154
-171
-119
-87
-25
-7
26
95
115
135
132
121
102
104
97
74
32
-1
-30
-60
-46
-42
-82
-48
-59
-60
-93
-78
-56
-62
-61
-40
-42
-45
-11
-31
21
15
65
86
91
74
93
155
86
131
129
120
154
159
167
152
183
170
134
129
136
135
130
144
69
75
82
27
11
8
-15
29
9
-9
-4
-36
-33
-56
-28
-28
-53
-9
36
-2
25
27
-3
-9
-31
-60
-39
-53
-31
-3
-24
-2
10
-21
-50
-47
-99
-71
-24
-79
-28
-43
-60
-39
-81
-104
-97
-121
-145
-131
-185
-169
-211
-249
-291
-329
-321
-354
-348
-351
-329
-318
-300
-258
-227
-164
-144
-81
-49
-21
17
21
60
85
109
117
165
182
218
224
210
234
197
175
185
125
59
11
-61
-94
-119
-115
-126
-128
-78
-73
-51
-23
-30
-9
4
24
56
60
56
84
61
68
122
148
143
197
240
254
273
281
273
259
246
226
225
242
255
249
278
287
258
275
272
251
248
200
226
187
149
149
118
107
71
56
70
78
101
107
129
111
116
126
122
139
142
130
88
91
35
6
13
-42
-54
-72
-63
-57
-46
-67
-32
-55
-74
-44
-83
-89
-101
-99
-96
-153
-177
-218
-258
-304
-325
-316
-332
-330
-345
-318
-343
-375
-405
-418
-467
-419
-421
-391
-370
-364
-355
-412
-412
-429
-403
-436
-383
-333
-320
-286
-255
-243
-207
-181
-163
-153
-96
-52
-21
-7
-25
-19
12
18
41
70
59
115
129
148
152
161
159
172
179
211
236
227
248
232
235
227
243
229
229
255
302
297
303
345
346
317
325
349
291
287
297
281
270
263
242
209
195
174
133
154
147
139
188
157
157
170
143
148
120
80
57
27
47
53
75
81
97
85
63
70
46
44
43
43
26
-11
-30
-72
-138
-153
-192
-196
-156
-154
-149
-147
-146
-151
-158
-154
-159
-143
-138
-141
-122
-155
-176
-202
-212
-195
-204
-161
-152
-104
-113
-128
-99
-116
-113
-88
-98
-92
-110
-107
-81
-151
-105
-53
-94
-44
-18
-33
-14
-24
-20
-14
5
11
33
70
91
149
148
156
127
121
107
56
19
-5
-3
-34
-63
-68
-82
-101
-90
-129
-165
-111
-110
-101
-102
-99
-93
-101
-86
-113
-79
-103
-119
-79
-108
-66
-62
-75
-65
-73
-33
0
-42
-15
-11
-11
-22
-19
8
-32
-4
-22
-16
-6
-18
27
44
69
92
129
147
144
152
158
173
184
191
213
221
237
264
219
247
211
220
198
204
204
181
182
148
199
172
150
187
187
174
188
187
192
197
183
189
186
177
218
168
166
147
117
59
53
69
73
99
61
61
9
-16
-52
-97
-110
-86
-95
-70
-108
-112
-154
-189
-208
-264
-271
-298
-285
-290
-274
-329
-345
-404
-421
-355
-369
-314
-268
-236
-177
-172
-148
-155
-158
-159
-156
-142
-102
-67
-46
-39
-51
-42
-34
-40
-52
-58
-45
-44
-21
-1
24
22
12
-24
-17
-1
-7
14
27
18
51
17
26
45
21
47
43
57
40
40
48
90
90
128
148
129
150
137
146
118
139
132
129
150
148
194
187
182
151
134
113
93
147
153
170
162
170
126
94
101
19
1
-19
-72
-75
-89
-153
-127
-143
-134
-139
-119
-87
-71
-26
-23
23
7
-6
-7
-38
-9
-12
9
23
-2
42
-8
-5
4
-46
-28
-10
-45
-55
-50
-73
-79
-102
-107
-132
-122
-115
-119
-112
-124
-123
-100
-124
-154
-162
-183
-179
-144
-134
-59
-20
33
73
99
179
193
166
185
211
179
198
211
174
179
163
153
126
141
148
119
138
126
124
138
161
170
191
208
213
202
254
261
243
278
248
254
243
213
206
191
214
209
179
202
167
111
106
29
-16
-15
-76
-113
-126
-167
-190
-190
-217
-198
-241
-224
-220
-209
-173
-152
-165
-133
-119
-149
-135
-131
-117
-149
-160
-133
-140
-145
-141
-159
-223
-237
-284
-358
-380
-422
-458
-506
-484
-473
-441
-448
-420
-403
-381
-384
-406
-377
-355
-332
-280
-277
-262
-233
-244
-213
-202
-168
-135
-80
-68
-49
-4
5
-5
-3
-25
-24
-27
-19
23
44
26
41
68
36
49
35
18
29
46
68
128
206
229
351
365
428
504
508
542
547
554
552
536
545
489
460
470
433
461
486
455
463
475
410
435
360
364
353
282
270
248
232
218
196
153
176
137
105
91
107
56
41
30
23
39
58
