SAMPLES:	12517
BITSPERSAMPLE:	16
CHANNELS:	1
SAMPLERATE:	16000
NORMALIZED:	FALSE
-437
-444
-435
-451
-429
-404
-415
-402
-364
-350
-330
-323
-307
-317
-291
-303
-252
-219
-200
-165
-177
-141
-153
-129
-107
-94
-56
14
50
99
142
185
210
263
272
296
304
310
345
375
423
441
458
490
488
529
560
528
553
578
571
569
587
570
579
547
545
556
527
555
553
538
494
447
404
371
332
313
233
190
227
136
118
90
21
20
-22
-83
-85
-104
-178
-178
-188
-251
-272
-290
-315
-338
-323
-334
-353
-359
-371
-376
-432
-414
-412
-394
-370
-371
-360
-356
-328
-364
-362
-376
-351
-357
-372
-354
-344
-321
-291
-290
-298
-265
-305
-278
-259
-262
-238
-204
-168
-160
-135
-107
-95
-112
-51
-76
-44
-11
-8
-16
6
41
23
45
26
41
70
51
68
55
41
79
80
80
104
109
114
146
136
97
125
126
137
147
126
131
168
174
183
157
154
161
159
160
171
174
129
167
157
185
207
217
243
224
265
265
268
259
264
276
220
243
208
217
220
240
207
203
230
202
218
173
155
135
114
120
104
121
139
145
133
142
128
106
126
80
113
95
123
144
135
141
86
78
34
7
-1
-13
-20
-40
-26
-67
-78
-110
-138
-173
-182
-157
-170
-167
-183
-228
-286
-331
-346
-406
-370
-385
-424
-417
-437
-451
-467
-473
-446
-431
-423
-410
-401
-371
-370
-366
-363
-364
-360
-358
-342
-313
-266
-187
-161
-113
-81
-91
-69
-56
10
46
71
153
140
149
169
157
199
204
212
211
213
252
253
258
284
305
303
306
360
366
383
397
380
380
351
362
331
376
355
333
351
327
313
307
316
288
300
294
249
245
208
187
196
115
89
83
66
36
-22
-63
-42
-65
-87
-97
-130
-154
-180
-226
-265
-281
-332
-341
-358
-375
-397
-393
-393
-419
-437
-444
-445
-460
-393
-434
-413
-386
-406
-365
-355
-344
-304
-317
-275
-219
-235
-188
-192
-187
-160
-137
-65
-28
34
75
121
133
120
139
167
178
183
229
219
267
332
363
391
394
424
474
484
513
494
514
548
534
501
506
472
445
414
374
358
308
311
287
276
271
226
205
180
146
141
123
95
86
96
29
16
-14
-47
-99
-102
-106
-140
-83
-164
-146
-134
-182
-170
-221
-255
-264
-344
-339
-368
-406
-384
-422
-399
-439
-432
-463
-527
-550
-567
-552
-564
-546
-543
-539
-503
-489
-481
-390
-423
-398
-373
-371
-355
-328
-285
-271
-250
-234
-214
-179
-146
-142
-98
-64
-31
8
77
105
119
169
205
205
243
296
293
307
310
309
323
350
330
367
374
415
425
434
422
376
365
330
303
284
266
243
248
273
219
244
258
192
211
200
188
164
151
163
115
113
103
66
48
62
75
62
94
82
76
81
90
106
96
66
93
95
107
117
64
79
51
65
87
113
113
132
135
131
155
128
135
123
130
112
113
105
49
44
0
-6
-10
-32
-34
-35
-61
-69
-90
-126
-128
-149
-147
-152
-142
-143
-148
-117
-93
-106
-107
-129
-99
-87
-61
-19
-32
-34
-48
-60
-37
-64
-80
-108
-110
-98
-99
-97
-99
-70
-77
-87
-80
-129
-101
-113
-134
-141
-181
-201
-242
-267
-255
-274
-266
-257
-285
-251
-255
-230
-227
-224
-195
-170
-177
-143
-115
-117
-100
-74
-75
-38
-6
26
61
41
73
76
83
97
108
115
113
97
100
81
87
63
45
74
44
87
101
93
92
71
75
42
15
23
-56
-58
-61
-61
-45
-48
-62
-26
-23
-33
-9
-16
10
51
46
23
10
-11
26
-12
10
40
76
99
134
153
173
216
184
155
119
89
109
85
49
61
48
97
116
134
192
212
263
304
283
297
283
265
241
213
205
211
194
190
189
183
189
163
174
195
198
188
152
152
115
114
107
58
2
2
-15
-18
15
-1
-9
-18
0
-19
-44
-47
-91
-144
-188
-231
-241
-276
-260
-283
-290
-277
-284
-256
-307
-281
-270
-288
-285
-292
-278
-310
-293
-291
-338
-321
-315
-312
-310
-310
-316
-288
-299
-328
-309
-330
-328
-332
-343
-333
-342
-308
-281
-262
-251
-207
-179
-116
-75
-51
-9
-33
12
9
64
65
88
113
110
130
147
140
100
111
124
122
142
208
214
211
242
212
225
268
271
306
336
334
358
377
397
393
414
388
387
406
410
390
352
399
364
348
350
304
300
319
282
235
255
211
200
230
226
215
206
195
192
149
85
56
36
-34
-64
-100
-115
-133
-156
-166
-193
-196
-224
-224
-260
-268
-262
-291
-300
-280
-271
-283
-266
-259
-264
-265
-260
-291
-277
-295
-305
-306
-307
-318
-324
-300
-314
-317
-367
-321
-299
-259
-182
-179
-94
-42
-9
1
8
49
8
37
29
29
49
78
94
129
161
141
163
181
182
192
226
189
213
228
216
216
250
227
232
251
217
247
236
245
234
201
172
159
114
137
111
115
152
150
189
191
195
179
175
132
110
73
44
48
3
-27
-40
-48
-78
-88
-70
-111
-62
-26
-82
-40
-68
-65
-73
-99
-97
-120
-132
-164
-184
-184
-164
-200
-181
-197
-151
-160
-143
-111
-108
-93
-76
-75
-132
-121
-141
-185
-211
-215
-227
-226
-232
-231
-198
-209
-203
-183
-206
-178
-169
-175
-160
-112
-111
-75
-65
-73
-59
-25
-9
5
2
44
59
76
130
149
143
155
171
167
162
131
135
122
113
129
145
207
209
252
265
269
276
288
284
213
244
226
222
201
184
163
197
213
195
213
203
210
226
234
199
197
156
129
104
73
51
73
41
57
85
78
83
83
47
43
39
29
35
21
12
19
-14
-12
-21
-63
-71
-97
-82
-95
-110
-106
-141
-141
-168
-170
-203
-230
-236
-272
-280
-285
-257
-296
-280
-285
-298
-315
-324
-323
-356
-386
-400
-386
-366
-353
-336
-331
-331
-323
-316
-305
-285
-276
-282
-262
-270
-238
-176
-171
-122
-80
-40
-33
11
8
1
39
38
31
33
25
49
95
109
119
130
119
165
160
209
214
223
246
249
249
246
269
248
244
251
239
215
237
230
224
242
221
227
245
196
208
253
235
229
244
226
221
198
200
188
181
197
202
265
229
246
279
226
218
206
160
189
129
120
158
145
127
114
118
95
117
129
85
70
54
2
-8
-18
-20
-30
-43
-17
-4
32
21
23
-10
-23
-31
-74
-83
-134
-138
-108
-131
-128
-103
-111
-120
-120
-120
-180
-180
-204
-215
-226
-281
-291
-285
-304
-314
-306
-338
-316
-326
-286
-311
-285
-258
-280
-243
-280
-228
-247
-214
-185
-202
-165
-195
-162
-184
-234
-222
-220
-256
-250
-238
-214
-213
-198
-185
-188
-189
-166
-182
-135
-136
-105
-41
-45
13
11
9
6
-4
6
-20
-16
-16
-6
2
12
40
43
84
66
79
128
93
179
179
186
165
173
219
212
241
228
273
260
300
339
347
381
372
409
383
352
357
305
264
265
284
346
325
353
365
339
317
353
366
347
348
361
394
366
419
384
363
335
331
325
307
301
286
269
251
290
256
217
176
178
122
83
72
11
6
-51
-54
-24
-61
-80
-130
-151
-193
-180
-231
-264
-277
-313
-327
-311
-266
-296
-288
-326
-298
-333
-348
-356
-416
-443
-460
-459
-473
-446
-440
-397
-403
-409
-386
-387
-417
-463
-480
-461
-466
-468
-452
-466
-409
-353
-287
-240
-226
-225
-202
-258
-233
-251
-287
-272
-297
-250
-173
-136
-92
-57
-19
-9
21
24
-46
-33
-60
-16
14
38
74
83
129
141
197
229
212
220
228
291
353
394
422
457
455
484
516
493
490
436
402
368
325
353
339
350
379
343
376
424
441
372
366
349
293
261
221
217
185
162
154
183
191
142
108
111
51
16
16
-15
-74
-121
-124
-97
-90
-24
-31
-1
12
26
33
-37
-121
-201
-248
-251
-253
-245
-219
-242
-228
-198
-180
-236
-219
-283
-334
-388
-415
-446
-496
-465
-484
-436
-390
-367
-309
-344
-379
-368
-414
-401
-366
-306
-244
-147
-52
25
115
157
212
209
239
238
205
169
111
133
125
155
164
199
251
264
299
340
317
355
314
274
268
203
226
262
290
412
481
539
672
697
788
751
717
682
642
630
657
667
642
701
724
663
635
568
460
310
87
-16
-161
-375
-425
-510
-737
-984
-1303
-1598
-1801
-2041
-2356
-2459
-2452
-2222
-1899
-1402
-704
-195
228
612
906
996
927
649
271
80
139
266
456
740
1115
1264
1241
1220
933
318
-450
-1308
-2170
-2665
-2882
-3103
-3112
-2615
-1926
-1191
-436
324
875
949
915
896
790
626
527
581
784
1326
2097
2707
3189
3511
3415
3098
2608
1880
923
38
-662
-1124
-1229
-1022
-643
-252
55
453
688
625
451
104
-289
-627
-754
-662
-323
129
519
1062
1642
1939
2022
1828
1479
1038
589
296
107
71
156
353
646
902
988
856
526
-116
-907
-1547
-2185
-2695
-3222
-3879
-4419
-4515
-4281
-4320
-4599
-4445
-3998
-3536
-2874
-1852
-836
-166
562
1304
2071
2729
3053
2854
2479
2549
2843
2962
2904
2933
2999
2683
2312
2104
1585
621
-502
-1525
-2358
-2900
-3241
-3601
-3823
-3576
-2990
-2392
-1708
-929
-449
-204
100
524
834
1021
1297
1585
2046
2705
3495
4019
4184
4121
3984
3548
2844
2055
1033
3
-796
-1279
-1544
-1545
-1412
-1240
-1025
-732
-515
-408
-558
-911
-1165
-1357
-1336
-1143
-905
-386
233
999
1657
2139
2382
2265
1898
1343
932
349
-214
-544
-740
-652
-399
55
343
436
522
505
369
141
-80
-396
-446
-207
273
785
1267
1646
1704
1677
1389
821
-49
-1006
-1893
-2755
-3650
-4596
-5374
-5524
-5467
-5487
-5472
-4971
-4172
-3498
-2599
-1434
-353
468
1223
2004
2632
3275
3591
3373
3159
3268
3576
3584
3498
3600
3442
2862
2150
1468
495
-790
-2113
-3435
-4368
-4817
-5098
-5448
-5354
-4735
-3988
-3244
-2377
-1440
-769
-282
232
860
1441
1846
2358
2946
3598
4330
5052
5614
5732
5673
5517
5110
4388
3446
2504
1396
293
-627
-1094
-1332
-1702
-1882
-1830
-1719
-1534
-1396
-1334
-1425
-1500
-1366
-1134
-759
-209
394
958
1578
2327
2847
3228
3419
3208
2932
2601
2256
1769
1354
1069
910
669
556
603
298
-139
-577
-916
-1334
-1857
-2224
-2433
-2410
-2024
-1487
-794
-438
-99
211
143
-104
-523
-1128
-2078
-2757
-3059
-3357
-4145
-4780
-4701
-4654
-4989
-5267
-5237
-5065
-4916
-4433
-3368
-2213
-1190
-195
713
1591
2518
3100
2789
2403
2542
2713
2632
2724
3169
3360
3142
2821
2784
2586
1829
776
-496
-1603
-2269
-2806
-3415
-3829
-3576
-3143
-2631
-1841
-919
-207
149
466
856
1311
1666
1874
2083
2470
3114
3717
4242
4600
4684
4571
4384
3996
3501
2781
2078
1355
437
-5
-152
-469
-976
-1225
-1130
-1040
-921
-669
-492
-506
-593
-377
-136
121
359
480
662
1110
1716
2134
2356
2473
2395
2149
2012
1759
1358
832
286
-119
-355
-512
-668
-880
-1267
-1467
-1550
-1611
-1591
-1627
-1676
-1427
-1109
-885
-512
-406
-675
-826
-1009
-1286
-1607
-2072
-2288
-2613
-3434
-4135
-4432
-4558
-4842
-5421
-5610
-5154
-4393
-3609
-2530
-1109
-33
971
1863
2632
3217
3508
3170
2517
2412
2755
2990
3041
3360
3913
4049
3803
3552
3109
2089
666
-747
-2100
-3055
-3750
-4417
-4865
-4777
-4285
-3788
-3224
-2501
-1964
-1714
-1449
-1169
-890
-639
-297
30
568
1567
2689
3600
4236
4697
4924
4876
4449
3779
2859
1710
874
351
-25
-63
214
383
502
935
1423
1600
1293
889
640
276
-36
-76
-1
186
572
1232
2023
2846
3497
3742
3628
3298
3048
2518
1682
975
401
-65
-223
-58
160
225
140
53
-109
-285
-664
-1140
-1574
-1807
-1778
-1494
-1114
-723
-493
-407
-337
-379
-608
-1193
-1929
-2673
-3275
-3738
-4157
-4944
-5681
-5776
-5649
-5935
-6095
-5676
-5166
-4666
-3655
-2151
-720
306
1349
2352
3000
3660
3983
3547
3041
3085
3164
3088
3219
3624
3597
3060
2812
2593
1906
652
-644
-1983
-3264
-4150
-4753
-5384
-5827
-5605
-5160
-4671
-3994
-3161
-2588
-2259
-1911
-1374
-732
-50
607
1240
2140
3244
4395
5286
5890
6217
6216
5980
5583
4824
4052
3388
2478
1712
1513
1511
1278
1110
1141
1374
1365
1259
1302
1211
818
301
153
65
-41
-155
-120
155
676
1184
1684
2005
2111
2136
1950
1810
1556
982
496
33
-346
-515
-652
-815
-1154
-1392
-1484
-1552
-1615
-1787
-1852
-1799
-1573
-1217
-855
-395
-161
83
83
-47
-289
-804
-1581
-2257
-2768
-3237
-3717
-4669
-5388
-5506
-5619
-6073
-6351
-6042
-5484
-4816
-3699
-2066
-620
494
1672
2599
3311
4122
4395
3862
3446
3730
4103
4133
4413
4903
4897
4421
4061
3589
2626
1221
-342
-2068
-3400
-4147
-4891
-5762
-6139
-5742
-5422
-5067
-4401
-3648
-3230
-3159
-2871
-2367
-1747
-1164
-640
157
1389
2876
4113
5212
6068
6494
6700
6690
6241
5539
4679
3641
2745
2131
1846
1595
1098
894
922
932
749
523
196
-394
-971
-1510
-1872
-2128
-2370
-2458
-2152
-1533
-750
45
798
1334
1678
1890
2134
2171
2006
1742
1492
1478
1605
1679
1671
1589
1360
1070
893
511
-27
-605
-1058
-1259
-1409
-1283
-1113
-979
-743
-616
-520
-505
-827
-1299
-1832
-2343
-2704
-2905
-3152
-3985
-4900
-4996
-4732
-4958
-5484
-5398
-4795
-4171
-3121
-1484
23
941
1950
2882
3524
4216
4405
3622
2529
2395
2706
2682
2753
3202
3586
3229
3065
3125
2478
1095
-475
-2208
-3868
-4797
-5515
-6588
-7289
-7139
-6642
-6250
-5635
-4818
-4378
-4202
-3921
-3287
-2584
-1996
-1328
-429
895
2500
4112
5530
6544
7284
7855
7985
7761
7161
6318
5160
4018
3288
2818
2286
1834
1597
1500
1495
1519
1552
1150
524
129
-220
-781
-1128
-1381
-1770
-1946
-1474
-568
162
823
1574
2236
2780
3397
3768
3737
3264
2894
2544
2146
1805
1293
672
51
-317
-481
-750
-1251
-1822
-2337
-2615
-2577
-2484
-2415
-2251
-2012
-1803
-1501
-1200
-1010
-1088
-1411
-1641
-1650
-1656
-1876
-2005
-2434
-3394
-4257
-4440
-4485
-5363
-6212
-6057
-5536
-5009
-4039
-2472
-1305
-537
662
1832
2371
2672
2733
2100
1444
1727
2339
2445
2611
3301
3828
3721
3751
3650
2601
1131
-416
-1947
-3365
-4597
-5723
-6843
-7443
-7329
-6899
-6685
-6149
-5272
-4760
-4358
-3569
-2753
-2101
-1466
-629
495
1929
3573
5116
6533
7579
8435
9015
9138
8852
8291
7222
6037
5160
4362
3569
2795
2315
1995
1760
1595
1525
1346
738
120
-430
-1116
-1899
-2485
-2935
-3193
-2932
-2307
-1324
-304
767
1877
2772
3394
3894
3939
3537
3164
2834
2404
1902
1639
1345
857
540
322
-164
-682
-1218
-1800
-2346
-2667
-2826
-2913
-2838
-2582
-2077
-1504
-1124
-721
-403
-345
-567
-1020
-1252
-1624
-2026
-2087
-2268
-3098
-3822
-3703
-3587
-4271
-5038
-4986
-4698
-4669
-4135
-2966
-1998
-1342
-261
814
1460
2209
2649
2118
1614
1758
2042
1833
1794
2206
2377
2096
1928
1856
1109
-35
-1287
-2714
-4149
-5281
-6384
-7593
-8344
-8347
-8104
-7844
-7044
-5930
-5131
-4393
-3484
-2405
-1549
-771
228
1360
2555
4028
5541
6853
8020
8931
9575
9699
9548
9092
8160
6970
5976
5076
4154
3382
2808
2339
1836
1543
1258
768
-16
-697
-1389
-2222
-3019
-3564
-3796
-3896
-3482
-2523
-1294
-32
1280
2557
3558
4285
4748
4996
4770
4387
4104
3732
3314
2884
2633
2180
1714
1368
810
142
-628
-1419
-2098
-2658
-3099
-3408
-3484
-3299
-2842
-2305
-1835
-1354
-1058
-1066
-1237
-1516
-1791
-2199
-2490
-2712
-3018
-3789
-4435
-4262
-4238
-4908
-5599
-5439
-5124
-4984
-4421
-3353
-2492
-1907
-873
98
720
1246
1563
1065
672
1138
1511
1377
1484
2116
2368
2194
2116
2013
1119
-127
-1430
-2902
-4342
-5412
-6357
-7469
-7896
-7548
-7062
-6605
-5620
-4383
-3525
-2911
-2006
-882
-64
807
1816
2915
4212
5649
6936
8085
9084
9801
10085
9983
9591
8872
7899
6698
5458
4428
3581
2683
1866
1148
662
127
-390
-854
-1548
-2327
-2944
-3485
-4174
-4416
-4241
-4145
-3684
-2820
-1636
-384
808
1893
2827
3537
4136
4505
4222
4057
3976
3490
2768
2449
2238
1489
842
514
93
-511
-1089
-1577
-2189
-2846
-3085
-3211
-3418
-3334
-2979
-2671
-2467
-2137
-1728
-1534
-1613
-1639
-1773
-1981
-2002
-2036
-2383
-3431
-4077
-4059
-4192
-4859
-5384
-5235
-4772
-4264
-3294
-1861
-781
-90
833
1555
1983
2331
2250
1378
654
730
906
766
890
1517
1772
1564
1431
1384
650
-727
-2078
-3494
-4761
-5498
-6145
-6928
-7069
-6404
-5595
-4960
-3856
-2493
-1632
-1095
-286
695
1497
2303
3070
3916
4956
6169
7231
8172
8897
9321
9282
8954
8625
7957
6795
5329
4037
3100
2191
1216
464
-62
-593
-1052
-1126
-1184
-1544
-2150
-2675
-2955
-3228
-3331
-3312
-3281
-2935
-2129
-1023
171
1397
2567
3261
3765
4461
4743
4424
4054
3665
3068
2459
2209
2011
1498
949
599
137
-331
-770
-1482
-2352
-3078
-3359
-3627
-3774
-3664
-3382
-3156
-2880
-2273
-1832
-1684
-1740
-1936
-2283
-2384
-2544
-2732
-3252
-4161
-4803
-4881
-4945
-5403
-5880
-5764
-5270
-4766
-3972
-2793
-1870
-1306
-379
391
988
1439
1510
1048
702
1030
1396
1432
1661
2185
2314
2126
2018
1785
849
-378
-1600
-3016
-4151
-4850
-5536
-6405
-6526
-5918
-5398
-4844
-3722
-2438
-1681
-997
82
1168
1900
2766
3725
4437
5370
6739
7845
8566
9192
9671
9737
9505
9178
8416
7024
5671
4498
3320
2163
1274
438
-451
-840
-996
-1092
-1375
-1725
-2024
-2403
-2847
-3053
-3178
-3336
-3380
-3084
-2238
-1130
184
1466
2601
3606
4558
5163
5322
5080
4561
3878
3062
2310
1759
1142
473
-60
-449
-793
-1212
-1692
-2376
-3016
-3531
-3936
-4373
-4550
-4441
-4291
-4078
-3641
-3080
-2691
-2531
-2520
-2482
-2740
-3029
-3103
-3224
-3844
-4590
-4862
-4679
-4764
-5161
-5319
-4982
-4367
-3815
-2822
-1714
-934
-336
353
1134
1706
2044
2015
1600
1408
1772
2163
2112
2221
2574
2482
2150
1941
1574
645
-745
-1926
-3118
-4084
-4730
-5421
-6027
-6090
-5475
-4952
-4355
-3438
-2347
-1645
-1048
36
1127
2000
2779
3545
4511
5640
6717
7580
8256
8682
8866
8788
8432
7915
6901
5505
4248
3146
2011
1075
410
-425
-1191
-1440
-1459
-1652
-1930
-2075
-2289
-2799
-3051
-2913
-3048
-3137
-2880
-2152
-1204
-6
1390
2582
3541
4379
5124
5563
5617
5472
4913
4236
3754
3158
2509
1902
1316
561
-99
-490
-833
-1456
-2288
-2741
-3027
-3435
-3717
-3661
-3530
-3493
-3388
-3015
-2591
-2456
-2420
-2426
-2573
-2770
-2639
-2558
-3080
-4037
-4486
-4269
-4425
-5017
-5339
-5015
-4859
-4506
-3522
-2189
-1352
-652
326
983
1658
2227
2115
1347
993
1286
1340
1103
1389
1873
1684
1462
1845
1645
663
-384
-1434
-2819
-3985
-4665
-5490
-6535
-6892
-6370
-6026
-5570
-4442
-3256
-2618
-1901
-752
175
915
1701
2538
3357
4324
5683
6856
7535
8241
8860
9055
8818
8503
7844
6624
5352
4235
3180
2108
1255
494
-151
-569
-652
-568
-789
-830
-879
-1149
-1456
-1644
-1800
-2121
-2198
-1842
-1149
-228
896
2217
3434
4479
5406
6090
6342
6089
5602
4959
4112
3184
2197
1327
592
-49
-632
-1160
-1631
-2094
-2659
-3268
-3636
-3995
-4475
-4941
-5043
-5060
-4948
-4815
-4441
-4085
-3903
-3663
-3410
-3191
-3154
-3148
-3255
-3945
-4721
-4693
-4640
-5299
-5956
-5726
-5153
-4699
-3833
-2338
-1097
-415
564
1440
1837
2235
2392
1752
1268
1558
1977
1812
1920
2653
2896
2649
2719
2736
1846
562
-583
-2002
-3492
-4586
-5482
-6394
-6815
-6400
-5804
-5314
-4403
-3091
-2197
-1538
-473
503
1191
1875
2777
3695
4546
5689
6755
7590
8221
8725
9130
9020
8550
7929
6961
5856
4753
3609
2560
1698
1105
554
184
41
-141
-269
-453
-620
-809
-1297
-1710
-2002
-2228
-2346
-1999
-1386
-699
292
1469
2915
4057
4873
5528
5793
5528
5016
4460
3655
2567
1445
602
-9
-582
-943
-1206
-1601
-1948
-2244
-2542
-2946
-3580
-4247
-4843
-5373
-5683
-5759
-5728
-5689
-5457
-5042
-4567
-4117
-3714
-3458
-3690
-4322
-4854
-5018
-5356
-6047
-6557
-6283
-5508
-4417
-2912
-1206
334
1732
2938
3762
4100
4117
3518
2335
1467
1299
1339
1054
1335
2104
2454
2554
2804
2779
1915
637
-794
-2564
-4271
-5600
-6751
-7918
-8299
-7657
-6942
-6029
-4605
-2983
-1897
-1148
-115
695
1038
1377
1949
2621
3503
4640
5852
6946
8043
9020
9583
9753
9352
8570
7545
6305
4933
3612
2539
1443
648
323
240
355
309
319
340
201
20
-421
-1110
-1699
-2128
-2398
-2216
-1489
-597
356
1613
3077
4499
5525
6110
6183
5840
5233
4490
3506
2468
1548
549
-159
-432
-554
-720
-934
-1272
-1695
-2094
-2402
-2886
-3767
-4600
-5070
-5529
-5925
-5921
-5774
-5868
-5840
-5317
-4925
-4639
-4354
-4693
-5609
-5871
-5558
-5927
-6696
-6547
-5595
-5027
-4031
-1943
-9
1130
2366
3542
4014
4180
4285
3369
1906
1357
1587
1269
1012
1769
2477
2370
2497
3027
2701
1614
326
-1137
-2846
-4309
-5448
-6763
-7807
-7810
-7281
-6679
-5605
-3978
-2697
-1831
-938
-55
594
841
1109
1499
2114
3211
4460
5652
6807
7936
8782
9314
9438
9009
8172
6958
5615
4366
3406
2600
1685
995
851
1021
1022
992
1014
657
101
-574
-1323
-2041
-2791
-3466
-3762
-3476
-2605
-1377
-72
1264
2787
3965
4904
5656
5736
5230
4569
3918
3155
2442
1926
1529
1136
861
1013
1092
817
322
-216
-925
-1895
-2741
-3581
-4653
-5492
-6054
-6337
-6397
-6411
-6159
-5842
-5686
-5349
-4841
-5016
-5677
-5919
-5713
-5987
-6457
-6305
-5447
-4601
-3489
-1642
432
1937
3457
4788
5324
5540
5545
4822
3199
2156
1888
1337
717
1139
1820
1801
1851
2391
2358
1370
311
-923
-2673
-4290
-5337
-6519
-7792
-8214
-7734
-7196
-6489
-5049
-3517
-2696
-1889
-763
35
249
494
761
983
1604
2630
3844
4831
6100
7377
8171
8716
8916
8447
7514
6409
5153
4010
3018
2134
1427
1169
1276
1600
1856
1959
2075
1834
1087
276
-582
-1553
-2545
-3235
-3295
-2762
-1923
-794
659
2094
3429
4551
5254
5390
5174
4510
3703
2770
2069
1659
1267
1135
1346
1767
1978
2093
1995
1623
945
91
-992
-2156
-3238
-4300
-5056
-5566
-5838
-5894
-6073
-5968
-5766
-5673
-5635
-5952
-6617
-7123
-6908
-6990
-7453
-7260
-6273
-5383
-4248
-2385
-284
1295
2530
3888
4696
4915
5109
4680
3328
2295
2176
1927
1342
1482
2118
2135
1815
2211
2303
1368
214
-859
-2474
-4049
-4990
-6033
-7165
-7608
-7188
-6812
-6274
-5017
-3791
-3175
-2630
-1638
-954
-608
-146
345
615
1316
2510
3483
4429
5635
6850
7611
8094
8517
8471
7750
6903
6044
5137
4307
3584
2957
2519
2428
2511
2467
2320
2186
1828
1155
237
-491
-1227
-2099
-2732
-2758
-2345
-1670
-698
314
1397
2371
3203
3723
3746
3551
3256
2698
2168
1746
1525
1258
1222
1559
1908
2216
2296
2236
1832
1231
511
-409
-1473
-2673
-3727
-4532
-5202
-5729
-6040
-6186
-6344
-6382
-6285
-6556
-7149
-7557
-7626
-7805
-8380
-8426
-7567
-6614
-5574
-3786
-1550
370
2081
3806
5144
5803
6089
5919
5071
4165
3722
3262
2415
2197
2543
2558
2396
2528
2670
1953
923
-106
-1500
-3132
-4594
-5901
-7113
-7787
-7725
-7443
-6845
-5744
-4419
-3432
-2656
-1611
-849
-559
-331
47
402
893
1771
2854
3811
4956
6125
7039
7748
8282
8349
7830
7147
6281
5383
4342
3458
2664
2098
1787
1714
1835
1860
1789
1608
1391
927
319
-393
-1016
-1647
-2123
-2097
-1783
-1239
-535
212
1073
2099
2834
3224
3416
3385
3031
2544
2290
2082
1946
1831
1891
2256
2686
3025
3311
3335
2905
2344
1767
681
-504
-1640
-2868
-4090
-4987
-5401
-5674
-6144
-6182
-6148
-6696
-7166
-7027
-7106
-8008
-8714
-8534
-8163
-7632
-6572
-4854
-3114
-1341
973
2842
4154
5338
5954
5442
4777
4611
4245
3057
2390
2490
2383
2061
2138
2305
1821
1016
373
-646
-2121
-3438
-4827
-6555
-7629
-7897
-8139
-8255
-7675
-6468
-5428
-4515
-3219
-1961
-1463
-1113
-689
-269
10
521
1244
1956
2992
4203
5478
6490
7423
8100
8259
8133
8040
7562
6617
5739
5022
4243
3369
2954
2694
2218
1820
1861
1741
1277
865
590
173
-332
-566
-673
-741
-636
-323
86
591
1197
1601
1865
2292
2782
2965
3100
3294
3258
3166
3151
3096
3038
2913
2811
2759
2557
2413
2266
1791
1006
179
-769
-1779
-2882
-3970
-4969
-5747
-6245
-6640
-6899
-7251
-7628
-7796
-7511
-7670
-8064
-8156
-7865
-7496
-6980
-5924
-4339
-3019
-1551
247
1907
3238
4271
4799
4706
4537
4443
4092
3428
3079
2821
2320
2065
2082
1771
1198
475
-410
-1606
-2700
-3720
-5043
-6342
-7016
-7352
-7602
-7479
-6685
-5755
-5157
-4275
-3093
-2149
-1628
-1090
-562
-171
388
1078
1765
2451
3306
4194
4980
5795
6650
7198
7392
7461
7406
7161
6633
6031
5498
4842
4020
3478
3065
2628
2182
1755
1389
1025
713
521
321
-68
-133
-191
-349
-291
-78
90
99
247
655
966
1126
1482
1898
2194
2479
2821
3295
3495
3454
3369
3254
3192
2857
2338
2004
1515
778
32
-651
-1291
-2080
-3010
-3709
-4174
-4586
-4939
-5618
-6470
-6868
-6898
-7262
-7799
-7956
-7560
-7056
-6545
-5442
-3995
-2820
-1704
-226
940
1836
2707
3134
2947
2989
3315
3249
2832
2876
3167
2959
2630
2834
2842
2142
1339
574
-608
-1994
-3062
-4260
-5644
-6536
-6761
-6941
-7039
-6493
-5552
-5075
-4622
-3700
-2835
-2654
-2456
-2053
-1814
-1526
-860
171
992
1779
3023
4137
4823
5553
6221
6394
6152
6117
6109
5713
5375
5282
4963
4517
4373
4446
3999
3475
3312
2970
2233
1646
1494
1089
452
266
342
198
128
289
390
274
373
604
398
205
538
755
623
838
1519
1953
2168
2785
3329
3525
3672
3804
3520
3003
2540
1896
814
-250
-935
-1839
-2819
-3361
-3627
-4121
-4511
-4660
-5320
-6038
-6018
-6225
-7111
-7879
-7633
-7226
-7128
-6226
-4660
-3424
-2338
-643
861
1774
2536
2961
2582
2095
2307
2314
1532
1311
1924
1885
1702
2276
2546
2037
1327
837
-136
-1423
-2401
-3482
-4966
-5844
-5865
-5989
-6096
-5468
-4443
-3956
-3431
-2444
-1674
-1533
-1447
-1424
-1635
-1507
-1238
-975
-590
184
1053
1976
2970
4049
4900
5250
5489
5645
5489
5185
4731
4452
4148
4002
4131
4329
4557
4721
4938
5095
4965
4672
4345
3810
3061
2506
2176
1748
1331
1025
1044
1011
939
888
625
278
47
-209
-357
-583
-786
-901
-943
-608
-141
390
800
1199
1719
2095
2162
2069
1743
1092
186
-709
-1534
-2403
-3298
-3870
-4210
-4515
-4881
-5209
-5471
-5392
-5304
-5802
-6374
-6329
-5899
-5791
-5407
-4441
-3290
-2211
-1058
354
1506
2323
2754
2680
2472
2427
2341
1730
1308
1309
1220
1180
1227
1298
1234
736
151
-553
-1371
-2282
-3357
-4440
-5076
-5291
-5433
-5244
-4810
-3967
-3361
-2882
-2149
-1732
-1503
-1464
-1569
-1581
-1400
-1191
-1003
-616
-12
688
1361
2120
2846
3410
3731
4068
4317
4293
4169
4100
3996
3849
3916
4143
4197
4329
4593
4814
4867
4909
4981
4744
4242
3943
3688
3256
2802
2408
2132
1733
1617
1514
1346
1084
687
290
-41
-258
-595
-912
-1028
-984
-899
-631
-159
235
578
799
1131
1410
1405
1372
881
296
-236
-868
-1631
-2266
-2898
-3531
-4095
-4664
-5096
-5110
-5061
-5490
-5829
-5723
-5312
-5040
-4618
-3869
-3126
-2383
-1301
-199
557
1131
1705
1847
1785
2086
2507
2282
1915
2105
2209
1879
1631
1547
955
259
-297
-982
-1860
-2677
-3436
-4382
-5082
-5188
-5133
-5267
-5153
-4480
-4004
-3609
-2941
-2319
-2120
-1992
-1752
-1622
-1429
-1240
-1016
-671
-171
522
1299
1913
2550
2982
3339
3618
3774
3826
3739
3604
3417
3426
3531
3503
3639
3749
3945
4153
4258
4432
4315
4063
3985
3934
3657
3541
3544
3302
3026
2900
2961
2689
2408
2085
1625
1128
773
419
-70
-535
-792
-1090
-1292
-1145
-967
-932
-895
-578
-352
-159
-21
-71
-249
-458
-600
-958
-1324
-1617
-2006
-2415
-2593
-2874
-3579
-4142
-4197
-4320
-5027
-5348
-5021
-4692
-4416
-3662
-2614
-1718
-810
296
1136
1658
2276
2661
2267
1951
2245
2237
1654
1587
2048
2003
1723
1769
1734
1059
343
-231
-1210
-2506
-3317
-3946
-5029
-5630
-5532
-5415
-5445
-4970
-4033
-3517
-3247
-2613
-2002
-1921
-1938
-1746
-1647
-1552
-1104
-546
-234
125
951
1772
2193
2596
2977
3032
2773
2730
2788
2349
1867
1854
1846
1831
2170
2660
2995
3147
3558
3904
3911
3753
3711
3428
3020
2858
2854
2804
2652
2754
3014
3056
3183
3368
3164
2681
2149
1806
1229
469
-136
-620
-990
-1220
-1209
-1042
-1034
-919
-599
-418
-281
15
-39
-292
-560
-634
-862
-1289
-1465
-1638
-1782
-1830
-1741
-2044
-2520
-2632
-2648
-3105
-3803
-3856
-3736
-3840
-3409
-2597
-1683
-836
386
1377
2047
2701
3027
2810
2370
2200
2069
1589
1274
1380
1398
1286
1337
1222
947
456
-237
-1178
-2409
-3409
-4544
-5770
-6680
-6974
-7133
-7184
-6750
-5894
-5026
-4424
-3692
-3023
-2763
-2697
-2592
-2618
-2628
-2225
-1778
-1277
-548
459
1510
2398
3215
4040
4389
4434
4530
4281
3876
3360
3100
2850
2683
2872
3199
3528
3765
4084
4430
4453
4246
3954
3573
3093
2633
2305
2068
1936
2101
2294
2691
3139
3405
3547
3377
3342
3042
2383
1577
824
221
-415
-862
-1086
-1163
-1070
-930
-638
-202
7
87
3
-231
-486
-812
-1181
-1738
-2211
-2352
-2370
-2337
-2104
-1839
-1948
-2349
-2439
-2153
-2570
-3583
-4051
-3980
-4006
-3945
-3228
-2240
-1499
-535
744
1773
2570
3111
3122
2547
2252
2313
1803
1036
875
1069
976
832
1147
1270
802
224
-419
-1308
-2336
-3381
-4778
-6155
-6817
-7035
-7373
-7495
-6985
-6238
-5624
-5037
-4166
-3462
-3167
-2943
-2654
-2390
-2135
-1712
-1283
-735
66
1084
2201
3122
4110
5000
5423
5617
5783
5795
5423
4920
4489
4262
4034
3853
3881
3858
3797
3962
3991
3770
3404
3034
2418
1698
1192
885
539
345
519
899
1295
1789
2277
2494
2674
2665
2524
2142
1659
1086
616
208
-146
-289
-275
-176
42
306
507
717
672
510
224
-47
-462
-841
-1337
-1662
-1856
-2010
-1980
-1757
-1483
-1624
-1916
-2118
-2022
-2411
-3148
-3692
-3888
-3859
-3769
-3247
-2302
-1388
-286
890
1857
2565
3125
3169
2440
1848
1645
1227
437
98
260
173
84
377
552
375
-105
-554
-1404
-2418
-3431
-4652
-6020
-7082
-7593
-8046
-8355
-8104
-7491
-6937
-6264
-5273
-4411
-3870
-3270
-2798
-2498
-2059
-1484
-908
-437
371
1352
2399
3547
4759
5753
6439
7218
7582
7650
7508
7229
6594
5810
5258
4891
4471
4038
3754
3557
3321
3001
2652
2198
1586
839
257
-313
-670
-769
-927
-911
-574
113
629
1137
1638
2076
2339
2228
2285
2226
1874
1495
1286
1139
1095
1052
1033
1056
948
897
745
496
224
-133
-408
-710
-957
-1242
-1400
-1447
-1556
-1567
-1455
-1249
-1299
-1708
-2240
-2442
-2593
-3124
-3971
-4283
-4059
-3784
-3248
-2306
-1252
-281
564
1333
2070
2421
2427
1858
996
588
323
-154
-585
-593
-402
-287
-154
147
389
-9
-708
-1418
-2251
-3207
-4418
-5755
-6939
-7642
-7964
-8179
-8189
-7667
-6900
-6179
-5413
-4485
-3441
-2792
-2352
-1763
-1045
-456
24
764
1599
2518
3549
4695
5793
6689
7587
8250
8543
8727
8688
8186
7459
6703
6076
5277
4391
3745
3212
2630
2209
1816
1366
807
213
-461
-1173
-1671
-2111
-2517
-2752
-2722
-2440
-1979
-1413
-741
-119
586
1215
1746
2114
2440
2524
2448
2339
2140
1876
1546
1209
823
566
457
303
156
-13
-161
-247
-284
-540
-782
-801
-1041
-1253
-1379
-1440
-1620
-1682
-1704
-1659
-1623
-1759
-1986
-2055
-1828
-1931
-2297
-2437
-2269
-2208
-2156
-1781
-1225
-818
-416
160
521
746
975
916
481
203
54
-256
-792
-1040
-967
-1291
-1559
-1559
-1740
-2087
-2343
-2846
-3655
-4170
-4729
-5598
-6363
-6758
-6892
-7244
-7243
-6719
-6063
-5376
-4368
-3149
-2039
-902
375
1254
1968
2959
3850
4290
4771
5606
6202
6619
7156
7735
8162
8224
8379
8421
8037
7463
6859
6042
5029
4132
3283
2327
1410
750
192
-407
-1041
-1417
-1775
-2151
-2386
-2556
-2675
-2616
-2401
-2165
-1789
-1209
-585
-10
572
1225
1965
2430
2659
2888
3061
2928
2757
2611
2326
1963
1599
1398
1138
961
862
712
544
371
209
-14
-354
-654
-988
-1408
-1808
-2004
-2156
-2316
-2275
-2222
-1997
-2017
-2183
-2210
-2215
-2377
-2961
-3608
-3858
-3875
-4123
-4167
-3834
-3279
-2880
-2221
-1327
-770
-332
26
-67
-499
-542
-765
-1466
-2089
-2176
-2416
-2861
-2966
-2738
-2654
-2915
-2983
-3027
-3417
-3955
-4500
-5247
-6044
-6293
-6446
-6630
-6253
-5366
-4243
-3150
-1651
-8
1337
2486
3726
4727
5408
6046
6444
6534
6708
7075
7322
7515
7791
8041
8227
8298
8238
8014
7568
6761
5724
4700
3556
2345
1236
227
-690
-1416
-1775
-2007
-2338
-2573
-2604
-2538
-2565
-2523
-2417
-2292
-2169
-1847
-1342
-843
-271
458
1156
1854
2691
3385
3740
3897
4047
4024
3732
3364
2969
2598
2137
1760
1579
1275
979
718
376
-115
-538
-846
-1392
-1988
-2275
-2439
-2634
-2761
-2699
-2540
-2419
-2150
-1770
-1568
-1338
-1338
-1558
-2071
-2507
-2734
-3231
-4108
-4698
-4722
-4715
-4652
-4245
-3500
-2980
-2409
-1690
-1050
-775
-918
-1200
-1825
-2451
-2794
-3167
-3634
-3981
-3798
-3529
-3389
-3048
-2578
-2438
-2497
-2534
-2568
-2590
-2846
-3245
-3449
-3311
-3031
-2617
-2091
-1232
-145
885
1967
3109
4088
4869
5316
5742
6092
6273
6223
6026
6007
5975
5954
5991
5999
6021
5956
5720
5489
5152
4565
3923
3088
2278
1491
736
-43
-818
-1203
-1506
-1643
-1635
-1592
-1439
-1121
-779
-472
-263
5
287
525
831
1219
1567
1827
2211
2614
3097
3477
3700
3987
4095
4060
3976
3774
3392
2786
2160
1492
856
148
-488
-979
-1421
-1789
-2068
-2246
-2414
-2608
-2742
-2907
-3062
-3053
-3184
-3401
-3417
-3339
-3309
-3317
-3168
-2962
-3082
-3287
-3409
-3459
-3700
-4195
-4762
-5098
-5147
-5188
-5105
-4711
-4074
-3494
-2905
-2164
-1523
-1138
-1097
-1396
-1769
-2069
-2566
-3143
-3561
-3708
-3587
-3332
-2763
-2009
-1233
-487
141
666
991
1149
1013
688
399
252
175
198
475
948
1674
2531
3495
4271
4993
5642
5981
5998
5887
5760
5385
4904
4376
4200
4180
4023
3909
3917
3957
3948
3875
3678
3461
2963
2348
1616
896
328
-337
-880
-1192
-1209
-1046
-844
-575
-48
210
362
685
862
1059
1118
1205
1386
1512
1852
1976
2180
2525
2776
2874
2955
3016
2792
2386
1930
1510
830
196
-410
-1063
-1628
-2093
-2444
-2725
-3126
-3378
-3612
-3849
-3938
-4000
-4056
-3949
-3818
-3665
-3491
-3323
-3006
-2803
-2589
-2356
-2087
-1862
-1748
-1859
-2097
-2458
-2842
-3139
-3580
-4005
-4222
-4208
-4141
-3931
-3552
-3068
-2606
-2309
-1910
-1676
-1735
-1843
-2154
-2519
-2764
-2830
-2849
-2583
-2095
-1434
-744
-41
935
1697
2212
2532
2726
2804
2648
2376
2049
1764
1560
1317
1329
1575
1923
2141
2422
3019
3543
3748
3805
4044
4031
3745
3586
3291
3019
2697
2327
2152
2127
2277
2312
2335
2558
2801
2959
2901
2876
2877
2736
2443
2153
1931
1701
1471
1342
1236
1197
1334
1632
1798
2040
2302
2417
2503
2602
2618
2445
2193
1880
1466
1032
873
590
178
-53
-173
-372
-645
-820
-1059
-1437
-2014
-2500
-2905
-3267
-3730
-4200
-4459
-4672
-4670
-4545
-4383
-4193
-3843
-3599
-3329
-3115
-2899
-2791
-2908
-2891
-2826
-2688
-2696
-2694
-2703
-2837
-2889
-3018
-3178
-3387
-3589
-3813
-4035
-3938
-3720
-3504
-3158
-2711
-2115
-1561
-1073
-668
-441
-352
-384
-430
-562
-698
-776
-736
-590
-313
115
709
1276
1758
2377
2774
2994
2950
2794
2504
2108
1787
1442
1261
1232
1169
1362
1886
2514
2992
3391
3875
4298
4369
4357
4334
3930
3484
3013
2641
2423
2317
2274
2333
2671
3197
3638
3980
4252
4445
4434
4124
3680
3117
2505
1813
1150
673
465
401
432
587
996
1335
1574
1751
1823
1649
1231
738
154
-499
-1130
-1690
-2092
-2330
-2336
-2237
-2077
-1885
-1629
-1464
-1541
-1678
-1996
-2330
-2918
-3485
-3906
-4255
-4479
-4644
-4510
-4294
-3942
-3566
-3134
-2785
-2400
-2038
-1878
-1807
-1780
-1689
-1848
-1893
-1883
-1843
-1808
-1818
-1758
-1814
-1769
-1874
-1974
-2095
-2247
-2300
-2354
-2372
-2312
-2231
-2081
-1899
-1662
-1486
-1368
-1306
-1335
-1306
-1354
-1394
-1403
-1240
-951
-625
-128
430
1019
1517
1981
2432
2693
2829
2932
2946
2771
2621
2652
2439
2344
2406
2437
2568
2641
2853
2901
2956
3104
2968
2872
2764
2655
2595
2481
2454
2613
2699
2867
3093
3348
3578
3759
3985
4078
4110
4090
4023
3797
3644
3491
3228
3064
2817
2613
2360
2100
1819
1445
1034
589
180
-259
-693
-1064
-1441
-1798
-2017
-2242
-2402
-2530
-2666
-2736
-2756
-2788
-2756
-2749
-2800
-2851
-2943
-2974
-2903
-2951
-3018
-3011
-2905
-2860
-2836
-2741
-2604
-2553
-2521
-2387
-2383
-2402
-2539
-2675
-2822
-3107
-3250
-3393
-3454
-3438
-3231
-2927
-2610
-2167
-1709
-1300
-1012
-679
-400
-450
-604
-643
-830
-1001
-1214
-1168
-1152
-1183
-882
-551
-319
-175
102
213
140
81
69
-81
-361
-379
-398
-430
-248
122
486
832
1350
1861
2224
2495
2802
2930
2872
2944
2998
2953
2981
3130
3349
3527
3791
4157
4437
4661
4820
4991
4968
4754
4594
4265
3827
3400
2987
2615
2291
2125
2032
1884
1914
2050
2094
1998
1873
1714
1357
949
420
-162
-753
-1267
-1628
-1880
-2077
-2090
-1992
-1948
-1762
-1536
-1366
-1348
-1469
-1523
-1692
-1977
-2251
-2566
-2806
-3053
-3067
-3088
-3059
-3010
-2979
-2842
-2805
-2720
-2580
-2501
-2532
-2618
-2638
-2713
-2785
-2824
-2839
-2750
-2533
-2255
-1906
-1533
-1169
-710
-363
15
376
647
841
857
855
756
526
236
15
-197
-433
-556
-602
-613
-633
-618
-547
-559
-640
-745
-880
-1033
-1179
-1259
-1422
-1475
-1375
-1171
-895
-562
-131
240
550
938
1286
1453
1515
1566
1512
1544
1630
1750
1867
2108
2467
2803
3208
3614
3987
4150
4222
4258
4187
3918
3747
3512
3226
3041
2922
2917
2906
2840
2805
2791
2640
2429
2313
1969
1537
1294
957
552
237
-9
-272
-494
-593
-664
-789
-825
-924
-1123
-1286
-1355
-1506
-1626
-1658
-1650
-1652
-1625
-1602
-1602
-1624
-1721
-1884
-2111
-2266
-2502
-2776
-3136
-3454
-3615
-3865
-3988
-4000
-4055
-4005
-3842
-3646
-3392
-3043
-2683
-2313
-1990
-1602
-1210
-882
-487
-12
371
675
1004
1345
1510
1643
1763
1694
1519
1387
1135
829
539
216
-87
-514
-749
-1001
-1320
-1514
-1770
-1957
-2079
-2182
-2213
-2107
-1903
-1698
-1354
-937
-493
-76
459
880
1204
1535
1727
1919
2055
2156
2164
2221
2419
2651
2858
3016
3132
3306
3471
3494
3461
3485
3400
3251
3215
3194
3206
3203
3191
3218
3245
3309
3380
3361
3264
3206
2979
2723
2408
2102
1749
1308
952
621
377
159
-53
-193
-358
-474
-588
-763
-1041
-1354
-1564
-1867
-1949
-2042
-2266
-2324
-2313
-2348
-2392
-2316
-2342
-2475
-2690
-2828
-2959
-3170
-3360
-3590
-3771
-3902
-3873
-3748
-3682
-3553
-3379
-3223
-2971
-2736
-2557
-2489
-2330
-2153
-1969
-1741
-1587
-1410
-1241
-990
-684
-483
-271
-43
103
278
390
477
532
489
354
356
372
317
411
404
415
527
618
668
629
520
406
245
162
97
-101
-274
-264
-290
-321
-243
-72
52
188
403
612
831
918
1120
1175
1206
1338
1485
1706
1797
1973
2104
2208
2396
2575
2795
2942
3136
3276
3412
3512
3620
3631
3535
3420
3386
3237
2941
2787
2526
2220
1884
1619
1318
1037
795
510
327
-10
-195
-451
-769
-1023
-1255
-1460
-1740
-1739
-1691
-1705
-1610
-1471
-1284
-1015
-805
-643
-564
-500
-461
-576
-723
-882
-1060
-1308
-1550
-1706
-1784
-1834
-1948
-1930
-1940
-1881
-1848
-1914
-2014
-2097
-2190
-2434
-2502
-2553
-2597
-2516
-2358
-2067
-1747
-1450
-981
-676
-401
-102
42
77
106
145
80
93
133
136
199
259
396
522
550
656
655
567
450
293
65
-223
-584
-876
-1231
-1527
-1654
-1726
-1787
-1731
-1564
-1439
-1319
-1111
-1005
-920
-765
-597
-429
-322
-50
190
450
759
1220
1745
2240
2675
3151
3561
3788
4043
4182
4141
4123
4144
4009
3867
3739
3569
3413
3227
3144
3010
2833
2611
2406
2170
1787
1427
1100
694
234
-106
-350
-545
-761
-884
-800
-715
-646
-545
-501
-422
-344
-313
-358
-451
-398
-340
-476
-488
-427
-461
-553
-606
-696
-878
-1100
-1333
-1624
-1996
-2307
-2643
-2937
-3247
-3490
-3583
-3717
-3777
-3778
-3730
-3613
-3425
-3187
-2913
-2606
-2401
-2158
-1944
-1751
-1554
-1396
-1246
-994
-766
-538
-290
-37
242
408
598
767
926
971
930
851
731
588
461
278
129
8
-101
-68
-11
45
83
111
194
226
312
353
437
632
753
945
1195
1460
1724
1966
2191
2425
2610
2706
2895
3006
3057
3159
3162
3215
3279
3259
3257
3232
3156
3101
2958
2693
2429
2130
1762
1453
1157
863
552
368
223
47
32
-56
-133
-160
-329
-389
-561
-766
-909
-1117
-1283
-1360
-1383
-1387
-1237
-1062
-941
-867
-647
-573
-567
-637
-767
-912
-1154
-1344
-1536
-1711
-1870
-1934
-1963
-1970
-1885
-1878
-1958
-1995
-2100
-2239
-2380
-2602
-2778
-2947
-3033
-3044
-2953
-2780
-2549
-2238
-1851
-1431
-1087
-751
-500
-312
-206
-171
-112
-167
-249
-212
-97
-34
166
329
447
662
727
759
749
650
444
143
-134
-374
-654
-851
-970
-968
-993
-896
-683
-470
-249
-43
187
357
515
687
820
1019
1197
1414
1680
1902
2262
2569
2890
3215
3439
3563
3626
3630
3528
3347
3072
2791
2524
2197
1935
1721
1490
1345
1201
1077
997
895
825
736
734
665
588
623
575
579
647
671
789
975
1099
1266
1408
1506
1528
1474
1336
1164
955
624
321
79
-194
-423
-613
-813
-979
-1069
-1210
-1362
-1468
-1563
-1709
-1872
-2022
-2197
-2380
-2509
-2657
-2729
-2738
-2718
-2695
-2759
-2678
-2580
-2562
-2587
-2598
-2726
-2796
-2875
-2964
-3000
-3019
-2819
-2722
-2550
-2345
-2050
-1780
-1572
-1385
-1259
-1117
-1082
-1054
-1030
-1052
-1065
-990
-921
-856
-707
-498
-387
-236
-166
-65
-49
-14
17
-5
103
148
268
476
642
961
1271
1611
2045
2351
2706
3035
3243
3415
3596
3706
3826
3847
3925
3987
4012
4043
4005
4020
3871
3735
3515
3285
2919
2466
2062
1670
1292
935
642
357
235
166
102
106
183
265
330
392
467
539
497
439
426
408
389
365
369
336
303
298
278
186
33
-200
-463
-772
-1075
-1367
-1741
-2053
-2305
-2500
-2608
-2651
-2631
-2583
-2489
-2355
-2237
-2162
-2121
-2092
-2168
-2176
-2190
-2114
-2081
-1970
-1747
-1536
-1357
-1216
-1061
-1020
-1052
-1077
-1176
-1310
-1401
-1518
-1612
-1676
-1698
-1620
-1564
-1462
-1281
-1066
-870
-788
-589
-527
-492
-515
-509
-535
-590
-565
-610
-542
-515
-390
-167
-75
194
317
383
554
655
757
900
969
1103
1323
1428
1650
1900
2049
2205
2387
2517
2541
2596
2507
2429
2392
2305
2307
2237
2214
2233
2202
2232
2145
2045
1890
1588
1292
982
655
344
169
-61
-113
-58
85
327
574
876
1122
1325
1481
1546
1464
1368
1229
1107
943
836
794
720
710
772
799
916
940
868
777
581
416
90
-324
-673
-1017
-1302
-1539
-1602
-1581
-1579
-1486
-1349
-1261
-1135
-1069
-1064
-1176
-1274
-1390
-1625
-1814
-1994
-2069
-2202
-2130
-2043
-2044
-1902
-1933
-1871
-1920
-2043
-2127
-2357
-2538
-2717
-2852
-2971
-3008
-2961
-2882
-2755
-2531
-2330
-2244
-1978
-1838
-1715
-1593
-1503
-1409
-1345
-1254
-1173
-1012
-872
-772
-584
-343
-124
156
438
641
850
1154
1354
1612
1901
2122
2431
2620
2853
3084
3149
3255
3406
3468
3489
3518
3552
3496
3365
3257
3110
2915
2736
2667
2451
2311
2215
2104
1939
1733
1627
1429
1244
1087
992
832
714
664
577
550
547
565
596
688
801
923
1015
1041
1097
1052
940
826
680
450
233
-7
-257
-458
-752
-1010
-1169
-1382
-1581
-1667
-1768
-1859
-1880
-1974
-2086
-2125
-2187
-2301
-2387
-2372
-2367
-2399
-2300
-2206
-2107
-1961
-1830
-1761
-1666
-1582
-1517
-1524
-1582
-1599
-1655
-1772
-1938
-2042
-2025
-2095
-2071
-1920
-1807
-1717
-1602
-1486
-1410
-1345
-1291
-1246
-1204
-1143
-1012
-942
-849
-717
-555
-367
-228
-4
238
397
543
721
793
977
1139
1293
1511
1691
1918
2132
2307
2471
2604
2668
2702
2730
2752
2784
2749
2769
2795
2731
2717
2674
2559
2411
2209
1932
1686
1424
1151
937
736
562
482
368
292
274
232
223
243
207
158
96
13
6
-42
-4
31
120
253
449
639
825
988
1123
1223
1221
1224
1098
922
711
443
191
-17
-209
-419
-542
-669
-759
-882
-940
-973
-1130
-1260
-1319
-1468
-1692
-1809
-1970
-2119
-2203
-2185
-2130
-1979
-1840
-1619
-1510
-1372
-1207
-1217
-1181
-1209
-1300
-1353
-1492
-1618
-1671
-1773
-1788
-1873
-1883
-1910
-1875
-1851
-1854
-1820
-1823
-1811
-1863
-1819
-1826
-1835
-1759
-1673
-1516
-1353
-1095
-818
-566
-293
-39
239
529
806
1056
1266
1469
1668
1814
1887
1974
2051
2070
2109
2196
2183
2198
2223
2174
2155
2103
2087
2048
1963
1893
1817
1753
1664
1612
1514
1462
1470
1412
1401
1455
1453
1427
1459
1397
1406
1397
1372
1420
1401
1404
1430
1381
1395
1411
1399
1337
1273
1223
1105
1014
915
828
675
581
516
398
293
196
73
-100
-264
-461
-633
-778
-938
-1112
-1261
-1410
-1517
-1578
-1668
-1699
-1737
-1785
-1834
-1874
-1968
-2064
-2107
-2247
-2317
-2348
-2353
-2330
-2292
-2195
-2157
-2025
-1937
-1889
-1754
-1716
-1795
-1744
-1752
-1824
-1793
-1837
-1862
-1840
-1793
-1687
-1576
-1458
-1349
-1224
-1102
-1004
-810
-724
-639
-484
-349
-173
-100
136
325
407
635
845
1010
1185
1358
1486
1609
1674
1670
1653
1627
1584
1521
1423
1392
1410
1372
1404
1395
1374
1395
1401
1384
1347
1254
1128
1016
971
924
915
895
936
952
989
1085
1148
1216
1227
1283
1261
1234
1290
1293
1219
1202
1223
1261
1387
1441
1482
1564
1608
1569
1597
1447
1282
1121
914
717
432
272
60
-139
-272
-424
-491
-544
-572
-613
-680
-676
-766
-845
-965
-1116
-1157
-1250
-1371
-1409
-1395
-1434
-1460
-1436
-1427
-1437
-1465
-1536
-1559
-1617
-1645
-1694
-1730
-1758
-1775
-1793
-1842
-1805
-1773
-1747
-1759
-1773
-1711
-1721
-1703
-1697
-1619
-1560
-1534
-1371
-1278
-1124
-995
-838
-651
-505
-294
-131
-18
137
267
385
510
642
651
700
737
694
692
605
566
525
421
404
409
384
347
310
251
268
269
282
327
377
451
584
674
719
869
990
1090
1202
1353
1406
1504
1533
1581
1648
1670
1763
1839
1983
2117
2181
2271
2327
2277
2248
2209
2147
2049
1942
1868
1746
1735
1644
1566
1533
1383
1266
1114
922
708
486
212
-23
-221
-376
-482
-676
-721
-859
-942
-994
-1074
-1083
-1159
-1205
-1273
-1399
-1500
-1613
-1742
-1864
-1911
-2022
-2074
-2107
-2128
-2122
-2128
-2078
-2095
-2017
-2023
-1986
-1939
-1922
-1917
-1892
-1904
-1865
-1822
-1766
-1650
-1611
-1496
-1413
-1243
-1147
-1002
-886
-815
-674
-597
-481
-339
-201
-56
97
287
522
731
848
997
1163
1251
1334
1370
1315
1318
1279
1165
1076
965
820
694
642
584
587
571
569
542
515
505
459
422
448
499
550
689
809
945
1104
1220
1379
1461
1543
1553
1588
1636
1604
1594
1601
1545
1511
1563
1476
1548
1585
1635
1657
1659
1695
1591
1521
1430
1302
1099
944
794
622
486
349
235
92
-43
-190
-319
-448
-562
-746
-858
-1031
-1119
-1234
-1378
-1375
-1488
-1492
-1539
-1551
-1588
-1622
-1681
-1738
-1778
-1871
-1918
-1971
-2012
-2038
-1967
-1961
-1947
-1868
-1844
-1800
-1765
-1755
-1775
-1726
-1697
-1701
-1679
-1599
-1533
-1458
-1351
-1253
-1136
-983
-805
-655
-473
-286
-108
33
179
307
441
605
740
866
1008
1108
1200
1243
1253
1191
1070
955
807
642
489
304
142
-34
-120
-219
-211
-259
-255
-147
-133
-105
-8
33
50
169
300
439
645
866
1084
1336
1582
1807
2022
2183
2306
2406
2411
2420
2391
2296
2167
2058
1970
1885
1792
1760
1660
1572
1512
1435
1315
1242
1215
1074
1012
899
766
588
467
331
207
128
79
77
20
9
-93
-164
-287
-375
-509
-716
-781
-940
-1116
-1213
-1411
-1613
-1747
-1872
-1972
-2049
-2049
-2061
-2092
-2057
-1973
-1964
-1922
-1913
-1920
-1909
-1870
-1869
-1814
-1729
-1690
-1594
-1526
-1410
-1345
-1288
-1212
-1160
-1059
-975
-880
-771
-646
-588
-471
-309
-277
-154
-42
28
89
168
243
297
315
417
465
493
561
593
620
627
667
578
524
466
373
289
182
182
126
132
158
160
196
257
312
356
391
446
536
570
653
752
859
986
1119
1264
1366
1486
1641
1718
1823
1857
1864
1804
1729
1697
1598
1557
1516
1467
1446
1397
1371
1346
1171
1095
910
788
669
561
439
372
277
211
176
66
72
5
-46
-92
-111
-120
-194
-188
-270
-377
-407
-524
-545
-658
-684
-701
-722
-723
-771
-818
-902
-959
-1046
-1011
-1077
-1100
-1072
-1123
-1165
-1176
-1215
-1229
-1282
-1319
-1271
-1310
-1302
-1268
-1283
-1318
-1270
-1257
-1209
-1128
-1069
-947
-871
-780
-678
-641
-565
-495
-442
-416
-383
-328
-309
-259
-240
-180
-123
-70
-15
41
84
93
73
-17
5
-5
-38
-7
-25
-30
19
30
73
135
163
198
240
340
394
478
564
613
660
730
818
876
901
1009
1070
1168
1222
1339
1428
1507
1536
1576
1605
1612
1655
1590
1536
1429
1346
1224
1141
1070
1010
928
900
835
752
698
598
505
408
296
222
153
99
38
-18
-88
-177
-239
-324
-413
-490
-533
-597
-659
-725
-797
-874
-908
-917
-979
-979
-1029
-1018
-1058
-1098
-1084
-1109
-1094
-1117
-1075
-1041
-1035
-1016
-1001
-1034
-1000
-998
-1028
-1033
-1077
-1084
-1131
-1147
-1158
-1162
-1110
-1066
-1009
-963
-876
-862
-784
-713
-641
-528
-465
-363
-333
-284
-213
-158
-86
19
125
273
422
544
647
755
869
963
1066
1110
1135
1158
1177
1145
1084
1135
1135
1060
1043
973
927
901
790
757
728
641
685
669
700
718
701
765
792
860
899
883
900
983
986
1006
1000
994
993
990
1000
930
858
813
767
623
544
470
328
211
68
-93
-224
-291
-428
-469
-527
-583
-593
-578
-607
-623
-618
-647
-619
-710
-679
-707
-710
-702
-732
-698
-718
-693
-670
-655
-596
-583
-554
-512
-541
-549
-611
-627
-677
-728
-762
-761
-725
-716
-728
-731
-746
-750
-771
-838
-817
-760
-755
-776
-736
-722
-701
-664
-628
-579
-534
-444
-427
-363
-322
-329
-260
-289
-262
-229
-161
-118
-56
19
-10
75
102
146
188
202
206
225
293
293
400
386
416
468
452
474
455
499
513
558
584
592
607
627
624
637
679
724
763
878
958
1067
1138
1168
1269
1302
1369
1443
1427
1424
1435
1447
1483
1502
1524
1500
1502
1419
1359
1210
1031
879
668
512
321
191
50
-40
-170
-246
-356
-453
-525
-586
-615
-688
-772
-822
-888
-973
-957
-1013
-987
-994
-930
-865
-850
-729
-689
-665
-665
-711
-770
-804
-893
-1024
-1115
-1169
-1259
-1255
-1281
-1340
-1335
-1347
-1360
-1390
-1404
-1461
-1474
-1481
-1505
-1463
-1455
-1442
-1405
-1318
-1254
-1161
-1065
-920
-773
-691
-468
-335
-169
-44
98
206
349
503
593
702
860
992
1125
1273
1289
1373
1398
1394
1413
1416
1418
1448
1435
1389
1337
1295
1229
1160
1144
1085
1050
1036
1039
1043
1011
1004
965
943
950
907
923
881
836
826
798
796
809
835
824
834
864
808
759
737
602
551
458
338
260
157
95
-26
-180
-336
-444
-565
-613
-667
-717
-741
-787
-773
-859
-913
-925
-1017
-1040
-1069
-1053
-1027
-1000
-930
-921
-874
-760
-751
-626
-529
-456
-372
-345
-332
-332
-356
-423
-445
-529
-609
-644
-743
-787
-823
-886
-876
-873
-816
-774
-747
-706
-718
-703
-761
-751
-758
-754
-719
-708
-646
-566
-475
-411
-313
-217
-133
-43
26
59
141
211
264
329
415
484
528
585
593
648
740
778
841
880
934
970
979
999
1001
1018
1005
1011
967
931
931
889
879
802
823
789
773
698
691
656
554
517
456
423
374
359
362
331
328
285
264
278
227
218
183
158
146
141
138
120
108
86
17
-57
-95
-129
-165
-183
-188
-207
-255
-286
-375
-445
-490
-538
-545
-538
-506
-537
-554
-574
-566
-571
-565
-581
-571
-529
-553
-565
-554
-552
-596
-596
-582
-577
-507
-482
-475
-432
-449
-463
-499
-560
-586
-624
-654
-732
-751
-837
-868
-857
-890
-863
-875
-823
-780
-738
-688
-630
-561
-514
-422
-279
-168
-108
-2
132
271
377
448
536
615
739
845
872
913
963
1041
1062
1086
1120
1137
1133
1100
1134
1144
1112
1099
1138
1097
1106
1103
1085
1025
1054
1081
1028
1059
994
975
937
882
893
776
740
671
548
515
419
350
275
220
179
120
86
33
-1
-49
-128
-185
-260
-299
-323
-330
-345
-341
-343
-353
-322
-397
-448
-463
-551
-565
-638
-691
-686
-699
-686
-692
-681
-712
-730
-786
-841
-866
-925
-962
-1008
-1077
-1043
-1063
-1071
-1003
-989
-905
-855
-751
-657
-622
-563
-506
-500
-414
-392
-383
-305
-335
-347
-394
-431
-473
-480
-467
-507
-473
-490
-466
-447
-418
-394
-369
-307
-296
-250
-188
-100
-32
82
181
267
354
430
518
627
664
749
827
868
952
1006
1075
1115
1152
1210
1186
1179
1222
1199
1151
1130
1129
1052
1009
960
878
857
764
686
638
601
560
526
545
539
493
486
460
425
399
354
304
284
191
198
165
157
149
126
80
26
52
6
-20
-16
-2
-20
-38
-25
12
29
79
72
38
6
-22
-59
-115
-196
-245
-303
-375
-432
-503
-563
-593
-673
-709
-740
-793
-823
-860
-858
-887
-898
-927
-921
-969
-982
-959
-983
-922
-934
-887
-837
-832
-799
-793
-799
-845
-816
-821
-835
-838
-855
-861
-904
-903
-941
-943
-941
-944
-915
-911
-906
-831
-771
-785
-678
-642
-554
-417
-331
-164
-43
56
198
300
394
576
645
791
898
991
1041
1075
1155
1148
1214
1192
1194
1234
1241
1211
1214
1227
1213
1263
1264
1242
1291
1296
1278
1241
1270
1222
1226
1226
1174
1157
1125
1111
1016
965
870
817
798
747
747
743
710
669
638
577
525
496
380
348
299
248
229
189
158
96
79
24
-13
-85
-150
-246
-368
-475
-582
-681
-750
-817
-856
-882
-937
-957
-1032
-1131
-1184
-1248
-1344
-1344
-1411
-1372
-1377
-1422
-1375
-1389
-1325
-1312
-1207
-1147
-1089
-973
-888
-810
-807
-715
-686
-707
-629
-671
-681
-637
-619
-578
-574
-554
-533
-484
-480
-435
-412
-349
-267
-276
-230
-155
-93
11
99
155
224
272
354
418
461
536
586
618
686
762
795
790
836
841
844
879
908
956
962
1024
1028
1041
1074
1067
1100
1072
1064
1022
966
939
929
909
910
899
873
840
833
801
758
675
613
509
432
391
290
259
201
84
90
70
19
40
29
15
40
10
2
-2
-84
-77
-129
-176
-178
-233
-253
-309
-301
-342
-380
-409
-455
-499
-577
-636
-717
-792
-857
-904
-936
-968
-972
-948
-938
-919
-896
-894
-874
-829
-791
-723
-693
-678
-649
-620
-628
-626
-582
-571
-550
-542
-530
-475
-445
-430
-379
-347
-302
-319
-295
-279
-308
-295
-280
-273
-246
-206
-157
-89
-63
-64
-52
-38
-12
6
59
105
172
217
224
268
329
336
339
436
422
482
519
520
583
615
623
611
674
720
813
842
911
943
947
944
948
935
918
955
940
955
957
924
963
910
857
845
766
760
705
639
617
546
471
398
348
296
245
240
206
195
162
142
115
77
64
12
-20
-46
-147
-186
-244
-310
-380
-431
-486
-539
-557
-615
-664
-710
-762
-830
-916
-943
-974
-1014
-1022
-1077
-1074
-1075
-1050
-990
-941
-914
-854
-861
-797
-744
-760
-732
-745
-687
-654
-624
-606
-607
-545
-524
-481
-460
-412
-354
-355
-378
-381
-395
-435
-422
-408
-391
-377
-312
-251
-227
-180
-120
-73
8
65
135
201
281
359
430
496
581
638
721
779
848
909
945
1014
1051
1124
1101
1119
1167
1136
1143
1145
1105
1088
1068
1035
1027
994
993
949
894
869
823
747
709
636
515
499
457
398
384
338
315
299
238
241
207
233
212
174
121
81
38
-18
-40
-146
-127
-173
-190
-177
-243
-235
-295
-327
-410
-437
-438
-466
-511
-496
-528
-547
-542
-575
-550
-623
-635
-679
-711
-724
-701
-753
-762
-746
-751
-713
-720
-661
-604
-549
-500
-405
-364
-335
-320
-319
-343
-392
-404
-427
-483
-517
-536
-519
-513
-509
-553
-524
-533
-592
-554
-619
-613
-647
-638
-663
-650
-632
-625
-619
-584
-532
-509
-384
-360
-300
-222
-157
-89
-34
45
70
107
207
251
326
381
434
537
596
663
706
797
847
876
922
935
994
1010
975
984
967
946
937
950
986
989
1016
1059
1023
1031
1000
978
988
946
941
971
980
970
970
969
915
871
869
790
784
720
706
678
657
621
586
549
541
545
467
429
360
334
220
129
18
-85
-218
-356
-512
-617
-766
-874
-932
-1087
-1132
-1212
-1278
-1338
-1367
-1431
-1466
-1483
-1474
-1496
-1437
-1371
-1358
-1300
-1265
-1209
-1155
-1082
-1064
-983
-890
-820
-773
-717
-696
-713
-666
-703
-670
-667
-618
-604
-597
-555
-550
-461
-476
-436
-353
-337
-293
-249
-210
-136
-89
-33
28
71
176
250
314
402
476
552
653
758
875
974
1015
1079
1140
1149
1197
1206
1215
1250
1211
1180
1178
1147
1094
1063
979
965
925
931
904
889
859
814
807
677
637
544
511
487
412
376
374
314
278
261
240
224
196
205
149
143
86
14
-46
-123
-167
-182
-215
-244
-244
-290
-333
-308
-377
-405
-443
-498
-522
-603
-622
-690
-743
-787
-847
-872
-892
-924
-959
-987
-1001
-1024
-990
-953
-916
-838
-776
-777
-710
-629
-606
-544
-536
-501
-429
-367
-316
-234
-155
-98
-62
-8
18
27
28
-6
-31
-27
-30
-14
8
19
39
39
63
81
100
113
145
168
138
165
169
134
114
173
146
210
239
283
294
351
407
322
369
341
308
296
269
270
262
285
295
276
304
303
341
360
356
343
351
360
357
348
340
352
346
343
363
346
334
337
312
315
285
260
316
265
260
278
231
246
226
242
233
250
241
227
238
195
199
182
164
185
174
189
245
243
241
235
176
185
139
103
45
-32
-93
-163
-178
-261
-309
-368
-410
-488
-515
-591
-637
-663
-746
-733
-797
-812
-831
-846
-900
-882
-841
-847
-775
-763
-692
-671
-648
-596
-590
-572
-549
-515
-455
-424
-390
-348
-336
-315
-332
-294
-315
-277
-216
-213
-166
-156
-81
-24
7
93
138
202
275
344
368
402
400
402
465
489
527
558
603
631
659
660
650
661
664
710
713
764
816
847
852
882
870
870
866
843
855
821
804
777
764
734
687
665
601
600
536
495
436
358
306
188
129
27
-2
-69
-99
-158
-172
-153
-231
-208
-222
-284
-281
-308
-347
-359
-371
-387
-433
-424
-435
-455
-433
-421
-454
-477
-511
-540
-567
-630
-656
-650
-669
-719
-730
-756
-737
-738
-770
-741
-683
-705
-672
-662
-659
-659
-666
-644
-622
-541
-481
-376
-255
-188
-122
-70
-39
-15
14
41
50
60
106
139
177
191
170
135
117
118
75
57
58
33
-1
6
43
28
44
82
91
113
156
199
238
241
286
308
323
354
364
406
424
487
502
555
583
603
591
616
634
608
625
587
578
607
578
562
572
531
554
542
516
473
439
389
335
307
237
168
137
55
43
38
43
95
80
93
77
125
143
111
105
123
105
58
97
32
44
31
-26
-30
-31
-60
-80
-76
-123
-140
-229
-291
-316
-406
-447
-458
-503
-530
-569
-586
-638
-682
-696
-741
-754
-726
-754
-784
-788
-818
-812
-778
-755
-721
-670
-644
-593
-563
-579
-574
-552
-558
-494
-494
-466
-409
-395
-357
-346
-317
-312
-319
-315
-331
-339
-364
-344
-322
-305
-225
-200
-178
-137
-127
-86
-26
8
101
159
257
350
392
475
519
609
643
725
799
876
908
986
1049
1046
1080
1122
1126
1096
1137
1117
1133
1110
1114
1090
1040
977
923
834
750
697
598
547
471
432
394
355
334
296
266
259
235
206
154
92
52
29
16
-34
-32
-58
-80
-124
-126
-143
-173
-232
-262
-285
-328
-372
-454
-495
-521
-574
-560
-601
-625
-671
-747
-787
-861
-882
-940
-936
-946
-982
-957
-980
-969
-953
-970
-931
-915
-906
-843
-814
-775
-735
-697
-635
-559
-499
-431
-368
-361
-250
-204
-203
-158
-104
-52
-37
16
71
122
133
167
179
189
231
235
266
349
396
425
481
514
535
553
597
599
594
686
722
762
834
890
895
931
938
922
950
934
947
967
992
994
958
986
946
862
841
793
774
718
686
596
593
544
479
447
351
284
206
117
50
-13
-110
-162
-212
-249
-305
-290
-292
-338
-330
-323
-376
-357
-382
-423
-423
-458
-432
-485
-478
-482
-480
-491
-491
-512
-522
-493
-497
-450
-460
-460
-476
-510
-512
-533
-549
-553
-590
-616
-573
-622
-577
-536
-561
-496
-495
-491
-473
-466
-452
-440
-441
-387
-389
-347
-299
-326
-338
-266
-283
-288
-254
-272
-205
-207
-176
-139
-146
-124
-146
-117
-102
-103
-112
-112
-120
-97
-69
-62
-13
19
47
77
149
197
234
290
321
347
354
371
381
370
388
376
422
446
510
590
614
670
703
712
720
742
713
777
785
740
783
774
746
734
745
702
713
686
679
651
615
617
551
537
480
442
416
372
293
298
297
274
259
209
175
152
113
86
16
-16
-45
-89
-154
-180
-188
-241
-232
-265
-301
-281
-312
-366
-451
-506
-596
-631
-694
-723
-704
-738
-760
-809
-824
-851
-886
-884
-941
-954
-968
-975
-990
-1032
-1040
-1087
-1125
-1154
-1111
-1090
-1031
-998
-962
-884
-852
-775
-722
-655
-579
-530
-482
-403
-375
-349
-254
-248
-174
-94
-14
23
88
180
200
273
321
351
364
408
398
472
521
546
614
651
705
732
786
815
889
896
940
946
978
991
992
1024
1018
1037
1037
1046
1052
1063
1067
1057
1053
1043
1035
1019
980
983
947
895
877
833
801
742
696
643
549
490
412
336
259
186
117
53
-2
-58
-99
-150
-203
-234
-264
-304
-384
-439
-521
-620
-620
-707
-723
-712
-750
-745
-738
-726
-723
-709
-685
-694
-658
-653
-638
-599
-576
-546
-510
-525
-524
-472
-492
-436
-465
-456
-428
-439
-440
-490
-465
-499
-537
-507
-553
-561
-544
-570
-511
-490
-447
-400
-354
-248
-217
-150
-89
-57
-15
-30
-7
-4
39
53
89
132
158
201
201
228
263
244
260
269
227
228
237
225
242
236
226
214
211
191
183
229
198
221
232
239
258
297
288
302
342
352
395
402
429
463
472
480
457
485
498
485
506
475
450
444
436
395
423
380
391
421
433
440
448
442
419
414
350
362
345
292
265
220
194
158
130
107
70
68
73
7
7
-27
-71
-112
-167
-179
-170
-192
-207
-197
-268
-323
-364
-414
-480
-502
-555
-582
-562
-604
-569
-618
-594
-582
-633
-638
-671
-661
-716
-747
-780
-792
-818
-825
-785
-749
-711
-654
-641
-563
-521
-493
-465
-469
-426
-416
-364
-391
-334
-290
-226
-173
-173
-147
-83
-60
-40
21
57
112
157
189
166
215
234
226
240
237
296
297
344
394
400
460
454
469
476
519
508
536
544
567
593
631
674
676
713
681
699
712
705
689
643
645
617
576
539
520
488
487
436
379
372
312
264
215
130
70
9
-7
-31
-49
-46
-93
-91
-144
-165
-163
-212
-218
-231
-265
-249
-265
-260
-320
-313
-330
-321
-294
-315
-313
-328
-326
-345
-335
-329
-343
-338
-314
-313
-319
-347
-323
-346
-350
-337
-339
-303
-278
-294
-266
-292
-260
-235
-208
-194
-238
-182
-210
-184
-135
-125
-93
-20
-27
-30
39
48
92
90
116
123
123
149
149
166
211
196
208
217
218
220
191
179
139
143
116
133
133
135
177
137
157
180
199
236
216
225
237
206
220
194
172
168
143
171
195
201
229
210
192
180
176
174
154
175
158
145
168
148
154
102
77
67
39
28
28
17
42
27
10
14
-29
-44
-13
-75
-111
-86
-105
-108
-125
-175
-154
-165
-175
-129
-144
-113
-116
-111
-122
-138
-138
-143
-163
-180
-203
-233
-272
-310
-296
-354
-353
-328
-332
-326
-286
-289
-279
-262
-267
-280
-321
-275
-329
-330
-309
-304
-290
-251
-236
-240
-221
-197
-171
-188
-176
-160
-132
-110
-96
-93
-54
-33
-17
10
42
91
121
126
146
158
182
217
258
274
303
286
296
306
310
301
271
293
307
303
366
381
399
435
455
465
480
472
438
449
409
430
403
354
382
385
378
426
437
436
441
447
450
400
414
436
395
390
370
344
320
281
220
164
157
84
95
71
33
10
-43
-96
-147
-189
-208
-260
-275
-292
-307
-330
-357
-396
-439
-453
-461
-502
-501
-510
-518
-486
-562
-551
-563
-578
-590
-640
-645
-643
-632
-628
-660
-639
-622
-620
-579
-588
-566
-544
-532
-497
-477
-438
-438
-421
-381
-348
-316
-319
-293
-292
-261
-255
-202
-166
-121
-21
-7
47
86
106
121
119
164
162
211
220
237
266
269
317
328
351
352
368
390
428
454
498
468
488
481
527
549
536
570
564
602
602
641
670
681
690
678
638
660
654
634
633
615
572
520
488
464
410
367
317
270
269
228
182
127
86
18
-39
-36
-60
-113
-124
-126
-134
-164
-155
-168
-176
-181
-168
-131
-127
-129
-139
-150
-182
-177
-213
-223
-244
-221
-231
-232
-220
-219
-235
-226
-230
-232
-221
-200
-219
-246
-257
-275
-308
-322
-355
-374
-323
-335
-323
-327
-359
-357
-374
-391
-360
-387
-360
-311
-337
-339
-293
-280
-314
-268
-226
-219
-177
-145
-118
-124
-104
-80
-101
-66
-41
-34
2
53
49
111
104
85
123
113
121
124
116
119
153
159
123
133
114
64
19
-2
-2
-17
-1
3
-6
33
39
22
34
63
97
122
156
138
173
183
188
205
198
193
162
194
161
153
125
125
86
90
117
61
112
78
90
72
46
28
31
-3
22
28
32
60
49
65
72
91
70
99
84
58
40
23
14
2
-46
-21
-22
-35
-47
-61
-70
-70
-60
-96
-84
-92
-76
-89
-75
-35
-48
-40
-41
-62
-47
-31
-34
-49
-16
-41
-48
6
2
66
61
97
119
131
177
150
143
120
90
87
65
59
60
35
84
56
93
79
63
92
80
59
55
57
29
28
0
-10
11
-13
-8
6
34
92
97
129
171
170
188
168
172
175
128
128
129
123
134
132
119
141
152
169
181
152
121
123
99
43
27
-22
-50
-65
-94
-109
-133
-138
-169
-170
-209
-176
-171
-186
-143
-163
-176
-178
-156
-208
-176
-210
-166
-168
-209
-152
-197
-185
-152
-167
-199
-171
-187
-210
-178
-188
-176
-151
-177
-175
-160
-184
-164
-186
-205
-208
-247
-247
-252
-285
-241
-299
-283
-254
-283
-218
-215
-176
-167
-140
-116
-76
-54
-38
24
6
22
60
80
97
128
125
155
147
188
202
205
213
204
230
229
232
199
224
210
212
191
167
184
171
204
210
208
222
214
180
188
177
204
204
209
221
234
209
172
228
168
191
230
229
234
235
248
248
237
216
232
210
215
213
193
188
170
178
182
155
160
157
139
142
92
110
83
52
45
46
-2
-57
-60
-96
-136
-109
-155
-129
-141
-159
-160
-212
-223
-244
-244
-273
-299
-288
-298
-318
-311
-304
-331
-298
-253
-270
-282
-282
-274
-310
-322
-345
-364
-343
-355
-353
-361
-360
-352
-342
-362
-369
-323
-321
-303
-292
-273
-252
-278
-224
-233
-210
-202
-184
-148
-140
-103
-136
-111
-92
-106
-95
-89
-92
-66
-45
-29
-11
-3
63
75
96
118
144
186
223
245
269
322
346
382
416
475
494
537
579
560
557
534
524
521
492
446
437
445
468
447
436
422
407
346
336
298
276
281
230
211
170
178
124
115
92
45
65
75
33
71
45
48
34
-8
-8
-13
4
-39
-33
-54
-103
-102
-138
-158
-158
-213
-212
-192
-241
-250
-220
-226
-221
-226
-226
-256
-241
-263
-246
-276
-295
-272
-293
-251
-258
-206
-175
-200
-171
-133
-148
-111
-127
-142
-131
-157
-149
-163
-177
-187
-176
-154
-131
-118
-62
-60
-55
-23
-11
-28
1
-9
-24
30
16
0
31
35
62
29
31
13
23
47
44
62
55
87
125
92
80
69
77
82
87
119
118
121
117
136
109
146
174
182
171
176
183
143
120
106
94
91
92
93
151
149
212
232
230
269
253
268
231
223
230
193
190
166
137
149
118
108
112
72
83
101
69
90
70
52
25
-6
-27
-70
-69
-92
-123
-144
-161
-162
-145
-169
-161
-164
-190
-197
-198
-218
-247
-229
-299
-327
-336
-382
-389
-400
-413
-391
-373
-361
-336
-343
-363
-354
-354
-334
-339
-323
-281
-285
-252
-229
-168
-189
-139
-124
-105
-25
-66
-51
-65
-50
-19
16
49
74
101
102
114
91
70
90
87
98
116
126
147
157
151
154
183
175
200
254
273
279
307
309
282
280
335
339
365
399
430
458
421
432
361
368
351
343
317
324
357
340
349
297
268
269
227
206
176
152
149
96
65
55
16
6
18
-36
-32
-74
-99
-129
-174
-173
-217
-220
-221
-271
-277
-289
-362
-331
-406
-438
-406
-454
-443
-443
-460
-434
-451
-433
-445
-407
-394
-390
-311
-343
-320
-315
-278
-270
-238
-188
-189
-169
-154
-107
-134
-129
-115
-102
-61
-56
-57
-41
-59
-67
-47
-52
-26
-7
33
34
43
120
134
158
179
195
229
254
274
270
290
267
250
231
202
229
215
206
245
236
236
262
262
230
214
216
185
168
162
147
124
137
99
97
101
108
117
127
154
151
188
191
198
208
223
230
202
200
224
236
269
268
250
215
225
242
186
199
196
143
130
148
103
104
97
46
53
62
64
52
19
17
-23
-56
-84
-131
-146
-147
-154
-140
-119
-111
-123
-133
-124
-163
-216
-227
-242
-342
-339
-366
-388
-350
-323
-299
-245
-216
-220
-179
-199
-222
-218
-266
-273
-267
-290
-291
-300
-276
-312
-308
-295
-292
-269
-241
-207
-203
-194
-206
-224
-261
-290
-280
-286
-285
-263
-232
-206
-117
-106
-90
-47
-44
4
18
2
32
64
53
81
62
84
141
114
192
182
217
294
266
281
296
290
298
322
287
328
327
358
382
423
449
446
482
469
468
491
461
455
431
398
421
401
434
377
374
392
329
310
298
269
253
214
191
159
113
89
90
5
4
-15
-59
-39
-61
-49
-83
-115
-121
-114
-132
-119
-144
-152
-156
-158
-152
-155
-200
-197
-241
-306
-307
-357
-324
-348
-320
-335
-355
-326
-321
-301
-290
-260
-269
-229
-239
-185
-193
-216
-187
-221
-206
-214
-205
-178
-184
-171
-191
-164
-191
-178
-172
-168
-126
-147
-128
-150
-161
-168
-191
-179
-200
-190
-190
-187
-193
-130
-105
-92
-55
-84
-44
18
35
56
79
90
119
116
158
175
193
227
195
208
161
135
108
75
72
66
40
62
65
28
61
38
37
13
31
50
52
91
92
100
84
123
83
70
97
68
93
106
136
150
182
210
188
197
196
180
187
170
127
120
148
138
130
142
134
162
166
207
207
212
207
143
151
79
37
15
-57
-68
-77
-66
-69
-42
-4
29
42
60
52
52
34
-6
-37
-108
