SAMPLES:	8965
BITSPERSAMPLE:	16
CHANNELS:	1
SAMPLERATE:	16000
NORMALIZED:	FALSE
-8
-53
-73
-111
-137
-152
-127
-129
-128
-90
-58
-55
-29
-16
-33
-25
-44
-36
-55
-60
-64
-79
-80
-100
-92
-76
-70
-64
-29
-31
-10
-13
-24
-44
-67
-97
-111
-99
-96
-79
-76
-32
-7
15
45
50
75
65
69
55
61
74
57
59
55
81
59
47
39
27
30
38
52
47
46
66
45
67
75
60
80
87
99
109
99
106
88
71
58
19
-7
-43
-67
-94
-110
-147
-178
-211
-242
-245
-231
-197
-158
-152
-113
-98
-98
-109
-129
-127
-120
-133
-128
-111
-100
-100
-78
-87
-72
-67
-55
10
-14
11
31
18
13
10
7
0
15
13
28
34
3
-27
-19
-30
-29
-18
8
58
68
89
96
81
93
83
96
116
103
104
109
111
81
90
55
31
54
-10
30
5
5
-12
-2
-6
-14
-13
-30
1
-12
-6
-29
-12
-27
-47
-56
-110
-108
-91
-92
-56
-36
-9
19
19
42
54
73
86
85
106
144
192
198
207
175
193
139
127
115
69
68
47
52
47
47
70
73
86
145
143
191
218
209
235
215
180
201
179
169
153
134
132
134
83
46
-34
-77
-110
-148
-113
-110
-52
-39
-15
30
46
50
37
10
-36
-60
-67
-81
-118
-127
-139
-171
-170
-192
-199
-212
-203
-240
-247
-236
-280
-257
-290
-280
-286
-311
-292
-308
-314
-293
-299
-284
-247
-229
-196
-189
-171
-150
-143
-107
-91
-66
-80
-81
-81
-90
-58
-77
-61
-59
-26
4
27
51
32
25
-14
-53
-94
-94
-91
-91
-30
5
40
65
84
87
97
117
128
146
169
203
216
240
270
286
265
279
283
268
250
253
226
219
225
194
211
166
158
124
130
110
93
91
72
84
95
112
114
131
129
118
137
107
89
90
66
67
41
51
45
55
85
101
111
114
113
92
87
78
67
75
66
53
31
13
-13
-26
-29
-64
-39
-53
-75
-48
-71
-47
-51
-84
-94
-67
-84
-59
-66
-93
-83
-123
-115
-115
-108
-91
-86
-88
-100
-106
-115
-123
-133
-134
-142
-112
-102
-114
-116
-151
-149
-166
-146
-128
-101
-66
-60
-2
8
39
60
46
50
20
18
-16
-46
-60
-71
-75
-50
-47
-56
-27
-22
-16
-5
9
24
36
34
43
6
-21
-31
-71
-66
-44
-13
-12
22
10
10
-18
-20
-15
-22
39
67
85
118
148
143
139
119
88
80
82
91
88
106
100
72
94
72
67
-6
-36
49
121
2
-156
-124
80
88
-88
-234
-181
-92
-83
-60
-169
-237
-231
-100
-26
-70
-118
-69
49
7
-44
-11
47
92
-46
-109
-2
87
107
-37
-70
-56
31
85
95
1
-47
33
51
53
-25
-68
-25
-6
-75
-65
-34
32
7
-20
27
101
192
193
177
138
105
136
265
322
234
199
136
135
314
232
62
16
135
276
247
132
168
223
162
209
195
163
108
88
111
48
-33
-28
59
-17
-128
-64
62
150
55
-51
-29
25
38
29
-43
-130
-163
-87
-14
-172
-218
-230
-243
-289
-359
-311
-310
-269
-266
-227
-102
-53
-53
-198
-318
-259
-239
-332
-479
-604
-663
-609
-574
-676
-794
-879
-826
-711
-690
-743
-803
-777
-697
-617
-597
-564
-478
-391
-323
-249
-144
-89
10
35
14
119
237
328
363
379
460
493
610
640
734
713
665
703
702
784
719
757
760
778
773
846
847
873
892
863
952
990
1002
932
920
899
918
928
962
878
927
962
875
945
823
848
804
644
598
582
506
386
323
131
-46
-160
-295
-360
-572
-763
-931
-1092
-1192
-1347
-1505
-1708
-1778
-1806
-1809
-1747
-1777
-1787
-1795
-1696
-1567
-1482
-1299
-1142
-1025
-1074
-946
-629
-476
-371
-365
-288
-76
164
335
430
440
455
565
711
769
742
686
719
750
771
771
774
783
720
679
690
746
685
587
479
423
476
511
553
522
498
614
854
967
1009
1083
1104
1213
1284
1326
1305
1310
1328
1287
1378
1426
1406
1312
1312
1320
1143
1031
836
644
458
202
-169
-1114
-1616
-897
-699
-2213
-3758
-3138
-1771
-2083
-3474
-4098
-3637
-3212
-2964
-3031
-3451
-3765
-3653
-3205
-2721
-2434
-2433
-2406
-1861
-1323
-1458
-1207
139
987
26
-610
899
2610
2680
1726
1435
2038
2777
3191
3068
2687
2497
2451
2607
2999
2927
2244
1882
2185
2197
1515
1470
2109
1897
819
432
1063
1496
1122
546
128
-76
-155
-155
184
-46
-563
-837
-876
-525
-117
7
-273
-775
-1155
-642
347
666
-152
-1116
-920
-175
261
246
-187
-715
-703
-212
286
355
-110
-361
-447
-204
65
377
350
-444
-797
-621
-135
187
-207
-842
-999
-584
-70
269
-7
-611
-696
-41
452
403
234
181
320
533
712
767
669
614
285
-918
-1166
835
1642
-1187
-3723
-1820
1427
878
-1834
-2647
-1724
-907
-729
-794
-1543
-2299
-2292
-1791
-1144
-917
-1296
-1777
-1173
-608
-994
-659
1339
2065
-131
-1225
1010
3316
2743
1120
590
847
1501
1829
1556
550
-299
-609
-586
-78
146
-744
-1543
-1061
-711
-1204
-1008
228
28
-1800
-2073
-614
130
-469
-1065
-1141
-1157
-664
-512
94
1008
197
-1086
-316
1977
2409
1122
806
1853
2071
1483
2407
3237
2005
958
1690
2863
2550
1712
1981
2114
1470
1185
1954
2369
1713
681
598
1506
1852
1196
713
699
430
468
934
1050
321
-324
254
930
479
59
487
776
203
185
744
965
821
384
369
497
525
388
-278
-451
-534
-2014
-2531
-790
-464
-3495
-5840
-3766
-1041
-2393
-5507
-5806
-4105
-3714
-4185
-4376
-4703
-4982
-4860
-4205
-3385
-2939
-3232
-3517
-2773
-1874
-2016
-1741
392
1406
-609
-1400
1612
4174
3074
1220
1372
2416
3158
3253
2948
2361
1967
1869
1901
2378
2709
1865
901
1561
2084
1310
1342
2411
2079
301
76
1887
2530
1306
514
550
820
1218
1602
1592
788
714
1548
1529
1585
1974
2047
1967
1952
1964
2181
2806
2792
2205
1494
1519
2211
2200
1589
857
373
612
951
572
38
-244
-391
-304
-246
-328
-553
-831
-928
-1041
-1245
-1294
-1177
-1376
-1833
-1875
-1701
-1580
-1614
-1693
-1868
-1922
-1395
-974
-1052
-1274
-1065
-796
-807
-579
-516
-388
-647
-1035
-821
-893
-1965
-2070
-482
-431
-3005
-4312
-1733
498
-1118
-3705
-3462
-1834
-1156
-1177
-1641
-2438
-2507
-1755
-894
-535
-608
-861
-1271
-421
847
828
606
1739
2286
1018
760
2592
4012
2916
1028
901
2118
2939
2417
1080
1
56
316
9
-270
-587
-1313
-1957
-1693
-1175
-1213
-1544
-1456
-1358
-1771
-1753
-947
-358
-785
-1550
-1584
-650
451
846
572
-311
-102
1476
2571
2460
1715
1430
2421
3795
4162
3444
2674
3056
3817
3969
3540
3320
3060
2781
3035
2892
2632
2350
2447
2268
1424
1208
1870
2086
1058
-43
49
613
485
-281
-841
-869
-1070
-1002
-710
-1125
-1913
-1814
-1308
-1421
-1722
-1578
-1312
-1310
-1170
-1113
-1272
-1079
-790
-900
-1087
-1230
-1554
-1393
-1003
-2107
-2996
-1649
-612
-2754
-5132
-3332
-484
-1496
-4303
-4602
-3099
-2177
-2150
-2810
-3649
-3505
-2495
-1976
-1976
-1596
-1755
-2517
-1749
22
-313
-1676
-350
1583
442
-1189
522
2757
2189
171
-445
530
1690
1627
-17
-1089
-313
175
-444
-346
187
-472
-1292
-424
887
458
-278
409
1246
875
533
1202
2171
2439
1957
1540
2283
3481
3515
2874
2911
4022
4568
4142
3923
4460
5119
5193
4515
3925
3866
4609
5091
3976
2694
2444
2913
2970
2434
1711
834
429
747
984
-73
-1230
-999
-656
-1250
-1722
-1681
-1652
-1914
-2345
-2657
-2525
-2254
-2310
-2815
-3235
-2996
-2426
-2253
-2299
-2602
-2910
-2148
-1094
-912
-1576
-1759
-1107
-563
-403
-396
-524
-494
-545
-538
-751
-1439
-1976
-1406
-554
-1460
-3665
-3540
-925
-167
-2591
-4512
-3580
-2084
-1962
-2906
-3813
-4117
-3842
-3421
-3133
-2921
-3090
-3440
-3136
-1959
-1459
-1803
-1096
147
-128
-1312
-561
1908
2532
305
-1125
14
1835
1861
292
-484
4
491
611
586
809
825
504
802
1809
2196
1753
1694
2385
2733
2038
1989
3148
3683
2887
2159
3033
4066
3715
3224
3592
3860
3665
3559
3976
4276
4074
3550
3438
4074
4064
3216
2713
2657
2618
2149
1625
1675
1315
947
772
440
429
413
304
-319
-554
-453
-325
-275
-1044
-1562
-1557
-1132
-1042
-1664
-1869
-1391
-1235
-1463
-1267
-660
-822
-961
-489
-343
-552
72
808
377
-397
-22
1054
1135
657
259
-34
181
268
128
-359
-1432
-1723
-890
-424
-2239
-4202
-3208
-1112
-1778
-4406
-5092
-3655
-2803
-3418
-4293
-4822
-4546
-3979
-3992
-4150
-4086
-4150
-4273
-3933
-3420
-3599
-3801
-2766
-1984
-3051
-4049
-2560
-588
-1070
-2787
-2997
-1366
-315
-920
-1997
-1871
-1069
-677
-749
-646
74
526
356
722
1467
1896
2277
2879
3326
3240
3166
3951
5147
5370
4474
4064
4721
5819
6235
5323
4779
5410
5927
5632
5064
5208
5433
4931
4429
4676
4719
3740
3342
3324
2667
1682
1460
1822
1398
199
-373
140
132
-707
-1590
-1822
-1509
-1596
-2218
-2527
-2441
-2311
-2231
-2354
-2640
-2608
-2214
-2106
-1945
-1998
-1995
-1291
-859
-1028
-939
-503
-137
-44
25
419
596
597
783
970
830
622
918
853
284
358
140
-938
-1149
253
421
-2411
-4158
-2016
-117
-1654
-3973
-4245
-3402
-3000
-3000
-3941
-5154
-5191
-4522
-4443
-4839
-4598
-4429
-4897
-4570
-3711
-3976
-4217
-2845
-2135
-3536
-4116
-1997
-301
-1409
-2946
-2491
-1395
-729
-618
-1106
-1158
-606
44
189
754
1645
1456
1081
2030
3428
3390
3277
4228
4746
3962
3888
5289
6211
5634
4788
4771
5319
6192
6380
5078
4386
5263
5535
4927
4587
4995
4898
3739
3397
3949
3565
2392
2048
2082
1229
346
467
616
73
-1119
-1657
-1334
-1143
-1555
-2435
-2789
-2362
-2144
-2528
-2640
-2628
-2903
-2972
-2465
-2592
-3017
-2568
-2124
-2341
-2410
-1866
-1208
-1073
-1250
-1056
-375
70
113
138
598
936
794
594
993
1403
993
709
632
770
638
-301
-477
482
703
-1313
-3384
-1951
657
-487
-3569
-4027
-2434
-2117
-2657
-3033
-3926
-4679
-4358
-3765
-4048
-4334
-4377
-4884
-5099
-4190
-3741
-4312
-3813
-2812
-3690
-4699
-3104
-902
-1725
-3756
-3598
-1952
-936
-1108
-1565
-1611
-1003
-109
207
477
1526
1791
1161
1664
3317
4021
3685
3952
4617
4717
4619
5505
6542
6309
5417
5142
5504
6736
7219
5777
4935
5661
6155
5647
5318
5763
5556
4114
3576
4493
4606
3013
2300
2328
1636
1208
1250
1186
572
-524
-986
-587
-489
-710
-1585
-2554
-2311
-1793
-2199
-2579
-2765
-3234
-2982
-2731
-2718
-2739
-2698
-2382
-2414
-2609
-2054
-1320
-1591
-1914
-1537
-1389
-1496
-1080
-1021
-1387
-1561
-1277
-1134
-1002
-1000
-1263
-1376
-1257
-1063
-1197
-1996
-2369
-1462
-967
-2232
-4152
-3731
-1563
-1257
-3466
-4610
-3799
-3057
-2866
-3269
-4456
-5175
-4757
-4069
-3980
-4111
-4264
-4495
-4326
-3316
-2831
-3506
-3152
-1658
-1721
-3198
-2342
5
206
-1564
-2234
-793
491
390
-204
-412
130
906
1223
1313
1986
2297
1789
2316
3750
4257
3551
3822
5080
5501
4901
5050
6135
6530
5916
5124
5142
6518
7006
5537
4705
5096
5487
5437
5091
5044
4416
3520
3873
4679
4157
2471
1774
2238
2461
1772
837
911
794
110
-269
-368
-429
-560
-1530
-2653
-2216
-1685
-2054
-2605
-3134
-3614
-3346
-2623
-2406
-3258
-3908
-3194
-2411
-2451
-2311
-2039
-2449
-2307
-1371
-1148
-1553
-1367
-886
-963
-1262
-718
-155
-331
-532
-613
-484
-199
331
104
-1236
-1819
-172
992
-691
-3334
-2833
-94
81
-2447
-3832
-2916
-2260
-2452
-3032
-3772
-4270
-4206
-3971
-3950
-4058
-4178
-4363
-4496
-4192
-3908
-4222
-3769
-2495
-3047
-4479
-3779
-1439
-643
-2433
-3666
-2275
-532
-490
-1454
-1505
-577
47
-7
-27
800
1667
1415
1359
2356
3122
3187
3360
4181
4604
4153
4184
5222
6017
5506
4694
4343
4952
6373
6614
5307
4363
4836
6065
6588
5702
4644
4327
4417
4868
5225
4211
2775
2540
3125
3337
2694
1612
1515
1828
1520
535
285
870
480
-964
-1817
-770
-283
-1411
-2508
-2894
-2871
-2326
-1927
-2756
-3776
-3783
-2968
-2108
-2350
-3175
-3465
-3061
-2225
-2157
-2697
-2765
-2418
-2547
-2605
-2066
-1677
-1616
-1941
-2055
-1221
-580
-917
-1119
-1156
-1868
-1613
-23
14
-2216
-3640
-1572
592
-708
-3001
-3220
-2053
-1593
-1837
-2543
-3271
-3342
-3202
-3139
-2964
-2810
-3264
-4132
-3790
-2775
-3249
-3868
-2798
-2006
-3460
-4459
-2310
-456
-1656
-3375
-2893
-1120
-623
-1261
-1709
-1391
-625
-378
-395
196
1150
1171
857
1671
2757
2894
2869
3654
4494
4294
3954
4927
6066
6019
5440
5148
5346
6449
7252
6426
5279
5388
6067
6400
6054
5615
5291
4581
4701
5424
5142
3690
3072
3290
3356
2681
2054
1936
1631
924
240
-131
-198
-180
-1163
-2538
-2624
-2059
-2349
-3338
-4142
-4347
-3905
-3575
-3989
-4706
-4925
-4399
-3967
-4327
-4483
-4305
-4403
-4026
-3582
-3643
-3583
-3118
-2658
-2519
-2495
-2075
-1338
-1016
-1336
-1214
-690
-506
-197
-405
-1369
-579
1447
1257
-1550
-2432
385
2476
504
-2267
-2002
-419
-130
-795
-1683
-2639
-2688
-2443
-2441
-2579
-2596
-3058
-3622
-3531
-2716
-2712
-3273
-2546
-1944
-3103
-3979
-1928
137
-1106
-3407
-3017
-843
91
-806
-1775
-1622
-478
299
120
144
1031
1560
1253
1560
2887
3646
3470
3656
4433
4840
4607
5004
5873
5921
5264
5085
5341
6121
6454
5868
5207
5375
5970
5833
5737
5990
5743
4628
4260
4799
4819
3949
2928
2587
2464
2223
2094
1558
753
149
-121
-549
-924
-1210
-1767
-2676
-3337
-3203
-2973
-3365
-4432
-5094
-4610
-3998
-4353
-4916
-4921
-4741
-4862
-4795
-4247
-4049
-4317
-4119
-3659
-3164
-2838
-2602
-2387
-2190
-1918
-1357
-663
-191
-142
-166
161
760
1168
530
-263
610
2385
1849
-746
-1453
1349
3059
585
-2064
-1311
595
365
-851
-1690
-2106
-2369
-2344
-2406
-2788
-3166
-3586
-4144
-4129
-3315
-3678
-4342
-3468
-2927
-4095
-4725
-2924
-1306
-2652
-4674
-4058
-1796
-966
-1882
-2863
-2486
-1292
-638
-777
-728
175
592
660
1376
2737
3366
3246
3665
4551
5035
4920
5490
6341
6620
6034
5812
6132
6636
7636
7689
6029
4988
6302
8169
8011
5933
4889
5357
6050
6140
5636
4223
2705
2726
3444
3393
2554
903
299
777
369
-726
-1186
-1150
-1910
-3811
-4500
-3117
-2666
-4580
-6294
-6256
-5556
-4877
-5054
-6112
-6839
-6514
-5376
-4437
-4811
-5806
-5592
-4438
-3522
-3284
-3804
-3674
-2730
-2324
-2513
-1964
-1201
-1198
-1221
-594
208
368
296
106
112
931
1918
923
-1235
-514
2164
2043
-366
-1285
-155
470
117
-643
-1610
-1955
-1716
-1650
-2095
-2197
-1904
-2501
-3146
-2425
-1871
-2586
-2807
-1931
-2178
-3190
-2720
-1147
-847
-2282
-3248
-2174
-611
-207
-1347
-2439
-1537
32
-115
-826
-214
640
731
1006
2072
2710
2877
3413
4042
4415
4795
4970
5392
5863
6138
5798
5061
5958
7149
6778
6163
6048
6159
6812
7124
6936
6326
5552
5624
5736
5518
5269
4772
3557
2708
3073
3224
2415
1134
110
-37
28
-557
-1444
-2287
-2837
-3355
-4089
-4141
-3810
-4586
-6213
-6429
-5527
-5064
-5549
-6471
-6707
-6287
-5756
-5375
-5242
-5438
-5699
-5201
-4062
-3469
-3417
-3651
-3133
-2294
-1662
-1116
-817
-619
-231
212
462
854
747
153
893
2481
1892
-321
-764
2054
3707
1233
-1460
-660
1458
1485
252
-1089
-1797
-1251
-767
-1279
-1913
-1707
-1818
-2761
-2803
-1763
-1806
-2799
-2462
-1808
-2693
-3305
-1640
-331
-1670
-3745
-3548
-1560
-667
-1564
-3206
-3385
-1838
-781
-1065
-1474
-935
-480
-421
444
1730
1662
1312
2213
3124
3363
3675
4511
5018
4939
5128
5228
5675
6223
6182
6112
6373
6520
6441
6416
7039
7443
6361
5769
5993
6215
5878
5750
5188
4014
3418
3773
4090
3261
1588
1011
1181
848
157
-698
-1665
-2246
-2945
-3386
-3126
-3445
-4516
-5505
-5587
-5300
-5103
-5738
-6422
-6526
-6598
-6213
-5501
-5445
-6066
-6299
-5323
-4102
-3640
-3773
-3788
-3345
-2772
-2085
-1283
-1245
-1497
-1135
-436
437
398
-644
-278
1503
2093
100
-1524
568
3585
2458
-1027
-1328
1025
2091
1261
121
-886
-1119
-271
268
-486
-1394
-1359
-1247
-1509
-848
-260
-1327
-1725
-682
-877
-2196
-1802
288
146
-2360
-3312
-1634
108
-171
-1821
-3079
-2353
-723
-246
-1183
-1540
-996
-863
-553
648
1111
412
451
1531
2219
2185
2553
3369
3448
3192
3345
4014
5079
5433
4707
4255
4973
6283
6501
5984
5661
5454
5336
5984
6406
5511
4466
4394
4714
4430
3977
3674
3171
2223
1673
1808
1364
586
64
-818
-1734
-1910
-1725
-2183
-3358
-4448
-4742
-4671
-4551
-4693
-5652
-6281
-5743
-5128
-5390
-5676
-5312
-5288
-5538
-5241
-4623
-4077
-3966
-4067
-3804
-3182
-2294
-1645
-1264
-1313
-920
-357
261
899
365
-593
624
2682
1737
-935
-835
2577
3882
1039
-1429
-171
2030
1848
692
-358
-1160
-758
22
65
-604
-1088
-1250
-1438
-1185
-395
-567
-1645
-1191
-516
-1702
-2428
-589
676
-1133
-3098
-2681
-791
-64
-1080
-2477
-2907
-1855
-690
-519
-1210
-1261
-923
-723
307
1489
1268
635
1242
2463
2952
2711
3144
4049
4170
3923
3680
4415
6220
6892
5230
3881
5370
7752
7497
5980
5491
5657
5907
6508
6759
5696
4356
3970
4576
4767
4057
3139
2550
1754
1381
1278
1039
728
-299
-1903
-2721
-2118
-1617
-2752
-4632
-5653
-5371
-4771
-4724
-5406
-6901
-7632
-6660
-5822
-6476
-7160
-6985
-6767
-6823
-6210
-5208
-4997
-5155
-5229
-4635
-3655
-2677
-2339
-2836
-2653
-1762
-1053
-461
-415
-1425
-1229
915
2040
47
-1691
424
3204
2043
-845
-1022
1041
1979
1248
386
-357
-52
749
769
410
192
257
95
-125
528
905
396
253
787
291
-612
123
1337
916
-1088
-2114
-1018
297
124
-1269
-2354
-1961
-739
-169
-673
-1102
-977
-897
-430
776
1303
715
398
1281
2459
2833
2642
2991
3719
4009
3666
3792
5270
6408
5514
4276
5033
6892
7539
6647
5753
5720
6174
6520
6642
6139
5199
4408
4444
4752
4513
3687
2784
2213
1801
1546
1359
728
-186
-1059
-1968
-2453
-2236
-2339
-3509
-4946
-5349
-4764
-4497
-5004
-6087
-6920
-6731
-5991
-5905
-6468
-6582
-6192
-6155
-6011
-5197
-4870
-5062
-4703
-4112
-3738
-3287
-2426
-1857
-2037
-2057
-1359
-610
-345
-740
-1336
-401
1439
1395
-1053
-1613
1492
3180
1103
-1245
-560
1359
1532
758
-61
-994
-833
-66
-72
-598
-507
-609
-1226
-719
306
213
-556
-124
441
-616
-1346
217
1377
-23
-1991
-1902
-391
400
-154
-1480
-2169
-1518
-488
-332
-703
-876
-940
-955
-30
1223
1173
234
475
1785
2262
2099
2307
3117
3635
3469
3153
3538
4958
5949
5234
3808
4094
6080
7225
6533
5303
4574
5180
6386
6638
5721
4334
3877
4311
4856
4654
3606
2330
1840
2214
1941
1182
652
323
-555
-1788
-2090
-1179
-1268
-3168
-4815
-4781
-3967
-3612
-4283
-5614
-6292
-5842
-4934
-4835
-5655
-6290
-6207
-5771
-4858
-4392
-4681
-4613
-4006
-3539
-3227
-2666
-2234
-2218
-2269
-1620
-1014
-796
-777
-1182
-1329
-226
1021
-251
-2170
-1024
1903
1878
-944
-1930
-181
1005
531
-336
-868
-966
-205
265
-82
-146
324
-184
-782
72
833
205
-337
446
236
-891
-353
1392
1125
-897
-1811
-591
721
496
-575
-1588
-1259
-206
147
-288
-521
-145
-138
-231
622
1594
1382
839
1273
2254
2412
2233
2705
3306
3678
3033
2662
4215
5704
4997
3311
3351
5737
6785
5246
4445
4867
5494
5651
5681
5271
4473
3809
3926
4454
3954
2684
2391
2397
2026
1418
700
652
291
-1067
-2186
-2250
-2018
-2459
-3657
-4799
-5062
-4611
-4537
-4854
-5923
-6792
-6266
-5410
-5420
-6343
-6682
-5950
-5474
-5422
-5234
-4734
-4571
-4570
-4114
-3273
-2568
-2271
-2239
-2067
-1328
-620
-286
-234
-481
-994
-542
1286
2009
-55
-2060
-185
2854
2232
-635
-1278
510
1430
902
265
-327
-356
98
36
54
577
692
-136
-445
657
1155
532
459
1189
495
-821
119
1937
1527
-505
-1477
-303
1061
966
-281
-1245
-789
147
345
-361
-546
114
48
-315
565
1421
1256
996
1954
2698
2079
2031
3214
4112
3561
2878
2906
3329
4896
5945
4716
3111
3631
5830
7100
6171
4419
3847
4772
5797
5834
4570
3025
2805
3435
3595
3278
2212
1411
1571
1259
416
169
373
-313
-2070
-3207
-2612
-1756
-2653
-4353
-5390
-5425
-4538
-4107
-4965
-6252
-6666
-6179
-5239
-5110
-5943
-6652
-6250
-5109
-4625
-4805
-4845
-4212
-3650
-3593
-3136
-2477
-2191
-1953
-1681
-1293
-817
-569
-743
-1103
-662
672
729
-994
-1846
213
2113
926
-1159
-1270
75
853
472
-419
-1020
-927
-350
-256
-339
-6
-135
-1059
-877
599
903
-201
-110
892
268
-569
502
1957
1295
-759
-1019
731
1756
1076
-248
-874
93
1293
1027
98
424
1116
833
830
1790
2407
2006
1882
2755
3309
2918
3129
3931
4380
4223
4127
3777
4219
5978
6330
4684
3762
5078
6542
6440
5490
4724
4645
4959
5443
5212
4058
3131
2958
3065
2901
2477
1475
943
776
-139
-575
-378
-626
-1744
-3065
-3304
-2762
-2896
-3734
-4623
-5377
-5575
-4887
-4634
-5653
-6647
-6755
-6123
-5620
-5827
-6538
-6533
-5763
-5269
-5167
-5206
-4801
-4220
-4140
-4130
-3318
-2694
-2619
-2398
-1804
-1209
-1161
-1380
-1298
-1047
-573
503
671
-868
-2019
-23
2429
1578
-958
-1691
-104
1464
1248
200
-610
-508
313
790
676
629
515
25
318
1304
1445
893
1047
1330
760
237
1204
2536
1989
80
-441
798
1907
1550
225
-666
-34
1293
1521
623
348
987
1159
887
1486
2110
1899
1898
2505
2699
2501
2867
3748
3946
3383
2959
2966
4410
5852
4992
3254
3354
5083
6024
5312
4459
4011
4043
4349
5047
4522
3117
2302
2583
2816
2447
1566
834
909
520
-100
-195
-135
-664
-1751
-2664
-2564
-2344
-2728
-3461
-4231
-4974
-4729
-3838
-3867
-5081
-5874
-5402
-4432
-4293
-4892
-5367
-5159
-4469
-4276
-4424
-4399
-3938
-3599
-3558
-3098
-2413
-2168
-2053
-1708
-1263
-1001
-961
-912
-868
-1224
-1267
-150
491
-782
-2417
-1661
742
1259
-943
-2778
-1813
179
352
-899
-1936
-1785
-1081
-954
-1004
-967
-1200
-1486
-1197
-498
-235
-460
-321
300
207
-599
-390
1069
1640
402
-750
-214
1422
1913
768
-185
321
1504
1764
1321
1303
1740
2016
1865
2210
2811
3044
3148
3159
3405
3644
3793
4206
4801
4868
4081
3514
4420
6116
6169
4554
3685
4519
5736
6065
5525
4454
3906
4108
4603
4706
3772
2532
2052
2354
2807
2278
1232
855
809
-132
-890
-656
-782
-1729
-2755
-3227
-3155
-2832
-2977
-3893
-5068
-5284
-4455
-4039
-4782
-5936
-6153
-5494
-4916
-5018
-5749
-5649
-4926
-4726
-4729
-4318
-3768
-3531
-3625
-3400
-2567
-2326
-2335
-1653
-907
-971
-1066
-905
-310
-303
-899
-512
768
404
-1356
-1603
711
2243
515
-1908
-1703
475
946
-312
-1571
-1660
-1232
-844
-786
-843
-872
-950
-998
-598
-209
-144
-169
-9
219
-99
-388
442
1639
1259
-376
-555
1075
2157
1403
-63
33
1277
1897
1220
699
1360
1908
1610
1384
2149
2973
2813
2498
2874
3222
3024
3193
3958
4288
3656
2723
2952
4988
6151
4437
2649
2855
4812
6073
4906
3216
2728
3192
3841
4456
3824
1946
1130
2081
2986
2549
671
93
794
405
-584
-599
-528
-854
-1804
-2995
-2887
-2022
-2266
-3704
-4787
-5082
-4104
-3383
-4148
-5286
-5756
-5255
-3998
-3686
-4577
-5185
-4696
-3948
-3428
-3149
-3208
-2936
-2594
-2437
-1755
-1287
-1516
-1414
-789
-563
-667
-530
-279
-141
-651
-997
-67
635
-487
-1937
-1140
879
1140
-1005
-2229
-1021
158
-480
-1310
-1640
-1955
-1730
-1394
-1212
-1184
-1317
-1564
-1405
-1033
-795
-840
-725
-277
-21
-928
-820
1183
1672
14
-883
333
1652
1528
628
384
1041
1612
1499
1311
1555
2233
2451
1933
2255
3428
3533
3244
3671
4030
3665
3684
4546
5019
4593
3833
3887
4469
5477
5878
4964
3742
3820
5176
6049
5273
3987
3146
3115
3900
4338
3416
1451
746
1449
1820
1233
212
-321
-425
-911
-1472
-1675
-1550
-2010
-3373
-4376
-3902
-2904
-3369
-4847
-5369
-5164
-4650
-4282
-4657
-5360
-5673
-5429
-4497
-3840
-4306
-4815
-4616
-3954
-3403
-3063
-3037
-2740
-2453
-2313
-1770
-1072
-840
-760
-647
-539
-14
466
370
-46
-403
-346
421
710
-331
-1319
-808
634
946
-399
-1590
-1195
-437
-423
-804
-1671
-2333
-1958
-1391
-1559
-1597
-1454
-1650
-1925
-1762
-1004
-682
-937
-949
-803
-1067
-634
540
661
-180
-551
110
804
1014
998
797
716
995
1402
1951
2216
2349
2422
2483
3026
4053
4163
3985
4380
4527
4301
4556
5460
5753
4977
4335
4613
5033
5550
5681
5106
4043
3688
4764
5803
5360
3814
2524
2752
4106
4297
2731
1130
947
1378
1550
995
220
-261
-745
-1318
-1598
-1419
-1635
-2544
-3639
-4049
-3444
-3227
-3931
-4712
-5168
-5229
-4884
-4487
-4396
-4888
-5610
-5222
-4078
-3554
-4000
-4426
-4000
-3247
-2724
-2534
-2364
-2084
-1870
-1777
-1346
-734
-536
-660
-563
-161
285
254
85
92
-453
-711
121
751
-320
-2097
-1723
433
972
-1085
-2890
-2333
-801
-404
-1425
-2708
-2872
-2205
-1993
-2109
-1944
-2070
-2523
-2623
-1895
-1158
-1397
-1576
-962
-774
-1264
-806
643
1069
259
-367
41
1109
1755
1566
916
586
1068
2081
2398
2197
2107
2082
2223
3091
3912
3864
3700
3848
4247
4454
4778
5158
5204
4765
4480
4811
5525
5568
4885
4676
4756
4747
4528
4476
4763
4343
3065
2803
3660
3456
2254
1594
1509
1226
582
290
361
-43
-1313
-1755
-1290
-1381
-2144
-2870
-3005
-2790
-3108
-3870
-4058
-3733
-3946
-4690
-4645
-4352
-4185
-4226
-4296
-4062
-3964
-3759
-3006
-2619
-2955
-2953
-2371
-1646
-1196
-1196
-1289
-756
-223
-315
-172
337
512
264
200
543
740
513
-83
-312
78
791
747
-646
-1587
-370
1232
448
-1553
-2012
-1051
-423
-854
-1772
-2537
-2656
-2356
-2298
-2627
-2929
-2797
-2893
-3253
-2864
-2323
-2395
-2143
-1778
-2114
-2367
-1532
-242
-350
-1405
-1806
-893
447
723
-42
-748
-185
1077
1621
1201
1191
1753
2280
2520
2958
3561
3743
3639
3627
4133
4529
4638
4744
4685
4723
4583
4232
4594
5425
5509
4530
3472
3989
5374
5454
4045
2715
2744
3534
3670
2922
1856
1045
960
1055
1138
584
-244
-771
-1123
-1049
-1221
-1817
-2346
-2630
-2986
-3429
-3420
-3132
-3020
-3710
-4545
-4590
-3894
-3266
-3493
-4468
-4800
-3855
-2497
-2197
-2750
-2831
-2436
-1762
-956
-533
-757
-1024
-673
-74
285
537
650
525
460
1070
1464
1319
1324
1290
770
-23
159
1424
2007
655
-1330
-1309
832
2044
416
-1870
-2073
-771
-296
-1035
-1893
-2688
-3336
-3192
-2553
-2276
-2805
-3567
-3581
-3172
-2673
-2683
-2537
-2013
-1912
-2342
-2418
-991
239
-395
-1533
-1146
-45
625
659
405
498
820
948
1452
2310
2605
2241
2226
2998
3773
3973
3941
4221
4420
4351
4349
4928
5378
5329
4277
3385
4287
5505
5017
3461
2774
3171
3982
3847
3290
2522
1729
1735
2560
2531
1325
207
-247
-238
39
-656
-1593
-1835
-2222
-2579
-2630
-2224
-2437
-3407
-4335
-4274
-3577
-3334
-3820
-4706
-5194
-4612
-3313
-2946
-3752
-4317
-3977
-2708
-1649
-1531
-2111
-2260
-1488
-539
68
273
127
-226
-12
1014
1826
1402
779
967
1317
1307
1667
2169
1857
1115
1072
1433
1527
1036
880
1327
643
-832
-1120
213
1255
-46
-2404
-2642
-1310
-769
-1647
-2948
-3906
-4018
-3618
-3581
-3498
-3503
-3701
-4206
-4058
-2958
-2063
-2152
-2524
-2145
-1971
-1860
-882
257
66
-945
-1174
198
1962
2312
1425
901
1848
3019
3465
3509
3639
3640
3472
3917
5091
5682
5230
4572
4476
5032
5724
5670
4792
4270
4334
4529
4421
4479
4437
3691
2816
2865
3441
3350
2527
1474
1013
1229
1354
858
-109
-741
-898
-1098
-1235
-1528
-1911
-2526
-3054
-3009
-2988
-3312
-3834
-4245
-4056
-4011
-4169
-4079
-4038
-4098
-4246
-4047
-3506
-3034
-2876
-3029
-2725
-2027
-1392
-1136
-1305
-1131
-552
-275
-276
-105
175
154
10
74
524
769
507
341
243
615
951
1007
894
881
1026
919
756
657
160
71
833
687
-913
-1779
-542
553
-444
-2428
-3172
-2518
-1862
-2006
-3039
-4196
-4142
-3421
-3266
-3436
-3235
-3466
-3830
-3263
-2274
-1971
-2078
-1579
-1066
-944
-974
79
1352
1324
705
544
1370
2643
3267
2737
2129
2502
3507
4267
4266
3994
4149
4571
4764
4947
5212
5318
5141
4936
4867
5035
4971
4465
4375
4533
3944
3135
3024
3467
3419
2218
1223
1363
1774
1267
436
-126
-191
-383
-694
-1134
-1464
-1964
-2601
-2523
-2439
-2836
-3358
-3502
-3503
-3391
-3493
-3818
-3778
-3589
-3675
-3644
-3202
-2951
-2906
-2750
-2508
-2199
-1825
-1217
-908
-914
-671
7
272
462
693
686
689
718
1244
1483
1263
925
946
1338
1406
1202
1048
1000
1075
1247
1387
1357
1316
955
866
1196
1073
252
-507
-217
218
-408
-1716
-2189
-1606
-1144
-1734
-3028
-3834
-3501
-2910
-3184
-3865
-4546
-4866
-4587
-3998
-3823
-4065
-4344
-4078
-3424
-2924
-2780
-2371
-1765
-1386
-1363
-1087
-243
855
1361
826
645
1479
2848
3446
3046
2509
2960
3893
4376
4528
4531
4202
4115
4701
5172
5115
4716
4556
4658
4453
4101
4054
4207
3843
3210
2510
2371
2909
2950
2079
1044
853
1084
1171
698
21
-420
-725
-913
-1028
-1327
-1858
-2167
-2472
-2624
-2521
-2613
-2854
-2883
-2935
-3025
-2888
-2585
-2285
-2263
-2384
-2188
-1560
-989
-1063
-1331
-1056
-445
-299
-499
-372
-8
221
186
243
191
432
753
667
359
436
667
827
815
609
540
500
835
1181
1045
775
768
970
1022
800
658
638
458
164
-199
-569
-730
-779
-1031
-1655
-2140
-2219
-2053
-1806
-2087
-2974
-3532
-3188
-2469
-2597
-3379
-3792
-3592
-3243
-3111
-3093
-3099
-2956
-2880
-2484
-2013
-1395
-974
-843
-615
-130
443
905
1545
2111
2036
1883
2336
3285
3826
3455
3190
3443
3997
4341
4223
3727
3603
3823
3952
3692
3411
3333
3203
2943
2672
2659
2522
1971
1455
1420
1366
1169
780
420
232
29
-382
-414
-423
-801
-1335
-1675
-1574
-1359
-1836
-2469
-2721
-2558
-2337
-2305
-2432
-2444
-2274
-2172
-1813
-1534
-1297
-1022
-1015
-812
-253
181
294
101
146
465
938
937
686
693
920
1138
1111
967
919
1109
1063
1105
1243
1187
1119
1355
1528
1353
1109
1080
1300
1244
966
683
652
687
365
12
-226
-330
-644
-1050
-1349
-1742
-2064
-2458
-2548
-2659
-3086
-3353
-3634
-3614
-3497
-3736
-3885
-4148
-4194
-4017
-3963
-4082
-4153
-4147
-4001
-3748
-3326
-2946
-2799
-2634
-2273
-1661
-942
-400
-121
17
576
1439
2133
2564
2777
3103
3399
3796
4207
4482
4359
4182
4319
4632
4840
4543
4367
4460
4334
4077
4018
4012
3788
3505
3189
2954
2969
2714
2329
2044
1809
1687
1572
1264
922
512
199
82
-89
-602
-1027
-1130
-1392
-1770
-1957
-1906
-1889
-2148
-2487
-2504
-2046
-1639
-1766
-1956
-1803
-1347
-1123
-980
-968
-836
-759
-765
-433
-144
-327
-450
-296
-179
-93
-110
-170
-113
58
125
56
245
690
625
285
318
786
1018
677
488
520
513
458
328
344
190
-88
-356
-540
-477
-485
-881
-1410
-1694
-1427
-1489
-1914
-2281
-2305
-2238
-2534
-2808
-2743
-2513
-2568
-2974
-3341
-3028
-2719
-2907
-3235
-3273
-2996
-2837
-2729
-2573
-2303
-2169
-2087
-1809
-1312
-733
-359
-48
189
779
1507
2030
2475
2625
2739
3085
3522
3919
4175
4075
3814
4002
4262
4418
4412
4109
3969
3885
3812
3618
3610
3347
2713
2276
2405
2606
2040
1317
1069
1355
1080
355
53
97
79
-366
-943
-1201
-1136
-1149
-1427
-1680
-1980
-2064
-2058
-1936
-1754
-1805
-1937
-1688
-1145
-932
-878
-611
-399
-392
-285
-105
111
92
9
-6
90
160
237
424
432
217
246
441
614
665
580
528
722
815
892
896
934
1021
902
888
984
905
571
396
357
297
43
-228
-522
-868
-977
-1284
-1579
-1933
-2295
-2349
-2418
-2627
-2959
-3056
-3065
-3031
-3141
-3523
-3559
-3428
-3274
-3458
-3613
-3622
-3466
-3188
-3170
-3170
-3005
-2581
-2334
-2254
-1974
-1411
-957
-835
-530
95
738
1147
1480
1838
2166
2589
3012
3376
3402
3458
3582
3783
4167
4246
3775
3517
3825
4168
4046
3664
3505
3452
3380
3222
3164
2916
2507
2141
1969
1962
1801
1513
1286
1089
880
588
347
360
143
-346
-674
-684
-620
-791
-1133
-1422
-1446
-1412
-1425
-1435
-1527
-1528
-1424
-1342
-1256
-1137
-1135
-1199
-1036
-894
-894
-751
-635
-582
-598
-513
-338
-225
-124
-108
110
305
322
457
581
649
748
736
671
870
919
793
685
537
424
318
79
-286
-464
-643
-837
-1112
-1438
-1571
-1724
-1923
-2070
-2179
-2435
-2728
-2845
-2752
-2815
-3147
-3371
-3416
-3321
-3198
-3111
-3127
-3147
-3017
-2766
-2499
-2253
-2071
-1904
-1817
-1476
-924
-603
-381
-126
119
617
1166
1304
1557
1781
2006
2192
2417
2792
3171
3266
3186
3314
3691
4045
4024
3788
3642
3733
3911
3889
3675
3366
3117
3090
3135
2895
2657
2432
2113
1965
1740
1593
1484
1186
829
509
401
356
141
-74
-455
-628
-698
-896
-920
-1090
-1523
-1692
-1529
-1487
-1568
-1757
-1911
-1877
-1923
-1978
-1963
-2033
-2150
-2109
-1906
-1744
-1744
-1574
-1600
-1602
-1324
-1094
-889
-812
-699
-529
-128
147
350
551
622
714
901
1158
1265
1439
1463
1385
1356
1534
1698
1619
1423
1215
1283
1276
1136
827
498
291
114
61
-81
-433
-742
-932
-1150
-1315
-1501
-1769
-2012
-2248
-2510
-2702
-2898
-3054
-3144
-3366
-3554
-3457
-3179
-3035
-3132
-3046
-2836
-2584
-2319
-2112
-1966
-1774
-1505
-1150
-722
-472
-341
-274
116
694
1074
1083
1335
1751
2112
2421
2642
2869
3078
3326
3552
3657
3720
3985
4072
3986
3791
3835
3983
3856
3625
3237
3037
3067
2889
2503
2163
1891
1649
1446
1234
1057
659
241
93
-81
-409
-766
-1004
-1219
-1391
-1566
-1833
-1965
-2090
-2380
-2734
-2875
-2610
-2619
-2986
-3346
-3343
-3133
-3068
-3182
-3251
-3178
-2923
-2520
-2215
-1940
-1814
-1622
-1251
-857
-457
-170
93
349
654
906
1238
1493
1639
1708
1847
2108
2193
2230
2157
2346
2303
2264
2254
2155
2104
1923
1776
1625
1453
1224
1045
810
542
228
-37
-199
-530
-771
-1141
-1358
-1528
-1785
-2089
-2342
-2231
-2397
-2491
-2457
-2269
-2069
-2008
-1875
-1588
-1535
-1337
-1122
-957
-664
-562
-461
-294
61
344
398
440
773
1064
1077
1315
1558
1807
1957
1958
1985
2131
2305
2487
2417
2202
2236
2320
2360
2406
2294
2124
1937
1930
2038
1829
1576
1294
1086
892
743
524
244
-35
-326
-478
-777
-1027
-1090
-1283
-1826
-2081
-2137
-2155
-2312
-2650
-2849
-2968
-2855
-2965
-3137
-3257
-3249
-3187
-3201
-3086
-2920
-2848
-2834
-2691
-2366
-2145
-2031
-1762
-1445
-951
-700
-397
101
606
973
1014
1421
1905
2094
2359
2625
2776
2903
3042
3158
3255
3361
3409
3379
3474
3498
3432
3258
3105
3107
2946
2687
2240
2019
1774
1410
960
487
140
-291
-677
-1093
-1571
-1952
-2324
-2776
-3239
-3615
-3803
-4058
-4200
-4398
-4483
-4550
-4466
-4235
-4136
-4025
-3797
-3523
-3233
-2897
-2502
-2130
-1829
-1393
-942
-568
-126
341
755
992
1378
1887
2351
2620
2897
3342
3600
3933
4213
4449
4685
4846
4935
4973
5169
5202
4983
4667
4725
4666
4316
3963
3729
3542
3055
2691
2450
2127
1760
1320
933
558
114
-350
-783
-1019
-1364
-1879
-2421
-2729
-2751
-3134
-3653
-3957
-4200
-4452
-4675
-4728
-4836
-4972
-4988
-4978
-4729
-4478
-4300
-4326
-4170
-3775
-3305
-2900
-2602
-2255
-2000
-1758
-1207
-738
-420
-247
18
453
886
1232
1375
1698
1860
2025
2169
2448
2714
2750
2543
2475
2668
2786
2788
2513
2261
2173
2160
2013
1764
1383
989
820
680
429
80
-294
-579
-761
-1054
-1321
-1496
-1652
-1806
-1937
-1992
-2049
-1887
-1903
-1928
-1806
-1679
-1483
-1375
-1216
-999
-716
-524
-301
-90
137
273
381
509
747
992
1231
1300
1381
1670
1919
2113
2111
2142
2265
2424
2450
2548
2390
2295
2334
2279
2222
2145
1979
1718
1604
1450
1257
1051
864
651
436
228
-14
-310
-551
-885
-1163
-1224
-1325
-1468
-1673
-1809
-1921
-2064
-2089
-2152
-2269
-2298
-2317
-2252
-2168
-2147
-2149
-2191
-1980
-1697
-1529
-1499
-1374
-1049
-733
-522
-327
-156
88
337
472
641
890
1068
1101
1128
1192
1333
1510
1615
1613
1604
1646
1702
1741
1737
1692
1625
1525
1433
1442
1446
1260
1052
918
871
672
515
300
-47
-321
-584
-738
-891
-1164
-1498
-1706
-1902
-2016
-2236
-2515
-2682
-2698
-2732
-2757
-2766
-2666
-2615
-2578
-2487
-2392
-2145
-1992
-1745
-1475
-1291
-1079
-741
-449
-237
-61
174
383
734
1054
1222
1361
1684
2046
2215
2350
2596
2857
3019
3335
3470
3499
3499
3641
3791
3641
3449
3417
3408
3290
3189
3030
2776
2563
2462
2261
2024
1817
1562
1252
1019
676
279
-100
-389
-729
-1284
-1717
-1995
-2232
-2595
-2999
-3240
-3386
-3495
-3660
-3918
-4107
-4158
-4123
-4101
-4041
-4032
-3973
-3809
-3433
-3123
-3076
-2893
-2625
-2303
-2050
-1744
-1497
-1301
-992
-768
-637
-335
-11
237
373
484
787
1041
1271
1411
1537
1562
1676
1843
1938
2018
1992
2016
2049
2171
2118
2111
2084
1998
1890
1781
1742
1618
1438
1347
1196
1019
953
801
583
493
361
187
66
11
-17
-248
-309
-213
-154
-182
-221
-215
-182
-94
-31
32
91
111
139
320
434
573
691
726
892
1049
1195
1203
1278
1276
1242
1399
1536
1545
1436
1472
1433
1362
1322
1162
1006
760
709
490
369
215
36
-127
-374
-517
-667
-854
-1031
-1197
-1517
-1688
-1726
-1883
-2179
-2419
-2547
-2675
-2893
-3070
-3157
-3259
-3240
-3231
-3276
-3228
-3156
-3064
-3035
-2846
-2702
-2465
-2222
-1957
-1745
-1562
-1301
-953
-622
-552
-375
-207
115
355
477
665
968
1195
1333
1429
1599
1721
1749
1840
1876
1954
1909
1972
1952
1960
1942
1915
1800
1602
1580
1534
1420
1273
1148
997
834
793
822
682
524
343
341
377
161
-59
-214
-281
-384
-442
-448
-487
-563
-650
-603
-453
-361
-362
-389
-280
-135
-14
137
209
317
436
557
717
959
1084
1095
1175
1296
1486
1575
1635
1671
1739
1882
2035
2135
2121
2202
2236
2260
2356
2351
2265
2162
2040
1949
1817
1573
1324
1209
1045
826
497
317
143
-140
-444
-764
-968
-1223
-1486
-1848
-2044
-2303
-2754
-3140
-3358
-3549
-3727
-3923
-4168
-4187
-4195
-4251
-4252
-4275
-4379
-4325
-4185
-4008
-3847
-3775
-3585
-3402
-3133
-2766
-2504
-2255
-1979
-1625
-1341
-1001
-626
-333
-92
190
496
810
1101
1329
1577
1804
2039
2184
2355
2463
2585
2695
2700
2678
2807
2919
2966
2910
2891
2899
2886
2849
2656
2490
2262
2085
1926
1771
1605
1354
1170
1022
924
795
608
407
266
100
-26
-3
-51
-153
-229
-158
-106
-116
-88
-137
-201
-205
-121
-17
9
82
223
403
569
742
940
979
1036
1212
1441
1634
1673
1647
1671
1760
1760
1634
1572
1487
1442
1368
1214
1013
824
653
424
249
30
-219
-390
-538
-806
-1044
-1382
-1710
-2034
-2343
-2603
-2895
-3164
-3385
-3599
-3780
-3884
-3994
-4116
-4223
-4195
-4198
-4205
-4161
-4115
-4017
-3962
-3802
-3559
-3352
-3151
-2902
-2652
-2428
-2086
-1866
-1524
-1231
-898
-577
-331
75
455
739
1003
1318
1591
1949
2215
2374
2555
2786
2970
3164
3366
3466
3559
3602
3675
3653
3639
3572
3425
3338
3169
2918
2817
2561
2285
2047
1753
1573
1346
1083
850
611
290
54
-218
-514
-678
-789
-942
-1076
-1097
-1148
-1245
-1383
-1492
-1459
-1442
-1464
-1395
-1317
-1204
-1004
-843
-712
-607
-412
-201
15
225
438
664
890
1143
1411
1680
1797
1930
2058
2236
2316
2387
2557
2553
2557
2513
2603
2720
2606
2529
2441
2323
2197
2054
1812
1509
1226
876
643
393
23
-332
-698
-954
-1288
-1646
-1995
-2311
-2549
-2913
-3184
-3373
-3614
-3870
-4071
-4254
-4355
-4466
-4543
-4563
-4612
-4537
-4387
-4301
-4210
-4018
-3703
-3521
-3290
-2996
-2749
-2404
-2185
-1884
-1583
-1265
-1034
-850
-589
-279
120
360
619
936
1235
1477
1674
1895
2181
2333
2456
2596
2732
2793
2783
2839
2865
2842
2783
2688
2566
2532
2420
2187
2032
1842
1673
1537
1370
1170
977
832
791
672
529
472
355
290
255
236
118
58
21
51
-57
-214
-217
-207
-190
-246
-265
-253
-35
95
265
430
530
784
991
1140
1232
1459
1606
1726
1900
2039
2136
2145
2246
2191
2159
2196
2092
2003
1905
1720
1617
1490
1318
1128
952
683
353
120
-166
-482
-734
-1085
-1374
-1618
-1926
-2185
-2462
-2691
-3039
-3317
-3447
-3700
-3868
-3933
-4075
-4202
-4153
-4124
-4143
-4092
-3982
-3860
-3701
-3565
-3386
-3169
-3007
-2722
-2468
-2200
-1999
-1660
-1351
-1130
-845
-550
-256
-61
227
571
862
1111
1341
1572
1803
2037
2206
2321
2437
2573
2661
2741
2798
2836
2803
2806
2753
2681
2598
2499
2452
2322
2167
1997
1876
1795
1602
1339
1120
915
768
538
317
163
-7
-217
-340
-431
-539
-655
-790
-856
-921
-896
-942
-940
-855
-870
-794
-730
-634
-540
-515
-355
-226
-48
143
274
464
611
796
992
1126
1273
1395
1554
1767
1869
1968
1999
2039
2078
2026
1958
1834
1785
1663
1565
1474
1286
1110
923
733
517
270
40
-168
-394
-693
-971
-1224
-1425
-1634
-1917
-2136
-2352
-2444
-2543
-2695
-2787
-2867
-2958
-3115
-3185
-3234
-3242
-3256
-3285
-3237
-3219
-3111
-2991
-2957
-2838
-2731
-2662
-2427
-2223
-2066
-1877
-1708
-1523
-1421
-1265
-1026
-810
-534
-462
-243
38
232
415
499
667
935
1161
1273
1439
1605
1778
1908
2063
2160
2219
2308
2372
2435
2478
2504
2537
2548
2604
2601
2586
2553
2561
2537
2496
2389
2317
2262
2125
2074
1950
1880
1807
1727
1625
1476
1305
1231
1019
811
659
546
459
431
316
218
126
100
115
144
156
156
216
321
393
370
399
369
487
545
497
465
543
557
536
508
429
386
335
292
172
45
-159
-264
-384
-515
-599
-747
-887
-1038
-1230
-1377
-1513
-1694
-1841
-2015
-2227
-2379
-2482
-2714
-2845
-2897
-2997
-3143
-3187
-3165
-3163
-3146
-3164
-3209
-3147
-3027
-2942
-2888
-2844
-2711
-2588
-2454
-2367
-2258
-2120
-1881
-1698
-1480
-1308
-1179
-947
-696
-580
-450
-231
-39
215
450
600
793
1017
1218
1369
1441
1616
1746
1973
2065
2128
2193
2228
2357
2360
2291
2306
2292
2310
2329
2271
2327
2225
2169
2126
2077
2076
2013
1901
1814
1765
1704
1669
1562
1461
1433
1291
1183
1160
1050
978
836
727
675
616
534
455
365
358
320
284
317
338
241
262
366
367
381
374
436
557
694
738
787
866
899
894
908
939
918
962
951
838
843
804
751
714
541
477
375
302
200
-42
-274
-482
-677
-867
-1093
-1309
-1436
-1627
-1776
-1806
-1897
-2153
-2278
-2330
-2435
-2462
-2612
-2762
-2798
-2835
-2865
-2877
-3006
-2968
-3002
-3065
-2988
-2969
-2883
-2808
-2730
-2642
-2561
-2410
-2254
-2140
-2008
-1900
-1794
-1600
-1411
-1294
-1208
-1026
-884
-689
-510
-428
-206
40
251
466
602
793
984
1159
1245
1386
1459
1620
1772
1838
1923
1983
2049
2086
2199
2210
2310
2370
2444
2501
2507
2509
2551
2577
2502
2487
2352
2256
2200
2036
1876
1765
1683
1637
1544
1424
1352
1239
1172
1093
1035
966
917
782
666
646
630
583
503
464
424
388
393
419
379
315
300
323
309
283
279
218
202
127
62
-70
-179
-243
-353
-458
-606
-647
-774
-914
-991
-1055
-1195
-1274
-1303
-1458
-1531
-1637
-1668
-1742
-1835
-1953
-2059
-2051
-2038
-1998
-2097
-2073
-2042
-2014
-1942
-1945
-1922
-1799
-1657
-1559
-1466
-1407
-1350
-1298
-1214
-1133
-1055
-998
-924
-788
-649
-520
-446
-368
-282
-215
-132
-67
131
246
307
429
570
748
868
940
998
1102
1185
1274
1310
1354
1340
1345
1380
1367
1369
1369
1317
1336
1355
1333
1285
1189
1123
995
986
847
802
830
784
787
722
807
726
668
616
508
462
325
273
252
241
122
81
111
86
139
134
114
134
188
278
340
394
424
468
517
552
576
542
533
520
512
465
466
470
462
422
410
391
330
333
300
249
94
15
-10
-147
-225
-369
-467
-485
-509
-620
-767
-873
-1026
-1157
-1281
-1432
-1499
-1604
-1736
-1701
-1720
-1724
-1719
-1711
-1721
-1675
-1598
-1589
-1512
-1531
-1538
-1527
-1516
-1470
-1439
-1393
-1387
-1273
-1202
-1146
-1067
-983
-931
-864
-748
-688
-598
-526
-413
-286
-157
-19
82
183
296
387
460
497
630
731
809
876
978
1124
1149
1214
1293
1342
1387
1446
1447
1491
1510
1499
1538
1511
1503
1513
1540
1501
1499
1425
1395
1383
1361
1361
1307
1290
1275
1271
1218
1151
1138
1121
1145
1113
1095
1152
1143
1157
1140
1109
1179
1142
1134
1085
1030
1037
943
886
825
752
678
580
534
462
326
225
97
45
-133
-314
-438
-564
-605
-787
-912
-963
-1087
-1174
-1360
-1479
-1597
-1655
-1803
-1928
-1984
-2008
-2044
-2135
-2154
-2201
-2198
-2272
-2320
-2305
-2329
-2319
-2250
-2242
-2194
-2113
-2067
-1984
-1870
-1866
-1787
-1658
-1567
-1488
-1436
-1261
-1135
-1026
-924
-778
-630
-481
-343
-260
-113
-29
45
126
215
303
387
474
586
720
843
926
996
1081
1135
1175
1182
1198
1231
1209
1254
1270
1321
1384
1375
1489
1497
1494
1561
1524
1531
1513
1468
1466
1449
1402
1421
1355
1311
1310
1251
1239
1207
1158
1152
1047
1044
989
896
875
814
743
654
650
587
554
486
457
502
474
483
452
447
458
434
369
351
264
258
136
61
2
-63
-98
-172
-220
-292
-311
-367
-410
-527
-531
-572
-642
-706
-784
-838
-887
-920
-975
-1011
-1016
-1050
-1106
-1216
-1267
-1275
-1312
-1374
-1389
-1478
-1435
-1407
-1475
-1432
-1473
-1463
-1427
-1400
-1416
-1395
-1381
-1337
-1242
-1217
-1201
-1172
-1110
-985
-900
-833
-777
-690
-603
-592
-521
-415
-362
-288
-166
-57
43
132
198
290
349
404
462
507
597
685
800
828
794
868
928
996
1033
1070
1093
1142
1206
1218
1232
1246
1233
1265
1271
1286
1274
1245
1203
1118
1060
1007
1006
933
897
899
865
874
817
710
664
603
553
495
484
421
337
277
259
203
217
195
135
158
100
160
206
166
173
114
115
139
144
155
124
137
128
48
27
-3
-84
-133
-218
-232
-236
-209
-272
-348
-412
-447
-427
-543
-567
-584
-598
-580
-596
-602
-617
-661
-711
-727
-771
-861
-916
-992
-1087
-1105
-1161
-1181
-1166
-1261
-1223
-1188
-1232
-1176
-1143
-1130
-1071
-1020
-1011
-933
-871
-839
-782
-720
-613
-563
-472
-420
-395
-331
-248
-115
-74
1
92
154
235
318
358
467
544
578
683
731
816
824
891
937
940
946
904
924
903
911
852
812
826
846
820
797
784
760
789
738
680
722
648
549
539
479
450
413
353
325
344
313
300
326
322
322
380
368
395
445
410
354
343
348
312
315
291
309
266
282
376
395
390
419
445
461
499
459
489
488
459
419
359
371
328
337
263
268
247
172
123
70
27
-73
-149
-249
-371
-444
-546
-639
-705
-793
-910
-973
-1012
-1049
-1124
-1164
-1236
-1295
-1396
-1470
-1523
-1604
-1698
-1778
-1759
-1765
-1731
-1696
-1637
-1552
-1497
-1432
-1384
-1325
-1195
-1138
-1086
-937
-835
-738
-642
-577
-495
-385
-260
-157
-82
-6
88
249
369
487
564
647
783
887
974
1050
1094
1154
1164
1220
1294
1351
1348
1324
1373
1375
1377
1365
1338
1297
1276
1234
1186
1179
1031
906
841
742
748
718
603
548
528
499
494
475
415
375
399
402
412
381
269
248
154
84
61
-31
-79
-195
-236
-250
-253
-309
-381
-390
-458
-481
-456
-560
-552
-562
-577
-571
-588
-485
-568
-586
-561
-609
-558
-582
-554
-528
-535
-484
-429
-403
-375
-367
-373
-405
-343
-324
-314
-387
-408
-366
-364
-341
-306
-271
-332
-297
-212
-245
-350
-407
-383
-416
-465
-417
-442
-518
-474
-457
-449
-407
-452
-449
-356
-307
-207
-135
-102
-24
20
49
104
195
257
266
373
483
613
722
772
844
837
839
877
982
993
1017
1090
1159
1199
1233
1164
1106
1074
1016
980
912
866
770
746
654
596
527
437
383
300
249
152
62
42
-37
-150
-189
-202
-194
-232
-262
-268
-301
-252
-280
-263
-240
-261
-254
-287
-232
-221
-190
-193
-143
-195
-181
-184
-166
-179
-260
-261
-319
-261
-271
-308
-341
-370
-362
-349
-358
-341
-357
-314
-293
-308
-318
-327
-352
-340
-353
-355
-354
-376
-388
-440
-414
-412
-404
-385
-431
-463
-488
-520
-595
-615
-627
-681
-723
-709
-700
-763
-773
-787
-835
-795
-788
-816
-838
-858
-867
-881
-863
-853
-746
-664
-597
-500
-420
-307
-254
-124
-45
94
255
388
535
648
757
803
929
1007
1053
1180
1205
1279
1327
1343
1407
1433
1414
1390
1419
1389
1443
1385
1378
1384
1306
1355
1309
1230
1230
1151
1077
1048
1007
915
833
778
602
486
417
389
297
253
223
168
135
109
72
64
-4
-84
-103
-183
-212
-291
-341
-409
-454
-473
-535
-582
-607
-641
-662
-651
-652
-652
-666
-700
-693
-693
-731
-715
-758
-737
-747
-742
-721
-704
-660
-593
-566
-594
-513
-478
-479
-450
-458
-465
-455
-473
-509
-529
-523
-555
-546
-497
-505
-470
-436
-401
-403
-357
-346
-310
-257
-231
-187
-197
-165
-195
-199
-225
-278
-248
-227
-196
-172
-150
-127
-105
-81
-37
-24
-8
-33
5
54
70
84
79
114
103
106
122
170
199
190
217
271
337
364
378
391
394
416
428
440
476
454
500
509
508
515
527
577
586
613
588
602
590
640
557
526
533
441
451
391
349
378
350
337
274
245
210
156
169
104
67
79
20
-22
51
11
-8
12
11
52
48
100
77
78
112
77
95
98
75
43
0
68
111
89
89
75
75
55
22
-48
-74
-135
-168
-190
-219
-270
-318
-368
-439
-439
-491
-543
-588
-610
-647
-717
-731
-767
-755
-763
-798
-803
-820
-789
-802
-788
-752
-709
-711
-697
-610
-538
-506
-441
-366
-277
-206
-162
-75
-41
-28
56
107
150
298
354
430
514
580
619
688
726
752
815
835
949
977
1042
1049
1088
1116
1104
1127
1099
1082
1067
1037
968
929
866
793
751
702
623
543
476
424
332
208
142
77
19
-49
-157
-219
-247
-340
-444
-536
-593
-671
-723
-811
-826
-815
-885
-911
-960
-994
-1028
-1022
-1029
-1028
-1025
-1036
-959
-915
-856
-825
-844
-755
-713
-667
-623
-526
-536
-497
-426
-468
-408
-383
-325
-294
-256
-202
-166
-171
-178
-175
-192
-179
-177
-98
-84
-45
39
58
115
210
210
217
229
228
235
218
224
217
207
253
260
270
296
314
346
377
448
507
528
584
618
644
741
733
784
797
791
845
863
882
941
943
979
1007
1012
1041
1077
1078
1059
1072
1019
1023
1025
988
921
872
803
724
666
582
511
465
396
342
274
188
98
-2
-69
-119
-181
-249
-276
-303
-340
-415
-463
-566
-570
-647
-727
-712
-748
-765
-815
-792
-856
-843
-854
-864
-845
-824
-802
-800
-722
-742
-673
-638
-661
-651
-596
-564
-530
-490
-468
-438
-439
-437
-474
-409
-416
-409
-390
-368
-313
-323
-329
-323
-385
-365
-434
-482
-446
-479
-460
-500
-460
-482
-507
-504
-500
-532
-518
-570
-603
-577
-630
-586
-602
-610
-563
-567
-541
-555
-565
-537
-522
-497
-479
-443
-430
-359
-303
-233
-176
-104
-41
62
153
219
296
365
485
599
730
818
908
1047
1146
1221
1366
1432
1524
1553
1620
1717
1778
1887
1868
1882
1909
1879
1875
1832
1798
1782
1733
1713
1665
1566
1454
1386
1270
1159
1065
989
873
784
696
577
473
335
245
120
-25
-159
-266
-437
-528
-597
-704
-734
-830
-884
-1001
-1060
-1090
-1154
-1183
-1215
-1269
-1352
-1332
-1386
-1380
-1382
-1403
-1361
-1305
-1234
-1185
-1167
-1136
-1138
-1086
-1066
-1048
-1012
-1015
-952
-902
-833
-731
-667
-602
-557
-494
-457
-431
-389
-418
-394
-378
-400
-370
-342
-322
-293
-290
-242
-203
-170
-199
-189
-219
-224
-138
-193
-180
-197
-184
-120
-116
-49
-24
46
93
149
262
279
331
366
446
508
560
597
669
689
782
814
855
1014
1009
1079
1168
1199
1286
1296
1350
1363
1371
1413
1380
1401
1338
1329
1307
1288
1233
1210
1163
1082
967
863
792
612
569
447
349
253
118
68
-85
-195
-278
