SAMPLES:	12517
BITSPERSAMPLE:	16
CHANNELS:	1
SAMPLERATE:	16000
NORMALIZED:	FALSE
-208
-229
-226
-251
-241
-226
-228
-178
-204
-201
-224
-237
-221
-241
-221
-220
-214
-220
-232
-232
-257
-221
-284
-271
-268
-262
-230
-259
-251
-275
-294
-310
-307
-288
-262
-273
-277
-245
-262
-269
-240
-280
-249
-220
-203
-164
-160
-119
-118
-124
-110
-144
-131
-126
-143
-100
-66
-62
-67
-46
-22
-46
17
13
6
92
67
131
168
157
164
205
195
217
244
254
284
276
290
292
263
258
252
261
253
268
291
270
312
310
291
282
264
234
244
269
251
278
286
255
251
248
243
246
246
250
246
251
232
252
266
246
227
220
185
178
162
115
129
87
109
96
82
88
66
47
-7
-21
-61
-61
-86
-84
-114
-121
-126
-141
-152
-178
-156
-197
-177
-206
-255
-256
-302
-302
-326
-332
-346
-408
-410
-440
-456
-470
-478
-484
-444
-437
-426
-424
-411
-423
-456
-417
-418
-406
-364
-345
-333
-288
-283
-245
-227
-213
-140
-127
-69
-17
6
79
87
86
136
191
245
257
304
328
364
362
350
374
378
392
431
458
458
487
487
506
516
520
534
534
524
533
524
499
531
487
468
489
426
442
433
406
371
329
322
303
274
244
229
212
183
153
132
86
30
-15
-54
-120
-154
-153
-230
-212
-224
-270
-242
-247
-290
-315
-325
-349
-358
-373
-382
-398
-397
-398
-383
-404
-379
-364
-355
-361
-342
-346
-364
-369
-370
-356
-337
-319
-326
-323
-298
-293
-314
-328
-361
-366
-374
-387
-383
-370
-339
-370
-362
-366
-358
-312
-322
-301
-327
-306
-327
-310
-252
-260
-225
-168
-163
-138
-108
-112
-78
-32
9
72
100
114
143
183
182
225
257
256
293
302
335
353
378
401
402
442
472
481
490
499
493
467
459
449
401
395
431
432
439
404
394
381
387
382
376
399
345
342
338
317
341
337
327
327
309
353
377
380
390
359
355
323
329
354
333
348
327
303
291
271
280
258
257
202
218
150
130
105
14
5
-67
-97
-118
-116
-155
-165
-191
-221
-243
-289
-320
-370
-430
-472
-516
-537
-571
-614
-651
-683
-694
-694
-718
-734
-755
-793
-785
-799
-802
-812
-763
-747
-736
-684
-702
-639
-612
-582
-560
-538
-481
-486
-457
-444
-419
-412
-342
-344
-297
-259
-251
-213
-180
-127
-97
-30
15
66
131
149
179
202
210
277
274
321
321
334
379
388
425
443
473
528
519
565
579
618
619
609
615
635
645
635
615
620
639
604
572
586
573
577
586
589
619
607
625
612
605
585
569
560
525
485
461
407
374
334
252
204
160
134
87
70
31
-11
-7
-54
-82
-100
-133
-159
-185
-198
-221
-187
-225
-227
-247
-242
-234
-288
-289
-336
-317
-325
-382
-425
-412
-428
-438
-382
-422
-423
-425
-437
-428
-455
-460
-486
-450
-428
-414
-417
-429
-434
-470
-482
-491
-503
-489
-453
-438
-389
-367
-358
-346
-349
-317
-299
-233
-193
-141
-92
-84
-55
-71
-77
-74
-74
-54
-51
-77
-34
-12
12
37
71
91
74
78
96
133
128
139
168
126
178
175
158
199
230
239
235
265
277
315
307
280
280
285
303
290
317
290
294
291
291
303
262
278
269
243
219
224
238
228
258
280
242
284
333
320
327
323
331
356
347
357
342
303
297
267
222
210
169
149
129
104
70
50
30
11
-65
-84
-91
-156
-154
-185
-178
-204
-223
-239
-256
-261
-293
-298
-312
-311
-355
-330
-362
-370
-317
-300
-292
-276
-263
-251
-236
-232
-235
-249
-226
-191
-199
-187
-191
-169
-171
-210
-166
-171
-128
-112
-78
-71
-92
-69
-48
-47
-43
-37
-73
-14
0
3
-31
-49
-66
-87
-96
-121
-104
-114
-111
-105
-135
-140
-155
-113
-116
-81
-27
-49
-32
7
-9
33
31
-10
31
21
33
64
87
117
110
150
140
170
192
204
236
250
286
351
361
379
418
389
404
367
373
387
356
358
366
340
363
350
340
338
310
310
253
225
239
216
189
182
157
137
110
105
68
34
-6
-37
-47
-114
-102
-147
-191
-227
-278
-294
-276
-271
-245
-229
-240
-193
-218
-202
-238
-228
-214
-217
-227
-190
-170
-198
-182
-209
-231
-220
-213
-206
-164
-185
-155
-111
-115
-100
-78
-58
-54
-45
-62
-85
-72
-84
-83
-96
-93
-102
-114
-96
-119
-136
-130
-125
-123
-72
-50
-45
-11
9
8
32
32
51
59
48
53
44
69
65
111
107
113
175
186
222
187
205
213
228
255
253
284
269
290
293
256
252
270
226
199
220
183
162
144
132
111
139
125
93
136
119
131
122
85
74
61
20
-12
-42
-87
-97
-139
-144
-196
-194
-208
-240
-203
-244
-223
-239
-240
-225
-229
-202
-192
-193
-198
-171
-150
-155
-151
-156
-133
-119
-114
-104
-122
-148
-123
-113
-141
-135
-166
-208
-199
-167
-214
-210
-189
-188
-141
-132
-165
-167
-139
-178
-180
-176
-178
-166
-133
-112
-127
-107
-103
-108
-78
-109
-67
-57
-36
4
5
0
19
16
-12
0
-20
-1
-17
12
16
43
51
74
115
128
165
181
229
236
245
263
259
296
314
335
340
365
395
380
411
403
440
465
449
494
486
463
454
462
434
431
450
445
452
455
476
453
443
407
376
377
330
346
276
260
215
149
146
73
42
-8
-29
-52
-60
-81
-117
-171
-229
-217
-240
-266
-268
-314
-338
-348
-379
-401
-416
-464
-483
-465
-490
-428
-429
-415
-390
-400
-376
-428
-397
-426
-472
-468
-493
-494
-475
-448
-473
-426
-436
-429
-398
-397
-356
-326
-327
-317
-316
-281
-251
-254
-216
-245
-198
-197
-174
-155
-174
-121
-154
-101
-73
-56
-32
-69
-41
-3
-17
46
36
79
110
84
166
179
172
217
223
236
260
267
294
282
303
308
325
352
353
397
403
407
428
448
465
468
476
481
458
465
506
505
480
476
451
397
381
339
302
283
228
245
190
159
150
99
43
27
-18
-43
-29
-28
-52
-49
-47
-74
-40
-23
-25
-10
12
12
35
25
15
22
-13
-1
20
0
25
19
24
45
23
45
8
-16
-3
-14
-23
-49
1
-35
-63
-30
-75
-74
-96
-100
-87
-107
-83
-70
-102
-66
-67
-85
-80
-100
-120
-111
-186
-190
-189
-196
-207
-192
-206
-217
-191
-219
-197
-227
-214
-200
-189
-158
-147
-141
-164
-159
-148
-182
-187
-163
-196
-228
-181
-172
-152
-116
-103
-105
-93
-100
-73
-95
-109
-74
-132
-90
-98
-96
-113
-97
-87
-106
-89
-76
-37
-11
6
-6
22
20
13
32
43
44
49
45
70
50
54
27
-22
-48
-58
-43
-79
-66
-82
-48
-76
-74
-74
-74
-46
-82
-77
-69
-21
-75
-65
-58
-47
-60
-43
-41
-38
-15
-16
36
11
53
47
51
84
104
124
129
161
160
156
165
185
181
202
211
232
191
182
218
219
191
166
184
191
201
215
190
203
208
188
223
189
224
224
240
250
292
274
263
263
249
264
252
232
213
236
235
251
244
235
189
191
191
158
146
142
99
113
95
49
46
18
-44
-16
-23
-34
-29
-44
-63
-85
-82
-105
-81
-141
-123
-140
-142
-155
-178
-173
-193
-203
-231
-231
-281
-244
-276
-300
-289
-341
-331
-316
-279
-268
-257
-216
-195
-163
-187
-201
-187
-177
-136
-120
-91
-72
-26
-33
-15
4
2
-1
6
51
57
74
41
75
91
69
76
65
65
52
63
44
10
38
24
16
23
21
10
10
24
4
0
-23
-73
-75
-137
-172
-182
-212
-256
-248
-293
-329
-349
-366
-382
-421
-413
-453
-434
-388
-391
-398
-383
-386
-384
-388
-358
-331
-306
-255
-246
-202
-161
-147
-122
-77
-60
-46
27
16
58
85
114
184
198
258
285
295
337
388
408
438
496
470
528
548
556
573
554
608
588
625
651
681
653
645
670
630
632
593
622
574
575
632
576
594
560
536
516
481
440
427
368
349
341
288
236
214
198
161
187
118
92
53
27
-21
-56
-55
-141
-154
-193
-208
-244
-277
-276
-314
-319
-383
-385
-367
-454
-458
-511
-570
-584
-655
-688
-667
-685
-664
-689
-703
-713
-737
-739
-748
-748
-791
-753
-778
-749
-715
-742
-734
-654
-631
-595
-517
-495
-442
-408
-369
-316
-323
-250
-190
-171
-104
-57
-8
-5
25
68
74
127
175
193
236
326
370
398
459
483
505
526
538
541
577
555
524
542
524
522
533
514
527
539
530
545
491
461
422
359
359
304
286
274
228
207
164
142
84
88
47
9
-5
-33
-42
-68
-117
-119
-131
-146
-124
-121
-111
-107
-124
-124
-132
-161
-152
-165
-162
-126
-113
-78
-134
-115
-125
-161
-141
-154
-151
-109
-120
-112
-6
-58
-41
-10
-10
44
55
98
74
100
79
79
105
110
140
120
98
107
119
107
113
126
131
112
174
184
192
230
222
221
214
172
134
146
122
118
67
99
97
105
117
89
87
73
50
-2
-19
-30
-46
-36
-63
-42
-71
-122
-75
-101
-105
-115
-89
-84
-113
-122
-121
-137
-153
-148
-164
-135
-118
-93
-28
-7
-18
-24
-3
-47
-40
-53
-113
-130
-188
-220
-208
-251
-302
-279
-302
-315
-296
-307
-271
-273
-257
-228
-232
-176
-182
-158
-96
-59
-30
41
109
146
193
216
270
304
341
368
414
491
437
358
163
-38
-228
-607
-949
-1219
-1470
-1645
-1637
-1550
-1346
-1041
-709
-349
3
284
506
539
463
411
362
285
290
439
608
902
1256
1594
1785
1901
1860
1572
1174
629
19
-625
-1261
-1748
-2065
-2142
-2049
-1768
-1354
-901
-380
40
320
492
592
550
455
443
474
622
924
1324
1797
2322
2749
3049
3220
3121
2839
2385
1747
1057
396
-204
-637
-836
-936
-847
-618
-260
5
202
332
283
153
-18
-203
-336
-416
-381
-199
13
231
287
-33
-528
-962
-1655
-2656
-3624
-4313
-4714
-4726
-4309
-3548
-2532
-1369
-229
839
1619
2090
2098
1602
942
434
-89
-530
-633
-397
18
620
1504
2099
2456
2564
2248
1569
567
-540
-1889
-3218
-4116
-4594
-4710
-4402
-3571
-2439
-1267
-112
1076
1880
2368
2566
2397
2140
1875
1660
1432
1271
1465
1881
2272
2789
3248
3486
3405
3104
2606
1734
654
-429
-1582
-2561
-3046
-3221
-3257
-2937
-2184
-1368
-549
200
784
1022
996
866
603
111
-244
-514
-714
-578
-189
417
1058
1680
2287
2775
2924
2936
2611
1953
1217
433
-373
-1169
-1782
-2209
-2478
-2612
-2432
-2119
-1815
-1566
-1266
-1144
-1070
-967
-861
-793
-664
-395
-152
265
711
1143
1438
1673
1921
2015
1999
1914
1733
1582
1352
1236
1198
937
775
777
605
518
391
174
128
-189
-361
-363
-592
-673
-602
-498
-299
166
635
798
684
460
-19
-839
-1773
-2800
-3877
-4840
-5310
-5261
-4907
-4047
-2901
-1628
-280
1081
2121
2550
2434
1914
1193
204
-555
-1033
-1255
-1059
-350
756
1787
2841
3657
3970
3841
3292
2326
894
-745
-2231
-3624
-4625
-5114
-4988
-4508
-3605
-2248
-875
361
1386
2069
2191
1999
1655
1173
581
185
30
233
774
1686
2677
3416
4143
4780
5024
4778
4238
3329
2053
882
-181
-1102
-1684
-2106
-2108
-1677
-1116
-484
189
502
633
687
426
80
-274
-688
-1022
-1162
-909
-495
1
708
1324
1892
2367
2644
2597
2142
1580
956
213
-507
-1047
-1565
-1952
-2013
-1789
-1515
-1102
-613
-274
6
192
284
123
-134
-567
-1411
-2657
-3792
-4421
-5241
-6185
-6778
-6732
-6098
-5046
-3603
-2056
-620
847
2155
2923
3420
3513
3028
1992
1124
775
517
306
611
1305
2074
3072
4000
4448
4374
3924
2935
1444
-114
-1675
-3428
-5078
-6038
-6209
-5962
-5316
-4040
-2490
-1013
600
2048
2887
3385
3520
3229
2802
2467
2225
1958
1909
2328
3104
3791
4493
5182
5375
5229
4979
4391
3298
1919
496
-923
-2194
-2816
-3167
-3345
-3072
-2219
-1266
-275
629
1247
1468
1292
1018
546
-120
-835
-1375
-1811
-1918
-1482
-903
-310
464
1166
1880
2323
2500
2364
1667
832
18
-784
-1456
-1943
-2183
-2243
-1992
-1360
-770
-377
-26
137
124
-43
-312
-618
-1002
-1246
-1305
-1177
-784
-193
427
893
1414
1645
1226
258
-866
-2031
-3565
-5251
-6722
-7562
-7801
-7373
-6291
-4924
-3081
-1144
638
2034
2896
3352
2963
1927
798
-29
-893
-1595
-1504
-905
59
1408
2810
3934
4837
5239
4952
3968
2521
858
-1255
-3355
-4886
-5823
-6372
-6285
-5379
-4170
-2630
-851
672
1905
2809
3308
3439
3213
2906
2620
2238
2075
2339
2778
3382
4209
5017
5688
6165
6310
6184
5483
4382
3218
1721
151
-1106
-1998
-2791
-3034
-2721
-2069
-1149
-41
918
1697
2253
2434
2281
1715
1069
494
-163
-622
-587
-397
-118
596
1438
2094
2565
2797
2734
2290
1612
632
-404
-1552
-2510
-3232
-3718
-3775
-3599
-3221
-2746
-2228
-1724
-1388
-1265
-1430
-1423
-1668
-1825
-1777
-1769
-1486
-999
-295
323
855
1351
1593
1704
1494
668
-698
-2329
-3700
-5182
-6835
-8227
-8891
-9015
-8585
-7345
-5712
-3962
-1947
-98
1403
2400
3013
2936
2162
1324
883
627
459
833
1841
3118
4432
5945
7094
7569
7612
6889
5433
3564
1410
-1068
-3630
-5697
-6950
-7604
-7827
-7231
-5971
-4516
-2840
-1057
368
1375
2100
2421
2414
2337
2326
2300
2385
2969
3886
4718
5701
6680
7255
7412
7427
7156
6126
4716
3279
1686
105
-1150
-2028
-2569
-2869
-2654
-1976
-1427
-795
-228
-64
-18
6
-180
-691
-1108
-1181
-1250
-1112
-483
315
1004
1877
2827
3578
4021
4124
3811
3147
2138
1104
180
-1044
-1934
-2420
-2859
-3019
-2704
-2272
-1979
-1617
-1187
-920
-887
-999
-1077
-1338
-1418
-1431
-1501
-1439
-1316
-987
-758
-763
-1330
-2198
-2892
-3776
-4995
-6356
-7397
-7790
-7735
-7217
-6104
-4510
-2840
-874
1099
2681
3884
4587
4462
3930
3555
3083
2428
1764
1529
1625
1994
2417
2918
3182
3047
2702
1919
781
-515
-2128
-4144
-5853
-6930
-7598
-8019
-7881
-7040
-5887
-4440
-2785
-1219
164
1324
2307
3086
3638
4191
4637
4792
5236
5890
6485
7018
7456
7940
8135
7822
7375
6679
5308
3794
2354
646
-874
-2120
-3072
-3732
-3875
-3655
-3199
-2558
-2014
-1393
-927
-850
-771
-646
-1018
-980
-663
-410
281
1155
2039
2962
4016
4783
5331
5541
5344
4875
3960
2752
1586
420
-928
-1985
-2592
-3039
-3158
-2877
-2541
-2287
-1837
-1424
-1085
-956
-861
-894
-1145
-1163
-1183
-1187
-1241
-1229
-1128
-1311
-2000
-2784
-3244
-3841
-4934
-5872
-6460
-6780
-6501
-6002
-5272
-4240
-3041
-1665
-394
614
1564
2111
1944
1807
1977
1946
1640
1587
1531
1598
1970
2261
2187
2056
1826
1403
607
-319
-1246
-2329
-3752
-4981
-5605
-6169
-6636
-6568
-6057
-5261
-4017
-2543
-1156
133
1710
3020
3961
4917
5748
6278
6453
6755
7106
7230
7111
7045
6921
6644
6325
5644
4778
3795
2820
1725
443
-545
-1248
-1913
-2483
-2422
-2165
-1944
-1555
-1097
-767
-679
-607
-611
-813
-864
-603
-339
62
807
1700
2402
3157
3889
4340
4529
4334
3965
3307
2259
1454
519
-647
-1441
-2013
-2585
-2894
-2833
-2807
-2732
-2667
-2421
-2062
-1969
-1680
-1294
-1151
-880
-462
-369
-346
-282
-369
-753
-1240
-2189
-3439
-4320
-5075
-5944
-6941
-7448
-7446
-6908
-6092
-4957
-3462
-2227
-856
592
1512
2180
2570
2395
1909
1737
1799
1745
1770
2013
2547
3012
3471
3658
3384
2777
1863
776
-638
-2167
-3559
-5081
-6461
-7033
-7096
-7038
-6663
-5832
-4745
-3609
-2190
-825
179
1093
1969
2762
3504
4220
4906
5440
6035
6921
7704
8252
8538
8814
8597
7891
7170
5986
4404
2759
1195
-278
-1374
-2135
-2589
-2589
-2381
-1807
-1022
-420
118
433
328
-181
-494
-963
-1557
-1661
-1600
-1214
-342
735
1909
2998
3911
4600
5019
4933
4397
3541
2265
883
-243
-1276
-2308
-2897
-3112
-3114
-2647
-1900
-1157
-557
-10
508
651
665
415
-20
-599
-1161
-1469
-1840
-2085
-2284
-2313
-2366
-2719
-3321
-3953
-4337
-5118
-6251
-7108
-7503
-7620
-7283
-6713
-5794
-4381
-2780
-1144
351
1650
2705
3165
3074
3125
3184
2834
2435
2285
2211
2167
2317
2275
1945
1563
1108
190
-1005
-2180
-3509
-5034
-6584
-7541
-7993
-8385
-8295
-7635
-6643
-5331
-3755
-2247
-928
439
1788
2803
3700
4669
5412
6016
6696
7546
8351
8944
9440
9755
9765
9362
8760
7870
6541
5011
3596
2062
740
-33
-835
-1389
-1530
-1368
-1042
-664
-434
-381
-531
-909
-1115
-1449
-1954
-2157
-2116
-1923
-1147
44
1093
2124
3352
4350
4944
5268
5124
4506
3506
2186
965
-291
-1445
-2479
-3144
-3584
-3428
-2889
-2572
-2079
-1512
-1064
-805
-626
-798
-1166
-1689
-2179
-2678
-3185
-3628
-3844
-3996
-4072
-4265
-4445
-4494
-4456
-4660
-5149
-5372
-5253
-4869
-4378
-3739
-2800
-1776
-420
913
1973
2913
3464
3619
3423
3339
3265
2863
2393
2078
1932
1812
1715
1469
942
445
-223
-1087
-2208
-3355
-4438
-5798
-7083
-7778
-8217
-8569
-8460
-7937
-6924
-5664
-4294
-2747
-1354
-56
1326
2537
3639
4774
5742
6370
7000
7839
8460
8756
8899
9006
8857
8223
7558
6714
5432
4114
2872
1568
483
-363
-1046
-1700
-1924
-1993
-1960
-1925
-2038
-2069
-2203
-2408
-2463
-2341
-2320
-2004
-1236
-464
592
1993
3084
4012
4998
5809
6184
6174
5814
5239
4396
3313
2426
1394
277
-605
-1358
-2034
-2407
-2504
-2671
-2839
-2855
-2725
-2616
-2356
-2047
-1801
-1588
-1135
-659
-571
-455
-394
-532
-705
-965
-1234
-2073
-3155
-3686
-3921
-4615
-5415
-5587
-5676
-5473
-4785
-3917
-3072
-2257
-1066
-121
572
1299
1886
1749
1271
1355
1406
1204
1026
1020
1058
1066
1095
892
346
-321
-976
-1936
-3086
-4054
-4971
-6129
-7242
-7719
-7940
-8101
-7793
-7011
-6093
-4937
-3296
-1783
-326
1346
2872
4166
5184
6291
7284
7873
8256
8825
9081
9042
9012
8530
8054
7481
6686
5681
4561
3624
2710
1769
851
284
-294
-949
-1169
-1227
-1495
-1779
-1881
-2088
-2124
-1916
-1787
-1420
-950
-248
584
1460
2358
3057
3625
4022
4297
4470
4284
3779
3181
2317
1524
735
-175
-1121
-2006
-2601
-3023
-3268
-3537
-3696
-3677
-3737
-3460
-3112
-2858
-2482
-2253
-1861
-1564
-1413
-1343
-1380
-1568
-1628
-1641
-1597
-1973
-2917
-3449
-3706
-4179
-4859
-5349
-5593
-5432
-4932
-4281
-3289
-2222
-1129
-26
942
1903
2765
3065
2878
2850
3203
3224
3121
3063
3060
2988
2813
2638
2142
1511
674
-350
-1646
-2921
-4139
-5556
-6905
-7940
-8278
-8416
-8375
-7584
-6469
-5263
-3683
-1997
-484
1103
2501
3701
4686
5600
6358
6820
7142
7536
7975
8103
8255
8441
8400
8072
7441
6748
5802
4540
3321
1965
642
-462
-1440
-2313
-2849
-3082
-3301
-3354
-3197
-3070
-2856
-2645
-2535
-2317
-2031
-1627
-1015
-279
456
1397
2526
3479
4380
5145
5637
5821
5668
5231
4574
3634
2458
1264
13
-1074
-1883
-2410
-2741
-2860
-2725
-2329
-1977
-1621
-1345
-1385
-1503
-1732
-2167
-2571
-3192
-3779
-4222
-4429
-4449
-4817
-5091
-4951
-4673
-4711
-5003
-5015
-4756
-4461
-3988
-3362
-2490
-1637
-604
499
1518
2425
3307
3718
3582
3860
4162
3967
3623
3435
3087
2623
2269
1806
1123
310
-481
-1473
-2613
-3538
-4593
-5850
-7130
-7970
-8462
-8925
-8998
-8508
-7781
-6690
-5110
-3448
-1783
-42
1706
3256
4592
5862
6948
7532
8038
8574
8900
8994
9004
8809
8521
8229
7821
7111
6201
5191
4179
3165
2009
1061
46
-1085
-1837
-2185
-2525
-2944
-3092
-3207
-3208
-2841
-2355
-2051
-1532
-828
-148
788
1673
2569
3205
3637
4337
4940
5149
5205
4925
4388
3872
3274
2483
1632
674
-276
-981
-1677
-2321
-2800
-3440
-4095
-4392
-4437
-4568
-4546
-4450
-4372
-4192
-3876
-3545
-3478
-3339
-3316
-3279
-3457
-4040
-4578
-4964
-5293
-5641
-6047
-6056
-5542
-4833
-3921
-2774
-1519
-335
876
1870
2511
3091
3151
2805
2239
1815
1665
1483
1320
1365
1728
2003
2113
2251
2054
1627
946
-146
-1332
-2528
-3824
-5351
-6580
-7367
-7711
-7845
-7625
-6728
-5518
-4153
-2587
-1023
413
1794
2995
4125
5145
5997
6605
7045
7535
8167
8620
8834
8952
8832
8575
8239
7719
6856
5894
4556
3355
2316
1083
247
-608
-1598
-2085
-2151
-2287
-2405
-2436
-2632
-2793
-2724
-2792
-2695
-2529
-2295
-1690
-916
-5
1195
2225
3015
3818
4598
4903
5049
4814
4243
3586
2831
1963
952
66
-754
-1358
-1830
-2118
-2191
-2308
-2598
-2585
-2613
-2836
-3124
-3468
-3852
-4144
-4382
-4689
-4833
-4907
-4803
-4752
-5155
-5587
-5519
-5489
-6079
-6421
-6217
-5765
-4906
-3716
-2367
-837
790
2425
3674
4779
5486
5772
5296
4618
4482
4155
3472
2873
2748
2734
2801
2974
2850
2446
1853
1049
-246
-1717
-3011
-4626
-6519
-8019
-8817
-9283
-9511
-9210
-8327
-7062
-5555
-3796
-2072
-650
633
1791
2556
3270
4148
4704
5077
5717
6677
7518
8229
8866
9296
9309
9126
8764
7752
6305
4802
3139
1367
-65
-1174
-2123
-2834
-3066
-2760
-2396
-1997
-1618
-1256
-1151
-1094
-1025
-1248
-1366
-1449
-1292
-855
-177
840
1881
2895
4156
5361
6238
6790
6905
6573
5822
4826
3642
2252
848
-481
-1468
-2163
-2556
-2672
-2616
-2524
-2256
-1995
-1945
-2130
-2477
-2994
-3767
-4365
-5118
-5832
-6358
-7053
-7938
-8365
-8136
-7914
-7938
-7605
-6714
-5498
-4023
-2431
-882
359
1626
2902
3798
4383
4721
4599
3977
3532
3490
3450
3143
2886
3039
3150
3191
3285
2925
2205
1397
350
-1115
-2677
-4040
-5446
-6974
-8104
-8475
-8680
-8599
-7991
-7132
-6129
-4875
-3269
-2007
-862
387
1453
2222
3047
4029
4685
5368
6145
7038
7821
8500
9161
9405
9242
9022
8744
7821
6727
5625
4313
2902
1768
1022
114
-555
-893
-1092
-1204
-1126
-1153
-1326
-1755
-1939
-2022
-2591
-2749
-2540
-2436
-2160
-1200
-91
995
2234
3421
4487
5304
5839
6198
5978
5492
5020
4181
3119
2162
1316
302
-588
-1078
-1379
-1802
-2107
-2223
-2487
-2936
-3289
-3675
-4353
-4966
-5474
-6210
-6875
-7247
-7670
-8398
-8992
-9091
-8720
-8588
-8362
-7671
-6642
-5388
-3758
-2063
-588
993
2458
3673
4459
5143
5591
5292
4605
4456
4408
4090
3812
3772
3792
3706
3707
3448
2816
2042
1020
-379
-1958
-3314
-4469
-5919
-7032
-7392
-7339
-7254
-6813
-5973
-5328
-4391
-3441
-2593
-1903
-1241
-378
251
1070
2186
3350
4261
5331
6776
7953
8744
9381
9680
9461
8960
8251
7291
5868
4606
3340
2077
1070
554
184
-264
-233
-121
-50
-104
-225
-453
-975
-1614
-2059
-2423
-2749
-2694
-2304
-1896
-1002
270
1399
2479
3627
4680
5347
5755
5859
5710
5202
4544
3897
3076
2150
1448
900
234
-197
-468
-766
-1057
-1200
-1405
-1721
-2108
-2498
-3013
-3584
-4226
-4768
-5292
-5904
-6279
-6611
-7354
-8275
-8492
-8547
-8866
-8944
-8732
-7958
-6814
-5429
-3871
-2308
-718
861
2201
3089
3930
4474
4236
3622
3465
3373
2950
2628
2625
2738
2894
3143
3247
2943
2607
1880
633
-829
-2187
-3509
-5335
-6871
-7665
-8096
-8322
-8074
-7311
-6421
-5290
-3906
-2697
-1651
-684
184
768
1423
2311
3147
3721
4518
5806
6977
8020
9062
9823
10145
10130
9964
9284
8153
6813
5362
3798
2443
1405
481
-255
-576
-466
-347
-164
-24
-52
-304
-748
-1262
-1840
-2599
-3165
-3293
-3261
-2831
-1750
-658
568
2133
3584
4742
5652
6112
6206
5907
5246
4444
3373
2236
1173
385
-323
-847
-858
-878
-966
-870
-920
-978
-1149
-1673
-2475
-3232
-3939
-4796
-5582
-6198
-6795
-7085
-7592
-8325
-8567
-8484
-8485
-8674
-8585
-8106
-7227
-6101
-5010
-3629
-2061
-472
1149
2582
3814
4830
5283
5175
5057
5217
4981
4409
4059
3880
3787
3602
3335
2936
2462
1804
850
-336
-1505
-2723
-4192
-5868
-7013
-7637
-8185
-8615
-8450
-7767
-6894
-5713
-4346
-3016
-1764
-415
761
1831
2939
4021
4814
5395
6216
7157
7932
8488
9091
9465
9498
9400
9057
8307
7215
5973
4533
3022
1776
712
-361
-1138
-1428
-1505
-1507
-1392
-1222
-1268
-1418
-1564
-1944
-2365
-2777
-3013
-2977
-2677
-2008
-983
118
1437
2961
4292
5353
6230
6653
6607
6162
5400
4439
3229
2068
1010
168
-450
-738
-746
-691
-450
-212
9
-55
-386
-958
-1874
-2808
-3756
-4843
-5768
-6521
-7144
-7346
-7764
-8114
-8072
-7708
-7641
-7667
-7358
-6893
-6169
-5347
-4345
-3163
-1876
-502
971
2256
3396
4329
4745
4779
4882
5026
4715
4189
3792
3553
3271
2905
2516
1911
1249
460
-505
-1661
-2874
-4099
-5557
-6940
-7878
-8400
-8808
-9044
-8742
-7934
-6993
-5832
-4470
-3176
-1940
-624
762
1968
3283
4616
5661
6678
7881
8928
9664
10227
10567
10661
10364
9895
9232
8138
6724
5352
4053
2620
1358
289
-640
-1378
-1718
-1931
-2213
-2459
-2635
-2913
-3160
-3460
-3630
-3804
-3842
-3502
-2802
-1919
-763
760
2141
3539
4937
6013
6765
7125
7130
6712
5856
4976
3888
2704
1553
608
-86
-648
-1016
-1152
-1208
-1361
-1339
-1571
-2099
-2642
-3277
-4086
-4893
-5557
-6217
-6743
-6961
-6954
-6970
-7321
-7596
-7368
-7157
-7182
-7275
-7013
-6505
-5720
-4702
-3466
-2151
-690
991
2522
3948
5058
5829
5931
5659
5541
5217
4521
3686
3206
2750
2276
2038
1592
1038
476
-193
-1127
-2302
-3422
-4637
-6245
-7578
-8455
-8989
-9457
-9501
-8795
-7795
-6504
-4854
-3186
-1675
7
1600
2870
4106
5295
6237
7010
7797
8607
9301
9757
10102
10311
10205
9931
9387
8601
7445
6040
4743
3352
1914
689
-384
-1406
-2012
-2311
-2518
-2766
-2936
-2988
-3014
-3027
-3138
-3227
-3215
-2960
-2411
-1720
-803
471
1740
2848
4110
5275
6029
6502
6588
6241
5631
4817
3718
2553
1381
339
-467
-1126
-1533
-1631
-1806
-1970
-2002
-2116
-2424
-2744
-3320
-3946
-4387
-4929
-5284
-5659
-5765
-5632
-5353
-5019
-4892
-5182
-5425
-5397
-5483
-6025
-6475
-6452
-6176
-5508
-4484
-3161
-1725
-94
1563
3063
4288
5144
5507
5206
4581
4112
3411
2422
1588
1139
665
430
449
307
19
-256
-668
-1531
-2605
-3665
-4993
-6584
-7800
-8448
-9031
-9401
-9038
-8049
-6857
-5356
-3390
-1578
144
1964
3616
4867
6101
7222
7930
8446
8938
9529
9878
9835
10092
10165
9851
9487
8975
8195
6977
5773
4481
3019
1612
307
-1025
-2166
-2781
-3177
-3601
-3777
-3541
-3348
-3173
-2826
-2398
-2139
-1866
-1402
-840
-168
623
1509
2247
3125
4260
5154
5656
5981
6192
6103
5593
4917
4011
2863
1523
347
-678
-1590
-2125
-2581
-2996
-3133
-3038
-3035
-3164
-3319
-3549
-3940
-4366
-4795
-5290
-5760
-6040
-6150
-6205
-6232
-6435
-6534
-6310
-6116
-6188
-6262
-5918
-5342
-4670
-3833
-2723
-1466
-182
1225
2428
3366
4151
4443
4166
3803
3541
3153
2360
1742
1529
1215
849
681
433
-145
-688
-1385
-2397
-3479
-4498
-5650
-6985
-7959
-8284
-8564
-8758
-8134
-7048
-5850
-4456
-2751
-1145
338
1911
3433
4640
5746
6894
7685
8239
8978
9687
9968
10102
10224
10159
9774
9246
8564
7562
6309
5013
3813
2525
1077
-45
-1111
-2058
-2531
-2850
-3253
-3406
-3310
-3292
-3189
-2974
-2605
-2402
-2093
-1457
-660
133
961
1968
2787
3553
4463
5210
5474
5611
5640
5377
4913
4386
3606
2782
1905
1043
172
-592
-1186
-1860
-2399
-2854
-3084
-3323
-3512
-3665
-3785
-3942
-4095
-4234
-4387
-4739
-4947
-5068
-5267
-5462
-6028
-6605
-6874
-6779
-7035
-7492
-7337
-6709
-5876
-4707
-3260
-1807
-419
1132
2546
3394
3999
4372
4086
3383
2951
2795
2195
1577
1367
1244
1203
1295
1232
678
110
-547
-1522
-2906
-4148
-5307
-6882
-8215
-8721
-8849
-8960
-8555
-7476
-6129
-4627
-2691
-777
743
2302
3954
5235
6080
7154
7965
8322
8783
9420
9932
10044
10132
10259
10072
9682
9278
8423
7027
5693
4406
2798
1118
-289
-1590
-2755
-3469
-3702
-4006
-4124
-3853
-3633
-3327
-2856
-2270
-1962
-1747
-1104
-433
77
785
1667
2325
2974
3915
4753
5242
5550
5765
5720
5425
4862
4170
3076
1838
877
-301
-1440
-2236
-2962
-3643
-4050
-4230
-4219
-4243
-4206
-4084
-4037
-4018
-3982
-3987
-4285
-4422
-4394
-4438
-4537
-4571
-5038
-5710
-5652
-5419
-5729
-6003
-5762
-5175
-4426
-3380
-2195
-1076
0
1178
2233
2746
3135
3438
3054
2302
2171
2170
1669
1255
1198
1250
1348
1339
1139
709
-20
-778
-1801
-3086
-4371
-5531
-6811
-7922
-8118
-7968
-7991
-7436
-6208
-4913
-3469
-1789
-218
1087
2559
3996
5108
6132
7103
7860
8400
8959
9625
10022
10010
9902
9878
9517
8858
8139
6928
5489
4165
2806
1359
-18
-1266
-2386
-3166
-3586
-3733
-3850
-3937
-3705
-3276
-2942
-2525
-1968
-1617
-1307
-661
59
797
1535
2333
3054
3852
4734
5442
5941
6094
6022
5816
5390
4769
3872
2615
1331
126
-1019
-2017
-2838
-3623
-4268
-4526
-4653
-4620
-4543
-4405
-4312
-4275
-4196
-4161
-4295
-4497
-4662
-4747
-4862
-4847
-5025
-5601
-5854
-5587
-5478
-5751
-5674
-5262
-4550
-3667
-2621
-1561
-610
355
1418
2201
2619
2994
2983
2451
2069
2073
2057
1676
1496
1530
1525
1489
1297
818
-16
-785
-1793
-3102
-4277
-5346
-6507
-7553
-8001
-7867
-7558
-7215
-6314
-4957
-3722
-2238
-695
564
1884
3245
4363
5311
6355
7326
8047
8696
9473
10098
10347
10318
10316
10036
9362
8570
7547
6097
4635
3394
1980
528
-752
-1757
-2575
-3070
-3215
-3288
-3299
-3126
-2807
-2422
-1956
-1496
-1076
-603
-31
768
1540
2142
2835
3480
4184
4848
5409
5741
5827
5812
5594
5138
4449
3459
2226
890
-377
-1603
-2776
-3771
-4676
-5356
-5607
-5642
-5642
-5502
-5343
-5094
-4949
-4801
-4648
-4723
-4872
-5018
-5094
-5127
-5038
-4858
-5020
-5401
-5168
-4604
-4506
-4746
-4667
-4202
-3691
-2994
-2161
-1444
-803
117
1202
1857
2356
2953
2936
2652
2714
3047
2861
2352
2217
2172
2007
1807
1467
728
-135
-818
-1569
-2761
-3734
-4466
-5558
-6538
-6818
-6661
-6633
-6509
-5640
-4510
-3433
-2017
-620
614
1928
3460
4816
5778
6860
7946
8551
9017
9543
9831
9671
9376
9091
8613
7835
7122
6198
4914
3648
2607
1485
155
-967
-1934
-2786
-3367
-3546
-3720
-3929
-3868
-3434
-2923
-2414
-1848
-1326
-762
-75
844
1469
1987
2565
3142
3750
4203
4731
5027
5007
5059
4967
4541
3859
2973
1886
577
-595
-1702
-2842
-3906
-4881
-5376
-5682
-5771
-5659
-5507
-5245
-4974
-4467
-4101
-3917
-3751
-3687
-3542
-3404
-3137
-3042
-2855
-2799
-3108
-3062
-2774
-2733
-3146
-3411
-3361
-3006
-2636
-2219
-1617
-983
52
1155
2045
2569
3140
3505
3196
2851
2908
2714
1933
1439
1286
1121
798
554
157
-358
-775
-1188
-2034
-3062
-3792
-4749
-5969
-6782
-6966
-7179
-7376
-6852
-5630
-4524
-3170
-1422
167
1766
3495
5007
6000
6825
7683
8182
8127
8161
8377
8172
7797
7632
7550
7091
6559
6160
5459
4472
3497
2488
1122
-338
-1424
-2513
-3570
-3993
-4066
-4122
-3851
-3049
-2256
-1511
-558
368
1002
1527
2054
2442
2511
2591
2929
3207
3366
3653
4159
4463
4487
4572
4517
3917
3134
2235
1025
-188
-1350
-2548
-3752
-4824
-5457
-5861
-6159
-6293
-6023
-5652
-5313
-4727
-4227
-3932
-3502
-3068
-3023
-2749
-2394
-2282
-2227
-1907
-1612
-1753
-2160
-2311
-2076
-2417
-3044
-3314
-3376
-3452
-3232
-2792
-2398
-1740
-732
249
819
1588
2432
2494
2028
1959
1964
1473
967
643
548
428
504
615
397
240
153
-256
-1092
-1695
-2218
-3257
-4270
-4680
-4871
-5095
-4954
-4272
-3345
-2203
-581
1084
2458
3869
5348
6452
6974
7584
8063
7852
7634
7647
7527
7218
6949
6755
6512
6295
6142
5761
5023
4184
3050
1790
433
-903
-2218
-3454
-4359
-4794
-4792
-4571
-4017
-3191
-2135
-1092
132
1145
1831
2333
2637
2637
2478
2400
2118
1812
1639
1782
1894
2047
2247
2358
2423
2254
1860
1173
243
-986
-2294
-3594
-4813
-5899
-6817
-7516
-7839
-7631
-7244
-6689
-5796
-4769
-3870
-2763
-1730
-1109
-606
-249
-111
-76
-69
-98
-142
-446
-919
-1021
-996
-1289
-1848
-2364
-2564
-2611
-2563
-2442
-2294
-1908
-1302
-676
73
655
1044
1177
993
880
975
886
460
267
300
372
528
583
397
204
313
116
-332
-745
-1123
-1756
-2579
-3046
-3190
-3357
-3538
-3312
-2587
-1568
-637
550
1620
2599
3725
4588
5033
5436
5950
6032
5942
6059
6186
6124
5891
5749
5813
5673
5474
5185
4673
4025
3301
2545
1444
406
-432
-1226
-1860
-2017
-1967
-1814
-1557
-998
-297
339
1082
1460
1736
1909
2079
2114
1882
1636
1418
1202
1027
1043
1063
967
929
929
925
734
376
-154
-994
-1876
-2794
-3775
-4798
-5724
-6368
-6903
-7172
-7107
-6819
-6424
-5837
-4863
-4028
-3153
-2167
-1414
-748
-60
527
923
1076
1159
1270
1248
1022
806
128
-925
-1461
-1790
-2752
-3837
-4451
-4729
-4915
-4721
-4047
-3518
-2849
-1826
-868
-284
286
665
512
56
-151
-94
-251
-659
-625
-235
163
859
1743
2347
2833
3503
3687
3352
3054
2576
1508
330
-306
-760
-1267
-1579
-1348
-779
-92
944
1994
2778
3512
4348
4798
4835
4875
4791
4224
3740
3637
3453
3285
3248
3392
3627
4006
4517
4687
4492
4158
3751
3024
2031
1181
372
-648
-1369
-1623
-1635
-1476
-1174
-648
-56
527
1022
1247
1098
832
529
-71
-746
-1299
-1861
-2361
-2610
-2598
-2522
-2233
-1989
-1721
-1492
-1415
-1553
-1961
-2618
-3360
-4051
-4799
-5289
-5646
-5680
-5365
-4941
-4155
-3210
-2169
-1077
-113
807
1633
2228
2566
2817
2728
2497
2301
1939
1629
1284
917
675
355
-351
-1171
-1715
-2096
-2910
-4077
-4835
-5283
-5470
-5388
-5060
-4619
-3831
-2702
-1645
-696
69
708
737
488
485
656
471
133
307
840
1436
2203
3050
3604
4233
4802
4943
4554
3902
3114
1800
308
-784
-1718
-2623
-3363
-3453
-2845
-2190
-1213
-110
874
1781
2784
3440
3476
3512
3414
2856
2385
2290
2265
2300
2609
3221
3960
4745
5452
5879
6009
5771
5366
4552
3465
2287
1030
-123
-1100
-1575
-1850
-1974
-1785
-1253
-734
-262
132
251
55
-226
-521
-1247
-2032
-2595
-3051
-3466
-3483
-3329
-3036
-2671
-2258
-1707
-1317
-1178
-1249
-1449
-1796
-2076
-2371
-2784
-3119
-3104
-2963
-2682
-2167
-1502
-896
-265
469
1040
1435
1676
1761
1520
1132
932
674
205
-126
-279
-325
-364
-217
42
30
-345
-1008
-1615
-2138
-2986
-4124
-5248
-5958
-6236
-6149
-5804
-5263
-4271
-3026
-1685
-418
761
1776
2223
2398
2457
2480
2422
2193
2073
2201
2719
3286
3768
4249
4781
5337
5497
5102
4557
3849
2656
1204
-102
-1221
-2313
-3086
-3499
-3303
-2816
-2015
-1134
-301
648
1513
2177
2475
2703
2739
2679
2625
2653
2748
2929
3109
3528
4058
4516
4954
4992
4971
4739
4285
3519
2434
1312
186
-845
-1874
-2601
-3176
-3629
-3704
-3640
-3429
-3210
-3049
-3005
-3063
-3080
-3309
-3698
-4124
-4447
-4675
-4767
-4644
-4411
-3984
-3396
-2726
-2013
-1268
-707
-271
64
327
591
660
584
489
499
504
553
749
937
1017
1225
1476
1589
1718
1701
1506
1288
1077
903
834
699
480
436
421
451
569
639
660
538
141
-479
-939
-1603
-2663
-3752
-4572
-4986
-5051
-4770
-4222
-3270
-1962
-482
755
1821
2752
3206
3238
2933
2692
2400
1837
1323
1139
1361
1775
2279
2930
3450
4097
4661
4598
4170
3543
2639
1185
-404
-1614
-2739
-3909
-4583
-4583
-4282
-3542
-2498
-1351
-247
1001
2012
2565
2888
3001
3040
2622
2291
2241
2113
1941
2090
2591
2930
3284
3761
3977
3992
3935
3522
2660
1658
642
-466
-1687
-2802
-3582
-4234
-4761
-4847
-4747
-4691
-4456
-4131
-3912
-3740
-3438
-3319
-3377
-3365
-3197
-3058
-2881
-2501
-2059
-1519
-883
-209
467
1049
1508
1884
2100
2096
2090
1932
1564
1213
1026
674
298
176
19
-122
-120
-8
-33
-53
70
206
80
24
58
106
-41
-110
4
-1
-10
79
180
259
201
74
-161
-567
-851
-1340
-2144
-2815
-3219
-3476
-3609
-3314
-2677
-2045
-1216
-152
823
1520
1945
2125
2052
1834
1600
1243
935
862
1044
1443
1951
2697
3522
4119
4571
4767
4783
4361
3479
2377
1001
-326
-1376
-2207
-2850
-3161
-3041
-2547
-1856
-868
152
985
1668
2270
2688
2754
2681
2412
1972
1415
1019
869
703
685
912
1152
1562
2035
2205
2178
1786
1190
488
-542
-1797
-3014
-4140
-5152
-5782
-6023
-6054
-5764
-5153
-4404
-3482
-2526
-1674
-1104
-769
-503
-532
-535
-758
-986
-1135
-1063
-740
-328
155
753
1438
2105
2633
3071
3338
3150
2865
2419
1794
1163
558
3
-460
-650
-535
-244
107
673
1220
1606
1978
2197
2120
1877
1509
1136
652
234
-13
-239
-263
-133
92
139
154
168
-83
-512
-1148
-1940
-2799
-3529
-4134
-4529
-4593
-4354
-3821
-3104
-2103
-1161
-268
456
947
1295
1445
1503
1345
1156
1019
1049
1249
1535
1959
2481
2914
3337
3711
3847
3465
2808
1997
860
-293
-1446
-2600
-3587
-4169
-4321
-4138
-3722
-2879
-1842
-871
104
1080
1850
2222
2292
2145
1746
1415
1106
627
312
172
291
567
815
1194
1452
1337
1223
1097
567
-209
-1000
-1916
-2828
-3357
-3510
-3798
-3739
-3224
-2501
-1704
-864
26
651
1063
1344
1538
1300
915
533
216
-121
-239
-49
86
454
1073
1737
2233
2662
3000
3056
3012
2898
2468
1886
1289
823
407
19
-36
17
36
318
730
1081
1265
1437
1417
1307
1060
803
384
-272
-683
-1079
-1502
-1894
-2191
-2501
-2723
-2903
-3094
-3338
-3544
-3577
-3605
-3542
-3257
-2945
-2531
-1902
-1213
-441
243
922
1466
1804
2117
2396
2625
2600
2585
2644
2574
2517
2675
2611
2470
2407
2231
1932
1542
1097
460
-268
-948
-1723
-2373
-2904
-3346
-3568
-3633
-3421
-2966
-2376
-1781
-1066
-379
368
896
1276
1581
1596
1475
1294
965
621
313
-107
-345
-492
-487
-408
-314
-231
-283
-379
-434
-691
-1109
-1423
-1841
-2189
-2448
-2528
-2412
-2273
-1898
-1344
-757
-162
497
1114
1520
1797
1909
1982
1834
1709
1603
1431
1403
1464
1667
1819
2144
2597
2978
3285
3566
3775
3801
3511
3229
2860
2234
1633
1175
618
176
28
-130
-144
-60
41
70
28
42
0
-238
-564
-936
-1440
-1942
-2538
-3121
-3641
-4060
-4376
-4511
-4449
-4284
-3918
-3517
-2991
-2399
-1833
-1330
-876
-411
-31
240
459
469
533
588
677
678
774
968
999
1158
1222
1186
1180
1120
891
541
312
47
-402
-645
-896
-987
-1091
-1117
-1011
-843
-565
-326
-13
247
468
709
864
899
1014
1163
1143
1174
1312
1290
1237
1069
980
798
549
427
208
0
-180
-192
-357
-502
-482
-558
-679
-765
-728
-752
-832
-787
-729
-693
-584
-351
-170
-49
201
516
736
883
1116
1184
1140
1305
1294
1269
1359
1443
1518
1662
1702
1789
1889
1825
1791
1714
1660
1611
1579
1353
1070
928
764
352
-12
-220
-608
-1076
-1375
-1658
-1960
-2292
-2437
-2532
-2631
-2550
-2307
-2066
-1872
-1516
-1271
-1037
-823
-636
-537
-553
-415
-306
-276
-202
97
327
525
767
1007
1141
1178
1277
1158
897
526
138
-398
-932
-1367
-1807
-2170
-2346
-2386
-2219
-1876
-1400
-882
-338
285
752
1155
1493
1816
1874
1818
1899
1888
1754
1616
1537
1388
1275
1104
929
690
474
208
-180
-576
-957
-1421
-1940
-2405
-2818
-3028
-3262
-3441
-3310
-3204
-2978
-2655
-2298
-1874
-1492
-1030
-576
-323
-61
106
170
232
296
388
489
662
837
1140
1363
1616
1821
1872
1970
1939
1857
1788
1540
1339
1147
965
988
1043
1132
1359
1623
1888
2346
2631
2868
3073
3175
3344
3351
3220
3054
2866
2614
2382
2089
1784
1485
1223
864
485
186
-177
-558
-1043
-1402
-1693
-2075
-2414
-2685
-2888
-2931
-2884
-2791
-2598
-2389
-2193
-1932
-1699
-1536
-1338
-1251
-1223
-1156
-1100
-1120
-1127
-1206
-1290
-1278
-1228
-1149
-1141
-1110
-1081
-1069
-1089
-1117
-1090
-1092
-989
-871
-702
-554
-284
-52
128
324
454
638
741
818
884
899
894
859
764
648
562
442
257
25
-89
-259
-440
-605
-776
-918
-990
-931
-901
-856
-732
-651
-461
-342
-123
94
215
418
575
758
884
1050
1113
1194
1192
1208
1198
1037
976
929
746
562
463
365
198
175
223
263
430
622
850
1043
1244
1359
1501
1551
1539
1621
1532
1542
1522
1406
1286
1276
1315
1239
1316
1389
1387
1405
1433
1323
1136
905
504
64
-344
-945
-1413
-1807
-2145
-2330
-2345
-2307
-2164
-1953
-1686
-1381
-1051
-719
-491
-321
-225
-205
-300
-467
-704
-950
-1198
-1370
-1395
-1453
-1502
-1387
-1366
-1261
-1127
-1066
-1156
-1238
-1342
-1369
-1524
-1661
-1630
-1592
-1412
-1068
-671
-292
134
545
863
1118
1353
1416
1293
1114
926
734
526
312
226
226
331
370
421
460
430
348
145
-138
-421
-741
-1038
-1237
-1323
-1322
-1250
-1069
-814
-425
1
451
852
1220
1579
1767
1931
1968
1971
1889
1696
1495
1341
1157
986
933
890
866
899
928
962
971
1001
1067
1076
1071
1033
1074
1030
961
965
920
858
850
878
916
937
993
1053
1038
1164
1251
1245
1304
1359
1381
1350
1304
1225
1044
789
487
125
-276
-691
-1100
-1534
-1846
-2141
-2290
-2462
-2579
-2586
-2584
-2515
-2546
-2478
-2513
-2502
-2587
-2766
-2842
-3026
-3176
-3326
-3308
-3207
-3024
-2711
-2380
-1904
-1365
-838
-440
-41
237
432
600
629
593
511
428
372
352
384
456
494
577
703
780
822
752
609
426
138
-164
-445
-737
-955
-1040
-1048
-1008
-802
-561
-329
12
347
582
743
927
1070
1168
1255
1304
1375
1410
1587
1743
1883
2079
2238
2379
2484
2536
2496
2348
2135
1866
1481
1080
710
375
149
-76
-101
-115
-115
88
330
612
789
1120
1383
1591
1754
1876
1889
1778
1766
1637
1525
1370
1183
1024
909
778
692
587
432
457
472
398
278
236
47
-255
-542
-825
-1157
-1541
-1799
-2198
-2481
-2633
-2894
-3040
-3151
-3177
-3174
-3131
-2980
-2960
-2834
-2700
-2607
-2434
-2298
-2202
-2096
-1927
-1798
-1666
-1503
-1329
-1122
-917
-630
-406
-137
187
370
503
650
779
856
866
832
817
786
626
451
337
147
-45
-222
-398
-430
-475
-410
-440
-382
-341
-250
-126
-119
-5
120
142
240
423
559
685
817
954
1171
1323
1472
1664
1743
1866
1874
1951
1875
1747
1595
1313
1071
866
513
238
-17
-369
-529
-705
-714
-675
-645
-493
-332
-199
3
135
225
285
408
535
588
798
1035
1274
1520
1791
2088
2333
2507
2567
2546
2419
2223
1935
1523
1179
822
474
167
36
-63
-58
147
289
458
602
598
604
506
264
-8
-326
-627
-860
-1038
-1177
-1238
-1264
-1215
-1129
-1067
-998
-1081
-1240
-1439
-1721
-2035
-2351
-2673
-2958
-3127
-3113
-3087
-2954
-2771
-2502
-2141
-1906
-1613
-1387
-1366
-1357
-1381
-1482
-1541
-1565
-1573
-1543
-1382
-1154
-884
-616
-286
-38
136
284
391
370
207
102
5
-80
-154
-112
30
215
419
680
1012
1345
1644
1927
2081
2216
2347
2303
2229
2117
2110
2079
2022
2070
2127
2234
2343
2376
2366
2286
2086
1893
1630
1315
974
620
300
13
-105
-133
-134
-7
231
475
716
1038
1270
1421
1451
1338
1235
1095
844
695
454
324
232
148
116
74
98
62
-47
-125
-262
-491
-732
-1022
-1317
-1637
-1865
-2019
-2176
-2285
-2235
-2214
-2098
-1995
-1862
-1758
-1672
-1636
-1641
-1709
-1700
-1723
-1810
-1821
-1898
-1943
-1953
-1946
-1977
-1883
-1870
-1754
-1571
-1399
-1215
-1063
-951
-808
-661
-544
-460
-436
-340
-296
-217
-168
-69
-16
3
56
156
293
400
503
605
773
903
1046
1129
1297
1387
1409
1464
1491
1567
1548
1593
1572
1538
1624
1702
1734
1715
1818
1895
1947
1979
1899
1845
1725
1632
1556
1440
1312
1147
1026
885
756
675
531
415
273
250
158
59
32
-65
-221
-275
-361
-447
-455
-435
-424
-453
-298
-137
-49
121
340
432
536
582
609
562
456
389
279
220
205
242
303
438
506
516
630
552
526
395
200
-15
-327
-593
-935
-1185
-1469
-1676
-1821
-1896
-1899
-1797
-1693
-1646
-1576
-1566
-1546
-1502
-1580
-1722
-1780
-1884
-1899
-1872
-1804
-1689
-1520
-1250
-1037
-796
-521
-349
-210
-99
-94
-185
-268
-461
-694
-812
-980
-1074
-1156
-1269
-1305
-1319
-1279
-1261
-1240
-1184
-1130
-1079
-955
-817
-628
-410
-204
32
356
610
952
1323
1591
1901
2183
2377
2524
2693
2784
2823
2928
2999
3011
3058
3014
2965
2965
2804
2621
2355
2034
1723
1278
951
616
373
144
-45
-31
-31
21
97
169
196
264
286
223
203
166
154
174
265
326
396
548
639
798
925
934
869
778
603
379
80
-244
-454
-648
-785
-815
-827
-789
-672
-541
-404
-267
-182
-213
-258
-404
-607
-841
-1114
-1348
-1578
-1690
-1768
-1800
-1732
-1636
-1556
-1452
-1351
-1309
-1299
-1340
-1420
-1514
-1599
-1714
-1750
-1653
-1626
-1436
-1234
-1032
-755
-541
-365
-308
-267
-319
-416
-541
-704
-838
-948
-1014
-1033
-1018
-970
-838
-776
-699
-616
-536
-525
-489
-509
-502
-453
-358
-140
119
357
649
954
1287
1598
1875
2213
2354
2485
2556
2518
2606
2592
2562
2550
2527
2585
2548
2456
2350
2213
1948
1650
1352
956
541
103
-227
-544
-766
-846
-936
-924
-794
-597
-429
-271
-187
-96
-101
-81
-66
-176
-156
-223
-201
-80
40
183
346
530
704
839
855
834
739
569
376
218
22
-215
-321
-453
-484
-408
-370
-233
-70
110
200
280
241
164
28
-102
-295
-457
-567
-752
-881
-1059
-1218
-1295
-1426
-1524
-1572
-1642
-1728
-1807
-1859
-1951
-2039
-2020
-1985
-1924
-1716
-1585
-1369
-1199
-1046
-861
-766
-655
-599
-580
-590
-614
-623
-638
-753
-753
-715
-729
-581
-482
-374
-232
-85
22
139
211
307
373
388
487
565
692
857
1083
1316
1569
1856
2143
2413
2635
2827
2949
3043
3090
3085
3049
3009
2951
2841
2699
2554
2402
2255
2049
1826
1605
1353
1096
811
546
309
43
-183
-344
-500
-589
-659
-713
-671
-645
-599
-580
-553
-533
-523
-462
-470
-590
-627
-705
-827
-843
-926
-983
-1024
-1106
-1098
-1086
-1173
-1204
-1318
-1436
-1514
-1602
-1598
-1620
-1598
-1568
-1478
-1397
-1223
-1117
-935
-715
-543
-306
-197
-85
26
45
8
-81
-135
-275
-437
-573
-728
-899
-1036
-1117
-1155
-1175
-1141
-1073
-1007
-896
-846
-757
-690
-625
-600
-604
-517
-549
-558
-537
-505
-424
-386
-264
-199
-104
-39
33
105
150
165
182
251
299
399
502
566
636
720
837
1009
1088
1289
1487
1620
1811
2015
2198
2354
2533
2649
2733
2873
2859
2866
2804
2693
2631
2474
2336
2134
2012
1803
1570
1372
1190
1017
815
628
410
227
-3
-234
-461
-703
-839
-954
-1090
-1119
-1081
-1035
-973
-882
-822
-780
-695
-553
-448
-395
-302
-335
-372
-380
-434
-452
-484
-517
-590
-612
-649
-731
-849
-1024
-1194
-1349
-1491
-1643
-1768
-1837
-1863
-1881
-1806
-1683
-1551
-1347
-1142
-948
-653
-448
-267
-75
-3
86
71
32
-113
-254
-329
-453
-649
-752
-855
-944
-961
-1048
-1073
-1131
-1159
-1162
-1209
-1285
-1315
-1460
-1624
-1693
-1711
-1758
-1760
-1616
-1540
-1338
-1108
-841
-552
-257
-21
282
546
705
819
937
986
1104
1246
1332
1515
1753
1986
2240
2473
2664
2798
2917
3016
3057
3040
2945
2830
2763
2584
2456
2342
2218
2121
2052
2046
2003
2005
1934
1858
1741
1675
1555
1354
1142
960
734
632
545
488
388
303
301
205
181
90
-16
-144
-232
-334
-550
-665
-870
-1048
-1193
-1267
-1307
-1350
-1313
-1348
-1352
-1435
-1514
-1634
-1775
-1937
-2045
-2176
-2299
-2408
-2485
-2505
-2563
-2474
-2400
-2310
-2208
-2116
-1992
-1926
-1796
-1655
-1559
-1457
-1259
-1077
-852
-664
-463
-252
-99
89
204
251
270
237
156
51
-76
-219
-392
-504
-558
-559
-565
-498
-468
-375
-339
-328
-271
-326
-318
-341
-334
-329
-292
-305
-127
12
243
491
726
1014
1242
1486
1674
1839
2008
2029
2024
2020
1949
1964
1960
2000
2033
2154
2298
2414
2563
2622
2691
2701
2612
2569
2450
2313
2165
1971
1828
1650
1423
1340
1196
1073
1043
912
839
695
606
454
308
118
-89
-290
-403
-539
-654
-687
-790
-773
-771
-714
-731
-745
-716
-743
-768
-882
-980
-1168
-1364
-1515
-1687
-1816
-1943
-2005
-2135
-2182
-2227
-2280
-2278
-2310
-2308
-2396
-2386
-2364
-2329
-2321
-2254
-2191
-2086
-1931
-1793
-1635
-1544
-1353
-1127
-962
-781
-581
-392
-264
-105
72
177
340
444
502
547
533
482
367
230
103
1
-108
-211
-293
-360
-361
-378
-318
-337
-269
-201
-155
-84
-16
90
174
249
351
506
601
754
953
1075
1249
1386
1529
1717
1793
1918
1972
2003
2035
2048
2014
1989
1999
1965
1919
1896
1881
1891
1883
1881
1943
1918
1921
1920
1924
1898
1857
1831
1760
1636
1534
1387
1303
1133
924
781
588
431
245
58
-146
-320
-521
-678
-813
-904
-1029
-1119
-1161
-1206
-1192
-1254
-1301
-1307
-1370
-1431
-1487
-1615
-1678
-1740
-1857
-1959
-2004
-2060
-2101
-2139
-2160
-2175
-2285
-2319
-2388
-2460
-2465
-2410
-2387
-2301
-2159
-1989
-1816
-1623
-1477
-1317
-1137
-949
-717
-541
-320
-149
-15
94
246
263
361
410
431
486
473
544
489
495
456
369
310
256
119
72
41
-28
-31
-30
-65
-48
20
117
232
306
437
601
775
934
1097
1238
1389
1523
1679
1813
1893
2036
2081
2175
2156
2190
2165
2062
1972
1868
1815
1645
1608
1567
1472
1464
1437
1429
1395
1392
1365
1248
1271
1246
1183
1108
1080
1019
984
965
908
925
813
711
676
486
317
135
-37
-217
-436
-564
-697
-818
-899
-972
-1022
-1061
-1072
-1064
-1081
-1117
-1145
-1255
-1373
-1438
-1543
-1634
-1668
-1743
-1789
-1810
-1801
-1806
-1848
-1853
-1928
-1968
-2026
-2085
-2097
-2177
-2268
-2303
-2361
-2354
-2307
-2178
-2030
-1853
-1588
-1378
-1153
-926
-704
-569
-376
-234
-135
-34
-9
34
36
4
-25
34
-18
7
62
-19
1
-27
-15
-51
-82
-109
-96
-111
-62
-8
54
142
218
363
439
557
727
922
1099
1300
1412
1525
1680
1789
1863
1950
2015
2034
2115
2153
2179
2255
2217
2226
2186
2195
2245
2244
2274
2253
2281
2268
2273
2241
2214
2155
2118
2094
2020
1931
1860
1750
1644
1541
1410
1257
1099
978
757
567
374
151
-86
-259
-460
-676
-811
-921
-1053
-1112
-1177
-1208
-1259
-1263
-1277
-1270
-1283
-1391
-1387
-1481
-1574
-1676
-1813
-1976
-2061
-2184
-2270
-2431
-2558
-2628
-2745
-2835
-2923
-3051
-3119
-3176
-3270
-3276
-3269
-3184
-3075
-2957
-2775
-2563
-2383
-2093
-1822
-1644
-1354
-1111
-865
-553
-334
-192
41
196
322
456
464
574
603
652
695
649
640
586
542
427
378
291
213
213
198
243
268
390
496
667
840
1052
1196
1349
1529
1703
1846
2016
2155
2299
2457
2555
2608
2603
2661
2609
2534
2414
2332
2221
2135
2015
2022
1949
1875
1866
1849
1815
1752
1681
1580
1459
1362
1289
1195
1073
929
863
743
726
699
691
659
563
527
416
273
141
-79
-240
-411
-579
-675
-754
-817
-914
-916
-916
-914
-854
-884
-813
-819
-811
-831
-916
-924
-1021
-1109
-1153
-1214
-1278
-1313
-1400
-1484
-1582
-1686
-1784
-1892
-1963
-2027
-2114
-2203
-2209
-2273
-2246
-2218
-2204
-2160
-2078
-1968
-1889
-1755
-1621
-1396
-1253
-1111
-906
-734
-568
-428
-302
-142
-86
-77
-34
-64
-34
-13
-46
-55
-79
-110
-122
-176
-166
-180
-221
-192
-228
-181
-152
-154
-66
19
60
227
355
430
563
668
777
926
1062
1165
1281
1424
1516
1656
1724
1779
1806
1777
1765
1712
1732
1697
1706
1746
1813
1908
1987
1990
2007
2021
2035
2073
2047
2054
1966
1962
1954
1853
1794
1683
1555
1419
1306
1238
1094
993
896
736
576
388
221
114
-38
-168
-288
-395
-469
-576
-639
-700
-790
-881
-900
-966
-1059
-1179
-1267
-1383
-1479
-1597
-1711
-1852
-1960
-2077
-2188
-2308
-2405
-2480
-2558
-2594
-2696
-2719
-2670
-2609
-2575
-2527
-2428
-2311
-2181
-2086
-1973
-1859
-1736
-1539
-1352
-1171
-1004
-839
-667
-530
-372
-273
-241
-139
-39
19
85
102
77
138
166
144
146
239
276
340
440
510
673
787
891
1023
1144
1256
1358
1419
1439
1523
1506
1511
1534
1574
1629
1637
1679
1686
1676
1697
1636
1558
1500
1439
1440
1364
1397
1461
1428
1524
1549
1550
1582
1572
1598
1573
1530
1486
1464
1426
1363
1344
1294
1234
1199
1179
1100
1004
870
711
519
317
170
-38
-207
-396
-603
-750
-908
-1046
-1149
-1199
-1227
-1267
-1264
-1228
-1269
-1300
-1289
-1349
-1438
-1548
-1614
-1639
-1693
-1684
-1732
-1715
-1716
-1717
-1727
-1744
-1712
-1714
-1728
-1775
-1754
-1797
-1779
-1753
-1782
-1776
-1689
-1629
-1546
-1413
-1289
-1125
-977
-800
-672
-516
-419
-298
-190
-152
-43
4
21
28
51
72
106
154
170
161
199
227
229
217
207
249
278
319
367
474
560
705
786
891
973
1065
1160
1198
1321
1297
1334
1343
1346
1347
1324
1311
1298
1268
1202
1189
1116
1098
1090
1077
1121
1078
1097
1199
1227
1275
1336
1369
1387
1451
1470
1497
1474
1495
1522
1500
1464
1449
1413
1325
1226
1156
1099
982
903
815
688
596
527
383
325
225
92
-25
-111
-152
-256
-310
-403
-505
-565
-613
-673
-760
-811
-899
-973
-1040
-1192
-1270
-1404
-1584
-1708
-1868
-2004
-2135
-2230
-2367
-2508
-2590
-2662
-2661
-2709
-2696
-2665
-2655
-2569
-2477
-2468
-2359
-2276
-2196
-2057
-1933
-1728
-1586
-1457
-1273
-1140
-1000
-852
-680
-524
-431
-304
-207
-195
-161
-106
-78
-45
-28
33
95
155
181
229
368
402
529
614
726
894
992
1101
1199
1299
1429
1566
1668
1768
1894
1973
2037
2085
2096
2089
1992
1939
1952
1904
1864
1809
1722
1688
1711
1651
1572
1579
1603
1637
1649
1674
1639
1597
1556
1450
1349
1237
1119
961
842
782
699
649
592
522
479
377
331
228
75
-38
-159
-259
-400
-431
-432
-518
-453
-385
-366
-296
-317
-344
-393
-435
-486
-611
-671
-749
-813
-872
-965
-1082
-1194
-1244
-1347
-1462
-1552
-1634
-1730
-1824
-2000
-2149
-2239
-2336
-2399
-2405
-2320
-2241
-2059
-1883
-1751
-1580
-1326
-1217
-1015
-835
-731
-622
-539
-499
-447
-374
-362
-309
-268
-185
-88
14
70
95
96
85
22
-63
-82
-145
-187
-185
-186
-154
-119
-35
49
139
297
446
548
684
782
864
875
958
1002
1012
1032
1042
1145
1179
1227
1328
1403
1450
1473
1533
1550
1492
1515
1479
1428
1415
1359
1322
1280
1217
1252
1270
1248
1256
1303
1295
1289
1234
1111
953
822
641
494
387
267
236
151
110
101
102
111
101
87
64
76
54
-38
-72
-113
-207
-248
-321
-328
-310
-354
-382
-424
-488
-524
-602
-714
-765
-915
-987
-1101
-1235
-1353
-1477
-1567
-1678
-1751
-1778
-1805
-1890
-1910
-1867
-1894
-1805
-1752
-1729
-1621
-1503
-1377
-1329
-1165
-1070
-923
-747
-621
-518
-407
-372
-356
-322
-300
-318
-322
-318
-285
-278
-279
-253
-253
-177
-124
-69
4
92
160
197
263
342
427
527
603
733
838
961
1061
1194
1278
1372
1463
1508
1536
1558
1605
1586
1606
1645
1581
1589
1611
1641
1684
1662
1676
1637
1622
1570
1523
1484
1374
1296
1222
1053
942
867
745
609
545
429
338
228
119
44
-49
-167
-283
-375
-470
-474
-562
-624
-691
-778
-797
-835
-769
-739
-748
-722
-670
-705
-699
-712
-757
-753
-802
-788
-847
-857
-844
-937
-991
-1065
-1133
-1165
-1204
-1292
-1361
-1456
-1561
-1596
-1680
-1700
-1737
-1712
-1658
-1622
-1478
-1387
-1277
-1158
-1040
-921
-796
-640
-521
-389
-231
-130
3
165
204
321
377
412
509
533
588
579
601
610
562
616
553
513
560
537
547
564
570
603
624
656
683
739
761
794
869
907
926
936
968
966
968
1011
987
1002
994
952
910
861
830
735
684
654
564
566
535
521
497
484
472
489
517
559
568
551
565
521
503
443
332
293
206
144
54
33
-22
-105
-114
-134
-169
-154
-144
-183
-169
-194
-183
-121
-96
-72
-8
-26
-2
-8
5
31
-2
31
-8
-1
-59
-73
-144
-206
-252
-372
-430
-540
-662
-806
-920
-1047
-1197
-1295
-1419
-1519
-1551
-1618
-1672
-1631
-1632
-1563
-1440
-1348
-1243
-1130
-1046
-1009
-932
-851
-804
-752
-642
-548
-451
-386
-315
-267
-179
-104
-80
-34
-39
17
-3
-38
-80
-115
-175
-233
-248
-236
-196
-124
-21
72
149
267
352
421
527
598
658
709
835
919
1007
1098
1161
1254
1339
1450
1533
1637
1754
1828
1895
1935
1951
1974
1960
1935
1877
1814
1766
1662
1541
1454
1348
1235
1116
986
877
769
684
560
492
396
281
202
74
-86
-123
-268
-369
-374
-469
-502
-574
-591
-643
-602
-637
-655
-665
-659
-696
-697
-729
-796
-759
-864
-884
-903
-939
-996
-1069
-1122
-1187
-1263
-1334
-1447
-1554
-1577
-1668
-1743
-1733
-1814
-1775
-1759
-1701
-1628
-1616
-1518
-1471
-1391
-1298
-1199
-1111
-1029
-906
-791
-672
-535
-380
-275
-184
-96
-20
42
139
172
218
271
327
377
394
422
419
439
470
467
484
551
564
613
632
654
685
696
754
770
795
884
950
993
1053
1112
1179
1225
1255
1267
1306
1304
1291
1296
1254
1233
1188
1167
1123
1119
1126
1062
987
1001
947
896
854
793
714
610
589
473
401
307
191
120
11
-41
-110
-151
-238
-281
-294
-357
-324
-382
-381
-455
-456
-464
-522
-517
-533
-526
-516
-506
-467
-356
-297
-212
-173
-152
-82
-62
-42
14
7
2
29
-5
-43
-49
-86
-94
-126
-187
-228
-325
-435
-558
-707
-825
-978
-1078
-1122
-1191
-1238
-1240
-1218
-1202
-1173
-1110
-1057
-1004
-906
-875
-831
-779
-765
-705
-682
-655
-614
-542
-537
-464
-402
-380
-323
-301
-248
-213
-160
-106
-88
-75
-95
-84
-71
-33
33
55
153
205
294
404
468
499
523
531
573
580
584
625
658
689
710
748
732
765
833
815
863
898
933
975
993
1017
999
984
957
971
968
940
933
951
960
945
968
941
919
875
839
793
728
647
561
487
441
421
366
323
263
261
210
207
160
125
110
71
15
-66
-109
-153
-253
-284
-369
-414
-414
-498
-522
-566
-625
-712
-714
-823
-878
-917
-994
-1045
-1130
-1198
-1243
-1308
-1335
-1363
-1361
-1362
-1363
-1322
-1289
-1248
-1215
-1116
-1128
-1049
-983
-927
-830
-758
-679
-617
-594
-564
-478
-389
-335
-305
-220
-215
-196
-116
-121
-45
28
67
107
141
219
226
231
293
324
400
498
563
657
720
847
903
985
1044
1028
1104
1100
1103
1121
1149
1137
1156
1146
1115
1145
1141
1163
1159
1137
1151
1131
1114
1052
1047
975
865
822
718
632
572
516
427
352
270
199
169
123
41
-26
-106
-182
-258
-348
-388
-469
-542
-589
-654
-668
-633
-680
-674
-639
-635
-603
-540
-528
-511
-580
-580
-596
-584
-582
-626
-592
-610
-602
-590
-606
-579
-556
-570
-583
-577
-591
-594
-586
-611
-604
-626
-645
-603
-655
-648
-599
-569
-516
-429
-365
-345
-275
-267
-270
-266
-258
-236
-220
-214
-220
-198
-191
-180
-173
-196
-215
-196
-180
-192
-142
-112
-56
1
40
69
131
201
246
311
365
437
515
582
632
726
746
832
850
869
933
924
1012
981
1027
1053
1038
1110
1113
1132
1126
1113
1092
1049
1025
983
924
885
812
820
762
736
721
624
598
546
521
494
409
345
316
240
159
103
27
-22
-76
-161
-185
-239
-331
-361
-412
-488
-531
-576
-637
-667
-659
-679
-688
-696
-721
-705
-695
-721
-711
-740
-751
-742
-747
-745
-767
-787
-824
-855
-843
-866
-909
-907
-910
-946
-927
-933
-901
-869
-846
-835
-831
-791
-759
-717
-702
-639
-594
-548
-453
-418
-390
-340
-349
-298
-238
-179
-117
-99
-78
-20
28
19
65
77
65
110
165
167
226
247
258
275
280
339
336
385
419
460
483
517
536
583
598
617
652
638
689
734
747
811
851
856
902
929
974
994
986
1022
1032
1008
980
965
897
824
780
769
747
713
699
630
552
481
399
359
325
273
253
203
130
107
65
-2
-93
-140
-166
-203
-196
-238
-248
-213
-238
-228
-219
-221
-230
-198
-206
-206
-195
-199
-205
-226
-270
-288
-328
-376
-354
-392
-425
-440
-461
-501
-557
-630
-672
-710
-717
-732
-739
-709
-746
-690
-684
-621
-623
-575
-541
-504
-408
-403
-358
-350
-315
-300
-289
-273
-291
-226
-215
-229
-159
-218
-194
-158
-126
-166
-134
-168
-190
-140
-167
-157
-190
-210
-204
-175
-222
-211
-222
-252
-238
-252
-286
-296
-299
-256
-219
-166
-126
-72
18
24
82
137
150
202
266
267
348
431
504
590
696
783
835
934
990
1039
1037
1043
1018
977
955
909
889
875
874
839
835
821
787
801
712
662
618
581
521
458
424
371
336
284
229
202
157
113
72
-6
27
-46
-59
-45
-116
-78
-123
-140
-187
-236
-300
-388
-429
-491
-541
-557
-574
-626
-615
-641
-669
-660
-675
-682
-675
-679
-669
-666
-653
-687
-671
-651
-649
-666
-635
-609
-580
-511
-500
-492
-479
-431
-387
-396
-359
-349
-334
-276
-274
-232
-209
-136
-109
-63
-5
39
56
141
157
139
164
138
155
142
163
188
199
179
230
251
278
323
389
390
410
444
450
480
475
466
492
514
528
533
513
536
551
621
621
655
653
639
632
596
588
523
515
480
476
463
425
357
297
219
155
83
24
-51
-108
-118
-184
-254
-315
-321
-367
-345
-376
-376
-360
-418
-378
-443
-418
-438
-479
-496
-516
-485
-501
-526
-526
-545
-550
-517
-506
-497
-479
-450
-441
-426
-416
-400
-338
-359
-337
-315
-348
-264
-249
-226
-194
-197
-178
-156
-144
-127
-90
-65
-54
2
17
64
115
123
147
169
205
217
258
238
249
299
301
296
282
299
325
323
316
335
365
359
350
353
314
337
359
346
323
300
265
220
206
128
107
77
11
45
-5
1
1
-11
-33
-50
-26
-23
-8
13
20
22
73
67
97
99
136
175
197
227
212
254
249
289
282
260
312
267
300
297
275
264
234
198
138
138
120
112
67
58
50
30
52
66
34
37
25
-15
-11
-19
-33
-29
-68
-109
-126
-163
-203
-237
-215
-262
-244
-246
-311
-301
-321
-347
-410
-446
-415
-392
-375
-350
-365
-395
-371
-392
-414
-414
-416
-361
-364
-368
-324
-297
-278
-257
-253
-296
-286
-307
-315
-297
-328
-287
-305
-340
-303
-331
-356
-336
-329
-321
-281
-258
-250
-219
-185
-171
-182
-153
-164
-153
-103
-125
-98
-44
-2
26
99
113
160
201
235
272
276
315
330
395
443
457
505
537
579
653
693
722
773
790
796
775
743
685
678
596
574
555
505
473
488
480
428
414
366
347
336
312
265
287
302
297
296
300
344
356
334
347
327
336
326
305
258
208
162
146
50
50
6
-32
-79
-122
-111
-156
-180
-229
-277
-359
-414
-492
-501
-521
-558
-548
-547
-533
-537
-542
-559
-553
-556
-581
-537
-525
-541
-520
-528
-505
-483
-496
-518
-503
-505
-506
-482
-486
-461
-449
-405
-407
-384
-329
-306
-308
-263
-214
-218
-171
-106
-67
-42
-17
25
38
56
114
128
167
184
183
194
221
211
251
253
229
235
243
248
266
300
230
240
218
212
197
176
173
135
113
97
100
96
117
107
142
117
112
132
100
102
93
93
44
49
43
2
71
50
103
141
135
151
183
169
154
152
128
150
149
159
172
165
188
196
215
209
226
246
236
281
266
254
225
174
147
127
99
54
51
20
-1
-7
-37
-78
-106
-152
-155
-136
-123
-120
-135
-89
-95
-73
-18
-25
24
47
68
72
49
75
39
17
-27
-41
-74
-55
-100
-80
-105
-123
-76
-105
-105
-159
-164
-204
-235
-246
-261
-270
-255
-257
-228
-236
-221
-257
-260
-198
-196
-187
-152
-106
-93
-56
-22
-19
-24
-2
-12
-38
-33
-35
-39
-42
3
8
43
30
50
44
54
89
46
66
79
99
92
112
100
119
141
117
130
149
171
168
187
216
181
187
184
164
148
141
127
152
149
108
94
118
125
104
89
64
84
55
67
61
61
61
69
83
87
101
77
62
28
4
-1
-73
-79
-124
-172
-207
-289
-297
-317
-345
-378
-401
-432
-443
-455
-509
-499
-498
-490
-469
-429
-400
-387
-309
-284
-283
-230
-198
-152
-127
-108
-51
-73
-18
16
-1
5
-2
-20
-36
-37
-46
-30
-8
-1
67
47
88
119
97
140
149
136
142
155
165
185
194
210
187
244
233
254
261
267
313
308
377
416
436
488
488
499
486
426
446
443
418
405
401
369
379
334
260
240
162
106
72
16
-4
-48
-45
-76
-89
-86
-141
-119
-119
-115
-109
-110
-57
-97
-120
-128
-178
-180
-178
-176
-178
-186
-163
-150
-151
-141
-138
-113
-105
-98
-79
-62
-61
-50
-62
-96
-46
-77
-44
-52
-51
-38
-61
-44
-40
3
-7
-8
-16
-28
-31
-6
40
46
56
54
56
83
54
69
19
-20
-26
-25
28
-18
28
38
50
92
120
161
138
123
117
159
142
85
110
39
16
-9
-59
-46
-79
-89
-112
-95
-101
-94
-122
-119
-146
-160
-151
-165
-180
-176
-188
-190
-159
-155
-119
-100
-51
-28
-35
-24
-51
-53
-36
-18
-47
-46
-32
-57
-27
-61
-28
-17
-27
-9
-30
-21
-13
8
-19
-30
-51
-60
-76
-90
-60
-77
-41
-13
-16
47
72
123
137
165
212
187
216
214
206
194
182
186
130
129
112
80
69
65
48
20
14
-48
-71
-100
-117
-147
-164
-181
-213
-183
-197
-186
-155
-182
-130
-100
-114
-84
-86
-83
-45
-68
-50
-64
-62
3
-7
35
22
31
51
48
53
68
90
89
120
117
161
147
111
152
153
151
176
187
164
176
183
138
96
24
-37
-91
-159
-170
-198
-188
-216
-219
-235
-210
-240
-256
-257
-284
-269
-283
-264
-280
-249
-226
-206
-135
-95
-93
-15
17
67
120
112
137
120
128
89
67
67
44
53
28
59
55
50
45
19
48
-8
7
7
-36
1
-25
-20
13
59
123
123
115
152
141
203
229
243
284
322
334
342
343
330
309
283
299
257
270
295
265
249
256
200
177
180
143
134
141
92
61
86
18
60
91
63
89
100
138
110
102
100
66
77
48
15
12
-13
-24
-24
-40
-49
-56
-51
-131
-119
-149
-224
-191
-223
-239
-218
-241
-215
-206
-199
-171
-155
-134
-159
-139
-169
-204
-192
-237
-267
-300
-329
-305
-297
-282
-280
-316
-316
-312
-308
-320
-293
-316
-306
-279
-306
-265
-257
-267
-226
-181
-186
-171
-151
-117
-105
-136
-94
-106
-130
-135
-157
-129
-105
-110
-79
-106
-96
-87
-125
-91
-99
-62
-24
-28
-8
9
50
63
102
122
164
199
276
312
335
380
423
400
423
459
422
446
440
450
459
444
463
461
474
468
462
490
450
467
440
380
391
337
294
281
238
195
196
183
158
158
147
123
158
150
172
159
182
214
213
217
168
140
88
91
50
12
10
-18
-20
-57
-57
-62
-88
-101
-120
-112
-118
-97
-109
-108
-142
-168
-158
-193
-198
-219
-225
-226
-243
-241
-228
-261
-234
-250
-262
-248
-240
-223
-253
-223
-235
-238
-209
-261
-233
-212
-236
-211
-198
-220
-194
-215
-193
-206
-247
-242
-270
-268
-284
-253
-258
-241
-234
-239
-237
-229
-183
-171
-118
-109
-92
-84
-100
-89
-71
-90
-140
-147
-127
-158
-160
-135
-184
-166
-178
-165
-128
-82
-55
-90
-35
-47
-32
-8
-16
-1
-23
-4
5
6
19
25
61
59
96
127
131
186
221
217
226
245
222
236
235
212
250
250
248
308
281
293
268
279
301
313
325
327
341
304
319
329
325
348
293
263
271
246
255
223
187
173
119
101
62
74
56
39
23
25
50
7
21
-20
-9
-32
1
0
-36
-17
-52
-26
-41
-55
-15
-47
-58
-85
-127
-158
-172
-190
-214
-186
-203
-202
-209
-199
-189
-182
-147
-150
-110
-83
-97
-115
-111
-143
-152
-142
-138
-144
-154
-95
-126
-114
-130
-127
-97
-117
-89
-73
-68
-38
-38
-68
-50
-98
-88
-99
-137
-155
-153
-158
-168
-145
-134
-149
-104
-65
-41
46
54
106
101
126
149
171
239
232
313
301
310
342
336
385
388
400
387
358
308
325
290
247
252
223
215
183
171
170
130
100
131
71
87
101
81
93
98
78
66
72
93
46
84
32
-26
-18
-72
-70
-76
-91
-97
-103
-131
-123
-138
-151
-197
-187
-222
-248
-297
-305
-313
-311
-307
-297
-298
-293
-251
-251
-244
-240
-228
-239
-257
-287
-316
-354
-357
-404
-403
-437
-398
-421
-407
-377
-393
-369
-323
-324
-301
-247
-263
-222
-219
-186
-134
-62
-20
30
82
130
160
215
237
247
285
357
374
420
443
460
509
497
501
455
441
413
391
391
403
376
390
430
421
437
404
398
368
355
354
320
352
326
328
324
335
304
344
348
368
372
361
330
314
311
264
233
199
176
143
156
112
105
34
24
3
-18
-6
-65
-60
-71
-93
-140
-185
-198
-248
-270
-277
-276
-285
-325
-315
-301
-342
-335
-345
-372
-343
-361
-367
-390
-432
-410
-427
-456
-420
-451
-413
-430
-440
-418
-435
-403
-411
-420
-431
-445
-456
-437
-466
-447
-473
-481
-461
-444
-414
-432
-395
-430
-450
-410
-407
-359
-310
-304
-258
-187
-152
-96
-109
-62
-25
3
62
94
137
139
218
231
278
337
357
394
406
402
429
450
497
465
463
472
406
413
398
346
355
329
320
328
348
365
370
364
337
363
350
387
386
414
404
397
407
370
370
362
357
399
390
384
371
355
361
343
323
340
299
301
330
299
286
255
231
174
119
62
22
11
-34
-35
-25
-47
-69
-80
-100
-125
-147
-194
-239
-241
-255
-268
-278
-239
-255
-263
-264
-283
-252
-276
-244
-244
-243
-248
-248
-258
-247
-256
-293
-267
-276
-271
-248
-245
-255
-256
-278
-291
-255
-282
-287
-258
-271
-269
-282
-301
-326
-352
-342
-338
-344
-341
-278
-321
-303
-269
-284
-250
-200
-204
-210
-165
-187
-157
-160
-145
-140
-117
-108
-89
-75
-94
-70
-85
-63
-97
-4
-3
28
91
75
108
113
170
174
203
216
226
258
263
255
257
295
292
294
292
315
328
331
387
390
439
460
509
512
541
538
539
540
537
559
556
597
603
606
626
613
596
619
577
549
531
471
486
424
414
374
298
272
251
197
170
155
74
57
21
-12
-45
-101
-136
-199
-263
-300
-287
-336
-392
-397
-455
-492
-552
-603
-616
-656
-671
-682
-698
-682
-697
-738
-731
-738
-786
-788
-778
-784
-791
-797
-822
-796
-818
-802
-754
-747
-691
-668
-625
-580
-545
-490
-436
-392
-356
-318
-271
-213
-131
-77
-16
49
109
169
208
247
320
323
367
415
434
472
468
469
496
535
531
568
600
598
624
632
626
616
612
592
545
555
526
557
568
524
517
488
473
441
444
440
440
432
428
428
429
416
400
334
338
322
298
301
275
265
228
192
161
81
100
48
21
18
-3
-19
-49
-66
-93
-102
-166
-159
-192
-159
-175
-169
-157
-187
-165
-183
-216
-222
-210
-208
-196
-199
-199
-250
-235
-257
-279
-277
-275
-254
-236
-237
-246
-243
-254
-283
-285
-275
-307
-304
-305
-306
-296
-289
-314
-279
-258
-273
-262
-272
-274
-312
-296
-296
-304
-291
-238
-241
-215
-178
-191
-150
-164
-152
-140
-123
-102
-72
-61
-52
-33
-17
-2
-14
-9
-1
17
50
36
77
56
47
51
29
31
15
38
48
86
71
95
102
93
105
110
126
147
189
201
243
257
271
292
304
314
351
377
412
438
445
473
472
476
490
490
500
470
437
420
378
347
316
305
297
270
273
222
198
199
217
150
117
126
44
18
-12
-64
-118
-146
-172
-193
-225
-205
-216
-250
-238
-280
-311
-341
-348
-358
-363
-377
-417
-402
-443
-445
-464
-484
-496
-518
-489
-510
-510
-499
-503
-508
-505
-474
-446
-466
-437
-434
-468
-430
-415
-378
-338
-309
-293
-284
-241
-236
-233
-155
-151
-84
-38
-22
34
73
118
150
191
208
263
299
355
386
418
477
503
539
581
628
