SAMPLES:	7492
BITSPERSAMPLE:	16
CHANNELS:	1
SAMPLERATE:	16000
NORMALIZED:	FALSE
52
55
39
9
-39
-49
-74
-29
-84
-107
-109
-184
-161
-261
-288
-341
-334
-372
-398
-417
-427
-386
-441
-451
-484
-499
-517
-488
-552
-525
-560
-642
-585
-648
-713
-662
-621
-667
-613
-636
-645
-628
-566
-544
-545
-472
-441
-445
-432
-392
-410
-426
-407
-331
-385
-291
-336
-281
-179
-242
-136
-161
-96
-103
-90
-110
-85
-18
-33
60
67
70
146
124
129
100
119
108
59
44
15
32
36
133
121
134
227
212
267
290
288
309
289
279
304
286
241
303
261
286
310
289
355
333
336
320
285
274
229
220
178
176
195
160
179
177
187
153
154
143
106
180
101
140
84
80
45
78
64
57
110
85
124
148
149
101
102
88
78
21
47
79
91
142
134
162
150
146
212
144
203
223
191
284
224
296
299
324
359
365
436
440
452
438
434
396
433
387
327
340
278
234
189
159
120
116
102
147
109
113
128
67
78
-7
-29
-44
-58
-84
-59
-78
-79
-130
-160
-155
-237
-246
-299
-339
-371
-357
-357
-316
-358
-379
-371
-395
-432
-426
-389
-437
-448
-430
-496
-481
-465
-520
-548
-514
-521
-543
-490
-513
-480
-515
-469
-456
-400
-409
-352
-341
-318
-243
-310
-203
-245
-256
-208
-198
-209
-253
-295
-337
-312
-325
-320
-299
-240
-154
-110
-85
-46
-91
-126
-123
-141
-112
-132
-136
-62
-34
14
29
16
41
56
104
89
128
143
155
154
121
121
91
87
131
152
212
257
299
256
342
313
315
316
335
378
429
387
396
439
379
467
407
475
444
474
488
479
495
445
439
372
363
335
386
367
343
388
335
389
415
437
376
391
372
366
368
325
390
296
354
287
283
312
264
294
257
271
323
305
345
340
317
369
266
272
191
131
121
47
7
-32
-41
-115
-100
-140
-108
-121
-122
-153
-179
-188
-212
-209
-275
-234
-233
-278
-271
-301
-329
-367
-383
-417
-380
-343
-392
-409
-481
-474
-529
-604
-593
-629
-653
-582
-611
-598
-500
-542
-531
-557
-512
-520
-502
-440
-458
-387
-386
-349
-334
-281
-292
-246
-216
-240
-201
-137
-164
-102
-57
-124
-31
-26
-50
-6
25
12
47
43
-7
13
33
42
56
82
78
51
120
99
86
108
89
107
128
126
167
178
109
97
84
39
44
66
32
60
48
36
48
69
14
-19
-71
-29
-47
-10
40
5
76
94
115
89
73
109
124
49
117
135
106
208
139
162
160
126
159
115
147
180
248
283
296
245
252
231
204
281
182
191
236
259
267
348
359
335
378
368
360
419
424
404
412
391
388
400
364
372
367
360
391
374
389
364
300
257
211
186
98
68
64
10
47
-40
-65
-92
-126
-170
-207
-224
-255
-232
-243
-254
-296
-243
-258
-234
-278
-233
-254
-311
-237
-328
-300
-297
-250
-272
-259
-245
-275
-243
-319
-288
-364
-327
-367
-387
-370
-404
-359
-384
-367
-383
-352
-363
-312
-268
-225
-224
-174
-177
-101
-117
-126
-123
-120
-136
-123
-67
-85
-68
-59
-94
-98
-97
-114
-97
-100
-37
-3
38
23
-45
-44
-21
-11
27
16
45
84
108
81
69
49
43
40
27
82
58
55
113
115
109
96
72
90
75
2
-11
-32
-73
-65
-37
-77
-51
-40
-25
25
3
73
66
51
92
75
85
151
152
257
313
344
385
433
440
488
473
506
528
526
608
613
610
582
529
454
450
388
382
372
382
410
416
341
352
243
160
128
30
2
-23
-22
-103
-141
-179
-227
-199
-242
-285
-299
-309
-298
-307
-290
-308
-279
-317
-335
-315
-294
-315
-288
-322
-349
-337
-366
-376
-396
-358
-332
-309
-288
-262
-243
-217
-217
-211
-191
-154
-116
-116
-50
-101
-62
-99
-146
-113
-129
-76
-59
-13
-5
31
15
64
89
90
106
178
222
249
260
259
243
198
272
269
246
260
246
234
189
262
194
192
175
152
226
227
249
248
226
202
190
130
134
90
109
63
-94
-144
-126
-123
-209
-186
-15
45
91
132
219
153
113
61
-61
-84
-88
-101
-166
-87
-50
-55
-120
-129
-215
-318
-366
-394
-404
-456
-420
-410
-437
-403
-369
-406
-476
-484
-484
-508
-502
-425
-382
-339
-363
-274
-260
-264
-244
-308
-345
-329
-294
-240
-175
-158
-129
-28
25
54
91
105
144
97
167
234
182
256
251
234
221
235
180
78
56
72
53
48
219
244
239
341
394
345
352
349
293
425
421
435
425
429
452
342
339
231
150
98
-5
56
91
43
138
186
242
380
399
388
412
340
297
254
162
56
55
127
67
104
114
190
172
193
250
151
196
234
96
15
171
244
100
140
241
115
11
-7
-231
-319
-219
-346
-375
-249
-170
-196
-171
-137
-151
-204
-249
-157
-293
-272
-367
-436
-413
-368
-374
-233
-66
-141
-5
27
-49
-217
-253
-385
-523
-475
-388
-465
-397
-197
9
89
200
287
240
202
161
233
275
526
689
760
773
739
632
369
-10
-134
-438
-766
-516
-231
75
558
1005
1286
1357
553
-851
-1531
-2292
-3541
-4100
-4025
-3764
-2685
-792
850
2048
2874
3101
2878
2408
1858
896
-449
-1322
-1645
-1763
-1681
-1240
-1047
-1351
-1477
-1251
-624
-13
346
999
1789
2487
3037
3256
2731
1742
706
-426
-1174
-2113
-3356
-3611
-2410
-1665
-1533
285
2398
3299
4332
5190
5123
4304
3251
1677
-59
-1329
-2664
-3792
-3859
-3057
-2236
-1170
560
2126
2825
3360
3913
3680
2706
1916
1337
355
-519
-1170
-1985
-2497
-2659
-2648
-2356
-1890
-1175
-312
765
1940
2903
3646
3764
3781
3311
2416
1453
241
-1366
-2328
-2127
-2507
-2481
-1382
-754
-629
302
841
546
590
246
-423
-1693
-5164
-9711
-10690
-8039
-7633
-8139
-4342
1782
5844
8878
12781
13553
10309
6156
2021
-2122
-5554
-8319
-10844
-11349
-8586
-4646
-934
2307
4235
4640
4021
3704
3904
3674
2637
1817
2286
2988
2834
1745
-272
-3200
-6086
-7644
-7630
-6022
-3427
-754
1950
5201
7983
8896
8021
6187
3603
880
-1169
-2078
-1976
-1665
-1545
-1474
-571
58
-278
-867
-1820
-2382
-705
2104
3152
4688
7280
7339
6429
6384
4405
231
-3113
-5404
-7557
-7954
-6638
-5244
-3433
-340
2746
4449
5721
6620
5666
3623
2379
1383
-638
-2071
-2568
-3028
-3388
-3740
-3568
-3264
-3037
-2410
-1176
-24
1788
3847
4455
5048
5513
4255
1988
151
-1181
-2520
-3441
-3002
-1820
-1172
48
1595
1598
1551
1786
683
-53
293
-256
-932
-664
-1428
-3915
-8040
-11355
-10225
-7909
-8556
-7419
-1511
4268
8187
12135
14916
13558
8924
3743
-1020
-5419
-9309
-12277
-13996
-12940
-8686
-3835
177
3292
4511
4198
3643
3487
3563
3213
1932
1309
2139
2253
1182
-486
-2952
-6264
-8607
-8675
-6987
-4017
-552
2889
6358
9604
11706
11557
9367
6435
3004
-299
-2512
-3433
-3362
-3030
-2564
-2479
-2107
-581
889
968
1452
4156
6489
8169
10355
11283
9648
6393
2883
-983
-4817
-8396
-10925
-11562
-10039
-6272
-1836
2432
6778
9588
10381
10664
10190
7550
4015
1127
-1720
-3946
-5214
-6246
-7063
-6945
-6303
-5221
-3154
-414
2255
4413
6623
8461
8686
7508
5258
2300
-774
-3819
-6295
-7469
-7122
-5765
-3772
-1445
168
686
605
-102
-1467
-2747
-3653
-4506
-4947
-5980
-8991
-10730
-8404
-6289
-7252
-6040
-657
4007
7169
10629
12925
11957
8485
4486
431
-3745
-8073
-11477
-13236
-12360
-8680
-4048
167
3089
4810
5842
5942
5311
4579
3490
1604
952
2031
2600
1929
728
-1682
-5222
-7916
-9088
-8653
-7184
-4904
-1586
2971
7376
10531
12340
11971
9486
6065
2818
-37
-2192
-3100
-4107
-5594
-5651
-3306
-1202
-1279
-301
2424
4619
6611
9168
10615
10224
8258
4975
1767
-737
-3859
-7283
-9159
-9144
-7544
-4590
-751
2567
5023
6988
8375
8574
7696
5905
3158
265
-2063
-3909
-5047
-5448
-5531
-5119
-4127
-2485
-497
1104
2213
3815
5050
5185
4822
4441
3561
1643
-734
-2375
-3018
-3135
-2845
-1974
-1079
-745
-214
-303
-875
-1109
-1829
-2824
-2888
-2326
-2160
-2446
-4522
-8411
-9545
-7389
-7216
-8189
-5032
339
4437
8248
12351
14132
12377
8958
4803
300
-4342
-8552
-11525
-13112
-12230
-8652
-4278
-1038
979
2531
3223
3156
3206
3401
2705
1699
2154
3113
2882
1757
-70
-3380
-7365
-9860
-10303
-9460
-7647
-4614
-498
3902
7670
10714
12070
10727
8045
5374
2696
262
-1482
-3271
-4928
-4417
-2665
-1576
-109
2226
4084
5864
8302
9970
10273
9628
7881
4956
1803
-1215
-4197
-6655
-7815
-7646
-5987
-2738
530
3079
5465
7716
8619
8387
7427
5404
3169
948
-1529
-3780
-4880
-5682
-6622
-6564
-5117
-3309
-1472
656
2303
3456
4426
4582
3560
2574
1689
-120
-1866
-2334
-2720
-3474
-3370
-2643
-2550
-2230
-1260
-1062
-1257
-1501
-2109
-2608
-2442
-2716
-3243
-3037
-3898
-6971
-9968
-9523
-7394
-7600
-7868
-3804
1896
6004
9669
12829
13687
11679
8057
3546
-1215
-5996
-10347
-13112
-13845
-12024
-7756
-3058
233
2568
4519
5131
4515
4148
3934
2427
1464
2310
2978
2148
1056
-402
-3478
-6608
-8200
-8198
-6933
-4831
-1884
1983
5866
9209
11710
12385
10725
8435
6093
2686
-1039
-2929
-3414
-4414
-4720
-2653
-7
1977
4408
6944
8419
9432
9874
8991
7806
5723
1936
-1660
-3905
-5831
-7452
-7754
-6723
-4542
-1934
904
3974
6558
7856
8016
7445
6452
5068
2451
-305
-2422
-4177
-5289
-5847
-5860
-4931
-3243
-1805
-484
1267
2585
3135
2921
2576
2589
1932
736
90
-52
-900
-1710
-1749
-1960
-2654
-3324
-3164
-3017
-3686
-4042
-3817
-3665
-3584
-3531
-3270
-2388
-2095
-2756
-4749
-8313
-9537
-7377
-6437
-7369
-4494
1417
5384
8289
11452
12974
11329
7358
2609
-1773
-5667
-9417
-12188
-12996
-11708
-8715
-4619
-1225
608
1440
1920
1833
1374
1501
1770
1820
2210
3146
3410
2548
940
-1927
-5318
-7504
-8085
-7399
-5415
-2094
1439
4861
7975
10156
10873
10144
8773
6244
2654
479
616
570
-487
-418
847
1591
2469
4054
4966
5430
5964
6221
6943
7526
6998
5336
3225
1573
-75
-2106
-3376
-3475
-3424
-2806
-907
1628
3888
5072
5631
6190
6056
4431
2538
958
-1206
-3223
-4213
-4791
-4899
-3786
-2808
-2652
-1986
-893
-45
781
1383
1852
2560
2618
1894
1636
1340
-169
-1791
-2475
-3007
-3314
-3166
-3041
-2869
-2599
-2165
-1867
-2068
-2456
-2646
-2805
-2808
-2594
-2744
-4200
-7261
-9845
-9203
-7159
-7449
-6934
-2052
3305
6691
10276
13134
12900
9634
4767
-260
-5027
-9406
-12816
-13983
-13373
-11073
-6720
-2149
584
1811
2460
2051
1041
609
720
587
1029
2341
3269
3133
2383
961
-1936
-5313
-7423
-7465
-5828
-3457
-653
2468
5941
9123
11102
11859
11135
8573
5139
2894
1791
636
-197
-535
-254
1587
3841
5015
6052
6537
5857
5269
5145
4340
2801
1236
-379
-1467
-1412
-716
-170
260
785
1384
1992
2428
2389
2524
2378
1654
1428
1362
840
-70
-945
-2487
-3685
-3692
-3495
-3117
-2339
-1530
-1158
-558
747
1541
1154
380
271
351
426
1007
1173
865
695
426
-264
-902
-2143
-3581
-3926
-4038
-4203
-3160
-1420
-1278
-1870
-1466
-1377
-1888
-2327
-3840
-7058
-9891
-9992
-7595
-6124
-5739
-2251
3167
6859
9363
11367
11332
8183
3363
-1123
-5215
-9205
-12018
-12958
-12718
-11376
-7743
-2889
105
980
1601
2063
1657
946
602
533
676
1308
2011
2198
2299
1920
-145
-2926
-4678
-4983
-4208
-3000
-1541
753
3734
6597
8820
10744
11249
9604
7497
5691
3846
2523
1951
912
548
1983
3269
3973
5370
6232
5574
4952
4860
3984
2723
1782
722
-455
-365
449
571
1302
2364
2358
1838
1572
1134
979
851
-103
-417
3
-293
-751
-474
-407
-1232
-1682
-1574
-1632
-1545
-1045
-1198
-1752
-1192
-210
-471
-1112
-721
-337
-678
-1164
-1154
-851
-801
-1033
-854
-278
-562
-1198
-878
-1234
-2760
-3053
-2888
-4366
-5894
-5806
-5091
-4463
-3706
-3028
-2851
-4194
-7161
-7956
-5574
-4733
-5842
-3644
1281
4755
7270
9519
9899
7672
3626
-838
-5053
-8707
-11282
-12698
-12871
-11311
-7582
-2784
969
2417
2960
3559
2913
1553
1210
1163
504
671
1928
2617
2944
2908
1337
-1224
-3270
-4191
-3914
-2943
-1849
-115
2939
6384
9126
10648
10547
9473
7980
5687
3564
2800
2212
1158
983
1979
3233
4523
5146
4764
4054
3355
2645
1841
1213
938
830
1318
2461
3382
4277
4396
3239
1321
-321
-914
-961
-1284
-1644
-1145
320
1336
1623
2159
1715
285
-963
-1876
-2483
-2209
-1895
-2271
-2224
-1568
-746
-278
-666
-1132
-997
-976
-1444
-900
401
704
687
816
787
339
-512
-1521
-2587
-3865
-4353
-4649
-5795
-6288
-5690
-5198
-4873
-3689
-2834
-2378
-2193
-4154
-6631
-6490
-5162
-5463
-5768
-2645
1776
4756
6956
8218
8124
6000
2011
-2173
-5797
-9314
-11836
-12467
-12044
-10383
-6355
-1682
634
1566
2926
3266
2245
1278
772
276
423
1409
2355
3009
3633
3450
1455
-1587
-3492
-4108
-4321
-3939
-2234
761
4239
7498
9716
10816
11104
10162
7744
4774
2682
1554
647
-82
152
2062
4075
4916
5259
5443
4775
3709
2833
2032
1406
1499
2176
2940
3899
4821
4942
4028
2346
214
-1513
-2510
-2886
-2981
-2267
-550
1386
2892
3801
4197
3585
1752
-359
-2253
-3452
-3827
-4032
-3682
-2428
-1034
370
1483
1639
1580
1396
458
-747
-1345
-1118
-1152
-1776
-1995
-1413
-677
-1140
-1992
-2189
-2475
-3363
-4462
-5535
-6572
-6678
-6199
-5755
-4938
-3868
-2868
-2991
-5719
-8102
-7169
-6171
-7260
-6480
-1969
2497
5382
7656
8928
8474
5978
1999
-2271
-6201
-9458
-11561
-12256
-11782
-9159
-4878
-1245
847
2171
3297
3582
2838
1788
848
481
1032
1578
1945
2599
3392
2774
444
-1958
-3046
-3330
-3764
-3343
-1520
1272
4705
7955
9970
10983
11371
10130
7029
4208
2723
1538
51
-659
349
2220
3845
4761
5609
6090
5561
4810
4222
3693
3185
2608
2454
2771
3095
3469
3118
1892
310
-1009
-1953
-2007
-1305
-773
-76
1149
2514
3009
2887
2177
573
-1686
-3633
-4306
-4095
-3334
-2542
-1829
-1025
62
1117
903
-45
-522
-1059
-2028
-2576
-1809
-476
-250
-1063
-1087
-337
-572
-1743
-2153
-2705
-4119
-4992
-5149
-5050
-4993
-4670
-4088
-3520
-2705
-1601
-1019
-2706
-6426
-8864
-8497
-7576
-7644
-6260
-2071
2235
5224
7551
9232
9043
6152
1967
-2112
-5980
-9451
-11305
-11564
-10824
-8458
-4329
-325
1852
2877
3679
3439
1823
197
-684
-497
291
972
1927
3149
3736
2989
1256
-582
-2137
-3234
-3374
-2490
-686
1928
5163
7814
9114
10091
10404
8648
5675
3412
1879
848
385
732
2063
3621
4563
5335
5927
5664
5105
4657
3794
3022
3170
3417
3282
3394
3076
2054
919
-701
-2438
-3755
-4160
-3548
-2399
-993
1020
3033
4003
3917
3129
2014
252
-1991
-3676
-4179
-4143
-3897
-3372
-2667
-1635
-212
569
157
70
409
-107
-800
-772
-471
-835
-1530
-1596
-1177
-969
-1512
-2188
-2931
-3402
-3767
-3731
-3566
-3912
-3666
-2793
-2183
-1634
-808
-804
-2053
-4709
-7724
-8950
-8283
-7704
-7474
-4927
133
4652
7692
10021
10978
9641
6213
1815
-2750
-7025
-10031
-11361
-11535
-10479
-7209
-2624
678
2102
2931
3405
2876
1510
207
-145
421
1012
1609
2561
3329
3417
2598
415
-2123
-3242
-3530
-3711
-2957
-785
2300
5262
7532
9215
10515
10296
8070
5538
3622
1609
98
-321
-417
203
1660
2974
3842
4873
5784
5958
5628
5189
4848
4541
3808
2991
2370
1200
-240
-1480
-2736
-4062
-4758
-4345
-3195
-1769
-214
1743
3339
3724
3249
2468
888
-1133
-3176
-4854
-5515
-5521
-5130
-4219
-2913
-1618
-133
650
715
1304
1526
667
-96
-137
-290
-939
-1419
-1391
-1592
-1981
-2397
-2766
-3090
-3412
-3290
-2890
-2351
-2214
-1920
-1055
-689
-871
-775
-1178
-2093
-3800
-7169
-10047
-9810
-8277
-8238
-6829
-1959
3232
6725
9413
11465
11626
8968
4374
-204
-4545
-8550
-11125
-12007
-11882
-10186
-6192
-1876
940
2807
4451
4935
3881
2677
2163
2059
2000
2137
2339
2567
2993
2815
1172
-1009
-2420
-3042
-2857
-1973
68
3157
6298
8643
10130
11205
11158
9182
5820
2391
52
-702
-1144
-1316
-182
1870
3685
5258
6885
8183
8299
7303
5998
4727
3902
3051
1714
263
-1080
-2220
-3046
-3887
-5054
-5623
-5063
-3879
-2344
-40
2501
4254
4747
4117
3169
1566
-1066
-4289
-6819
-8311
-8789
-8246
-6769
-4965
-3259
-1668
-222
866
1230
1124
482
-648
-1420
-1456
-1470
-1653
-1835
-2325
-2588
-2524
-2841
-2875
-2538
-2653
-2538
-1750
-1157
-563
107
-89
-591
-697
-963
-1921
-3138
-5162
-8546
-10551
-9470
-7677
-6817
-4486
642
5760
9004
11400
13182
12506
8930
4025
-794
-5630
-9846
-12161
-12722
-12184
-9842
-5133
-288
2816
4953
6315
6055
4660
3238
2330
1896
1778
1594
1541
2214
2739
1934
320
-1384
-2878
-3396
-2868
-1535
1054
4864
8186
9923
10900
11588
10672
7344
3205
57
-1949
-3068
-3415
-2315
256
2852
5095
7030
8433
8882
8231
6451
4018
2376
1388
101
-1299
-1898
-1974
-2430
-3429
-4193
-4607
-4818
-4519
-3501
-1758
185
2150
3788
4555
4273
3328
1521
-1227
-3917
-5726
-6538
-6864
-6596
-5178
-3418
-1968
-936
-109
674
1119
634
30
151
274
85
-72
-315
-959
-1554
-2493
-3538
-3494
-3145
-3069
-2285
-1355
-593
821
1488
671
-196
-980
-1890
-2675
-3541
-4187
-4345
-5460
-7985
-9377
-7779
-5490
-5154
-3897
394
4906
7870
10029
11457
10798
7203
2348
-2210
-6820
-10758
-12798
-13328
-12524
-9552
-4320
936
4215
6064
7045
6854
5464
3741
2330
1436
907
570
599
1060
1658
1635
740
-654
-1636
-1564
-627
920
3239
5857
8025
9379
10141
10240
8794
6248
3571
824
-1182
-1915
-1705
-776
1105
3392
5080
6243
7377
7813
6962
5026
2770
1191
5
-1090
-1838
-2062
-2342
-3065
-3827
-4198
-4269
-4407
-4303
-3462
-1972
-231
1621
3086
3619
3093
1906
339
-1497
-3282
-4489
-5234
-5802
-5738
-4753
-3728
-3102
-2382
-1432
-767
-610
-23
757
1229
1633
1556
1053
548
-249
-1622
-2942
-3556
-3581
-3076
-2179
-1139
64
1109
1509
1516
1122
-3
-1044
-1828
-2767
-3446
-3234
-3042
-3645
-5233
-7248
-7734
-6150
-4698
-4179
-2023
2343
6266
8757
10533
10956
8986
4798
-235
-4738
-8595
-11725
-13110
-12712
-10961
-7169
-1842
2923
5840
7291
7733
6963
5418
3688
2248
1315
440
-191
-41
755
1626
1701
502
-821
-871
-117
693
1768
3475
5290
6633
7572
8298
8794
8188
6016
3231
1181
270
-41
-7
105
679
1867
2846
3432
3810
3828
3266
2268
1387
1285
1524
994
-29
-1072
-1931
-2870
-3725
-4402
-4906
-5003
-4258
-2813
-1236
561
2429
3498
3625
3493
3033
1911
110
-1874
-3649
-4931
-5678
-6204
-6243
-5799
-4919
-3367
-1620
-362
819
2062
2661
2395
1790
1305
385
-887
-2097
-3108
-3382
-2722
-1968
-1480
-1167
-576
-65
-453
-955
-1172
-1828
-2821
-3034
-2588
-2594
-2523
-2509
-2682
-3355
-5620
-7674
-7260
-5559
-5035
-4105
-399
4121
7134
9310
10705
10318
7772
3408
-1296
-5633
-9422
-11673
-12065
-11125
-8522
-4028
1227
4997
7088
8412
8528
7148
5363
3859
2578
1834
1261
832
912
1555
1930
1245
84
-830
-1441
-1121
22
1659
3747
5877
7762
9001
9682
9637
8417
5790
2641
211
-933
-1670
-2207
-1619
-350
345
700
1994
3222
3335
2440
1412
869
654
446
-257
-1261
-2200
-3094
-4236
-5241
-5462
-5255
-5076
-4433
-2721
-277
1983
3230
3835
3988
3114
1786
270
-1827
-4250
-6079
-6891
-7190
-6936
-5780
-4089
-2591
-1221
351
1790
2357
2294
2324
1848
1033
685
518
-33
-814
-1163
-1263
-1494
-1271
-540
-70
-12
-20
-122
-406
-801
-1340
-2078
-2829
-3222
-3137
-2549
-2111
-1971
-2180
-3745
-5731
-5532
-3632
-3166
-3197
-500
3369
5942
7845
9410
9467
6936
2391
-1895
-5356
-8542
-10649
-10860
-9650
-7331
-3152
2037
6026
8035
8990
8832
7448
5458
3641
2388
1184
38
-639
-587
47
401
139
-530
-1140
-1310
-809
626
2643
4393
6009
7604
8601
8600
8028
6627
3789
676
-1329
-1978
-2280
-2588
-2038
-546
855
1395
1489
1874
1820
807
-67
-127
353
575
152
-472
-690
-1239
-2565
-4092
-5087
-5595
-5487
-4262
-2354
5
2396
4221
4990
4560
3088
1416
-931
-3862
-6040
-7060
-7257
-6620
-5125
-3301
-1690
-456
552
1124
1192
1049
936
782
638
1021
1897
2352
1895
1176
888
513
-398
-1482
-1831
-1786
-2037
-2049
-1531
-873
-698
-1101
-1630
-1769
-1741
-2123
-2400
-2035
-1650
-1318
-1736
-3934
-5621
-4531
-3422
-4174
-3946
-574
3144
5147
6670
7975
8001
5740
2110
-1369
-4551
-7320
-8782
-8771
-7794
-5303
-863
3696
6515
8025
9122
9027
7383
5059
3152
1585
242
-1022
-1845
-1376
-246
370
409
669
800
994
1788
2760
3499
4362
5375
5576
5472
5999
6282
5171
2955
1167
237
-403
-1300
-2157
-2331
-2333
-2690
-2636
-1574
-220
587
1112
1737
2334
2919
2765
1657
86
-1597
-3355
-5211
-6165
-6039
-5542
-4650
-3117
-978
1010
2183
2567
2409
1918
848
-516
-1644
-2958
-4175
-4717
-4754
-4614
-3893
-2938
-2436
-1802
-696
511
1455
2104
2998
3910
4372
4351
4211
3402
1465
-479
-1656
-2609
-3588
-3710
-3105
-2610
-2058
-1215
-451
-167
-372
-673
-1124
-1203
-615
82
571
773
865
390
-1912
-5172
-6836
-6692
-7113
-8012
-6304
-1910
2413
5887
8945
11082
11153
8581
4672
768
-3322
-7243
-9578
-10078
-9079
-6012
-1374
2995
5947
7746
8659
8240
6493
4187
2033
281
-973
-1712
-1609
-393
898
1558
1500
862
120
-298
-72
-85
65
1590
3454
4817
6000
7026
7105
5776
3534
1280
-956
-3051
-4835
-5986
-6159
-5641
-4245
-2323
-364
1729
3450
4429
4896
5084
4480
2881
1078
-755
-2970
-5059
-6243
-6634
-6604
-6027
-4701
-2776
-625
1381
3156
4625
5328
5147
4029
2430
552
-1588
-3499
-5171
-6050
-5696
-4572
-3091
-1202
1027
3008
4424
5276
5654
5926
5462
4339
3308
2469
1218
-466
-1801
-2741
-3703
-4449
-4507
-4157
-3692
-2957
-1724
-454
341
917
1574
1974
1868
1345
450
-434
-1341
-2397
-3821
-5779
-7966
-9766
-9778
-8375
-6946
-5062
-1400
3033
6624
9397
11182
11247
9107
5237
948
-3344
-7352
-9948
-10771
-10408
-8307
-4023
1004
4997
7607
8973
8757
7276
4878
2220
67
-1324
-2256
-2398
-1149
542
1656
1746
1294
742
212
-182
-255
299
1170
2437
4417
6253
7214
7316
6253
3827
616
-2047
-3961
-5760
-6907
-6490
-5158
-3377
-727
2314
4504
5604
6109
5965
4885
3218
1493
-576
-2841
-4815
-6081
-6770
-6846
-6051
-4852
-3364
-1278
1160
3044
4213
5151
5313
4342
2850
1116
-751
-2474
-3724
-4403
-4501
-3570
-1908
-284
1215
2738
3947
4586
4692
4894
5034
4418
3389
2348
1110
-605
-1946
-3097
-4525
-5377
-5116
-4097
-2827
-1216
565
2018
2946
2990
2190
1158
146
-937
-2192
-3284
-3657
-3262
-3095
-3518
-3974
-5171
-6816
-6919
-5577
-4662
-3866
-1120
3168
6468
8457
10026
10426
8307
4140
-186
-3892
-7280
-9895
-10360
-9239
-6604
-2415
2360
6132
7983
8399
7672
5801
2837
176
-1456
-2588
-3115
-2495
-1069
452
1531
1679
1068
128
-802
-1433
-1391
-692
239
1753
3641
5399
6532
6592
5213
2660
-61
-2664
-4806
-6065
-6343
-5797
-4563
-2612
-135
2143
3512
4470
4707
4100
3269
2023
425
-1197
-2724
-3986
-4836
-5239
-5145
-4635
-3795
-2800
-1240
708
2337
3767
4926
5398
5262
4739
3602
2023
688
-448
-1546
-2183
-1860
-798
269
1090
2208
3366
4111
4306
4380
4068
3302
2533
1369
202
-859
-1875
-2928
-3642
-3580
-3079
-2237
-1100
-13
718
875
727
342
-612
-1650
-2201
-2615
-3117
-2965
-2452
-2138
-1971
-1814
-2037
-2748
-4334
-6390
-7399
-6916
-5778
-4708
-2445
1184
4746
7263
8458
8628
7775
5045
1070
-2525
-5376
-7648
-8694
-8244
-6355
-3259
623
3974
6092
7209
7215
6067
4069
1844
-69
-1169
-1729
-2039
-1606
-357
930
1500
1203
713
423
103
-27
400
1582
3056
4501
5657
6066
6085
5255
2967
-71
-2710
-4579
-5937
-6567
-6205
-4538
-2111
361
2303
3802
5306
5951
5178
3627
2325
760
-1315
-3214
-4488
-5240
-5680
-5835
-5541
-4560
-2948
-1036
891
2580
4286
6003
6954
6627
5690
4633
2817
330
-1963
-3199
-3749
-3805
-3229
-2217
-663
980
2455
3574
4234
4573
4413
3539
2345
1193
-83
-1486
-2929
-4121
-4548
-4346
-3879
-3290
-2644
-1712
-685
23
125
-111
-29
-279
-1360
-2057
-1938
-1896
-2227
-2273
-1865
-1905
-2257
-2363
-2731
-3809
-5265
-5839
-5599
-4982
-3584
-1343
1171
3712
5957
7325
7620
6751
4866
1826
-1590
-4341
-6220
-6859
-6361
-4688
-2185
543
3142
5234
6136
5754
4515
2637
567
-1280
-2192
-2384
-2254
-1347
62
1082
1882
2545
2751
2493
2218
2449
3002
3503
3674
3933
3773
2992
1894
391
-1553
-3208
-4241
-4667
-4319
-3324
-1738
447
2647
4224
5176
5590
5522
4411
2480
447
-939
-1993
-3088
-3809
-3466
-2562
-1971
-1263
22
1065
1575
1971
2587
3553
4240
4695
4845
4895
4357
3219
1707
67
-1476
-2665
-3415
-3672
-3009
-1576
107
1312
2596
3935
4617
4151
2926
1550
-21
-1729
-3680
-5295
-5716
-5343
-4809
-3887
-2660
-1506
-604
-23
29
-496
-874
-1272
-2013
-2716
-2851
-2501
-2012
-1996
-2138
-1993
-1980
-2622
-3465
-4048
-4657
-5507
-6220
-5913
-4628
-3062
-1716
93
2819
4917
5815
5958
5341
3915
1489
-1112
-3051
-4349
-5111
-5157
-4623
-3463
-1497
561
1940
2624
2986
2804
2335
1832
1427
1250
1182
1260
1323
1501
1581
1673
1623
1322
1222
1622
2271
2678
3109
3531
3486
2910
2059
943
-184
-1321
-2398
-2781
-2346
-1346
3
1267
2323
3169
3436
2878
2065
1287
451
-240
-608
-412
224
804
1191
1470
1473
1209
532
-430
-1063
-1099
-752
244
1844
3394
4620
5553
5897
5494
4554
2944
1119
-573
-1865
-2580
-2657
-2122
-1067
298
1338
2292
2966
3186
2608
1358
-22
-1608
-2974
-4039
-4675
-4716
-4528
-3887
-3011
-2097
-986
-261
28
199
61
-490
-829
-846
-1399
-2373
-2916
-3370
-3849
-4484
-4823
-4770
-4521
-4062
-3335
-2277
-1842
-2231
-2871
-3028
-2864
-3013
-2933
-2136
-508
1232
2894
4628
5765
5590
4377
2585
277
-2246
-4449
-5883
-6549
-6202
-4471
-1525
1636
4313
6130
6801
6016
4373
2579
476
-1502
-2763
-2996
-2266
-724
1361
3376
4816
4993
4087
2967
1930
214
-1659
-2796
-3106
-2860
-1880
-298
1106
1866
2064
2008
1601
1037
297
-171
-491
-759
-312
684
1641
2636
3476
3803
3439
2791
2288
1743
967
63
-509
-474
-460
-258
459
1325
1933
2556
3430
4153
4671
4879
4774
4325
3213
1800
607
-436
-1387
-1806
-1852
-1692
-1251
-310
599
931
1004
596
-273
-1197
-2260
-3364
-4160
-4446
-4316
-4069
-3563
-2509
-1421
-669
-117
366
800
601
-321
-1554
-2717
-3785
-4852
-5994
-6525
-6144
-5284
-4108
-2646
-1004
265
1095
1163
780
-299
-2244
-3882
-4743
-5096
-5047
-3721
-1193
1575
4015
6068
7496
7607
6293
4025
1491
-1111
-3348
-4717
-5003
-4299
-2594
19
2701
4566
5593
5697
4580
2900
1071
-850
-2168
-2320
-1624
-539
986
2570
3673
3971
3202
2127
1072
-124
-1692
-2703
-2631
-1941
-1039
95
1285
2168
2490
2030
1362
923
382
-403
-762
-505
164
889
1590
2147
2358
2463
2417
2204
2005
1813
1487
1064
755
726
746
547
139
-106
-100
-75
445
1275
2110
3030
3875
4519
4625
4164
3114
1728
144
-1541
-2742
-3455
-3729
-3617
-2909
-2103
-1443
-749
-394
-556
-1196
-1744
-2084
-2379
-2358
-2072
-1714
-1260
-959
-769
-674
-950
-1499
-2022
-2860
-3621
-4066
-4500
-4802
-4795
-4725
-4269
-3322
-2336
-1440
-567
440
1390
1947
2078
1885
1060
-476
-2651
-4533
-5539
-5836
-5340
-3856
-1600
1344
4658
7259
8665
8983
7976
5635
2625
-346
-2714
-4448
-5266
-4869
-3151
-761
1501
3235
4151
3721
2193
434
-1342
-2901
-3552
-3041
-1601
145
2053
3915
5100
5115
3994
2285
258
-1570
-2702
-3246
-3087
-2052
-435
1100
2387
3447
3770
3409
2345
1304
574
152
-153
-38
504
1171
1870
2499
2942
2987
2814
2373
1993
1985
1975
1717
1412
1243
1124
791
474
262
47
-184
81
1033
2176
3155
3735
4171
4009
3168
2324
1295
-268
-1904
-3204
-3919
-4220
-4130
-3488
-2895
-2576
-2148
-1559
-1168
-1007
-1012
-1065
-1336
-1573
-1592
-1455
-1346
-1590
-2015
-2673
-3192
-3575
-3911
-4136
-4561
-4692
-4490
-4155
-3349
-2305
-1305
-409
532
1202
1581
1655
1504
1003
-84
-1433
-2498
-3311
-4278
-4734
-4504
-3567
-2362
-700
1556
3861
5669
6729
7140
6581
5080
2847
439
-1820
-3472
-4319
-4486
-3982
-2832
-1449
-245
524
1140
1448
1322
938
511
266
492
1072
1424
1966
2620
3057
2675
1908
1463
1048
97
-857
-790
-327
182
925
1902
2678
2857
2748
2370
1698
1006
559
351
181
346
969
1909
2624
3240
3611
3616
3573
3392
3157
2650
2016
1479
736
33
-314
-424
-712
-1080
-965
-439
247
1047
1888
2710
3176
3311
3234
2948
2230
1154
-381
-2121
-3473
-4563
-5340
-5834
-5751
-5291
-4639
-3710
-2312
-978
-117
383
622
566
141
-542
-1323
-2309
-3343
-4202
-4695
-4665
-4426
-3946
-3360
-2686
-2102
-1408
-569
-163
117
365
418
538
744
978
1078
894
626
59
-516
-1017
-1723
-2447
-2981
-3022
-2469
-1366
-37
1435
2886
3908
4463
4510
4021
2899
1266
-485
-2067
-3012
-3486
-3362
-2775
-1911
-716
117
752
1304
1432
930
330
-234
-708
-712
-415
-22
360
871
1363
1805
1986
1688
1219
721
468
526
779
1303
1836
2022
1934
1624
1236
839
435
60
-79
308
1165
2068
2851
3511
3922
4006
3773
3532
3196
2712
2326
2049
1792
1546
1297
934
385
-223
-562
-570
-438
-84
745
1659
2337
2907
3441
3718
3374
2434
1174
-415
-2130
-3756
-5163
-6093
-6379
-6003
-5165
-3850
-2470
-1198
-14
549
559
297
-396
-1449
-2546
-3221
-3638
-4001
-4375
-4469
-4146
-3652
-3154
-2556
-1835
-1113
-561
-261
214
476
661
519
57
-422
-715
-1086
-1623
-2016
-2224
-2293
-2387
-2125
-1393
-355
458
1229
2000
2527
2577
2349
1847
1040
87
-801
-1509
-2058
-2273
-2074
-1830
-1444
-805
-178
567
1117
1613
2297
2604
2595
2097
1492
959
391
-351
-1106
-1502
-1593
-1334
-581
631
1896
3048
3908
4500
4735
4636
4066
3131
1981
934
196
-306
-475
-346
78
651
1279
1814
2392
2857
2938
2931
2659
2451
2426
2449
2359
2066
1900
1663
1097
443
-64
-379
-747
-957
-771
-335
332
877
1588
2095
2148
1977
1659
1090
246
-707
-1541
-2281
-3046
-3483
-3710
-3562
-3324
-3179
-2840
-2496
-2070
-1732
-1535
-1354
-1309
-1299
-1311
-1223
-1351
-1501
-1671
-1949
-2188
-2347
-2290
-2171
-1688
-902
-259
241
657
913
765
385
-81
-662
-1136
-1461
-1610
-1502
-1201
-990
-588
-393
-123
213
340
536
552
329
226
200
-5
-201
-690
-1075
-1235
-1437
-1603
-1769
-1720
-1598
-1307
-835
-251
409
1016
1423
1781
1986
1947
1598
869
-44
-1001
-1747
-2295
-2590
-2631
-2245
-1616
-810
346
1628
2860
3654
4293
4656
4511
3884
3057
2308
1338
369
-303
-640
-745
-633
-324
238
1047
1706
2380
2874
3218
3410
3280
3041
2552
2185
1720
1170
660
228
-5
-230
-306
-140
220
681
1131
1481
1870
2089
2046
1783
1293
735
153
-557
-1429
-2106
-2479
-2902
-3192
-3077
-2769
-2303
-1748
-1125
-567
-184
-5
33
-168
-730
-1215
-1748
-2247
-2667
-3017
-3104
-2886
-2321
-1704
-922
-74
691
1086
1107
1130
1031
558
63
-331
-466
-569
-717
-800
-842
-1117
-1330
-1455
-1669
-1756
-1540
-668
-260
642
1386
2188
2641
2445
2234
1322
310
-854
-1710
-2252
-2598
-2410
-2000
-1247
-563
255
1050
1325
1369
1198
939
608
266
-180
-542
-725
-951
-979
-950
-898
-919
-780
-559
-248
326
1002
1814
2517
3034
3338
3415
3193
2586
1765
796
-159
-776
-1135
-1094
-779
-328
355
967
1461
1712
1676
1578
1300
619
156
-290
-257
-237
-407
-223
-152
301
174
341
207
114
364
332
612
773
1025
937
704
478
-103
-761
-1471
-1971
-2379
-2454
-2077
-1578
-996
-363
241
699
940
982
823
402
-379
-1114
-1728
-2058
-2248
-2258
-2124
-1820
-1083
-279
503
1059
1473
1506
1432
1329
1309
1172
734
254
-144
-458
-704
-711
-684
-912
-1045
-929
-794
-454
-118
130
298
479
687
1004
1084
960
737
337
-78
-643
-912
-1188
-1559
-1753
-1801
-1398
-965
-568
-176
101
318
219
188
8
-246
-459
-625
-701
-705
-452
-66
77
154
353
584
711
688
690
969
1260
1314
1396
1623
1934
1922
1710
1484
1296
945
501
132
15
-32
-132
-121
-64
-84
-84
19
-4
-220
-224
-171
-178
-121
12
159
155
8
-168
-204
-174
-245
-284
-168
59
245
247
219
258
174
-26
-305
-479
-593
-665
-550
-390
-26
306
590
694
637
406
181
-16
-314
-545
-570
-489
-510
-372
-245
-288
-698
-1041
-1089
-1108
-961
-581
60
730
1214
1588
1712
1562
1127
408
-415
-1067
-1468
-1616
-1463
-1131
-500
86
665
1016
1073
941
580
177
-304
-686
-770
-844
-817
-638
-313
-21
95
30
-284
-629
-1076
-1355
-1568
-1661
-1567
-1388
-1036
-677
-351
-127
-65
-172
-267
-426
-428
-340
-151
197
556
862
1032
1175
1091
916
558
105
-104
-186
-154
166
667
1115
1547
1832
2006
1928
1628
1306
776
211
-267
-541
-732
-935
-766
-545
-363
-251
-171
5
35
21
147
302
572
832
1014
1184
1226
1056
832
403
-88
-310
-452
-452
-344
22
509
769
1142
1427
1634
1671
1552
1646
1527
1409
1255
956
624
234
7
-94
-58
-206
-249
-214
-280
-297
-452
-490
-622
-774
-889
-843
-536
-365
-159
38
-159
-720
-1004
-753
-844
-1031
-868
-464
-132
206
501
419
25
-582
-1158
-1435
-1678
-1998
-2123
-2102
-1824
-1355
-981
-849
-806
-715
-839
-963
-970
-1131
-1199
-1327
-1479
-1514
-1518
-1634
-1784
-1818
-1666
-1553
-1465
-1068
-512
62
417
864
1223
1251
1078
752
471
-46
-549
-754
-646
-284
139
769
1339
1716
2057
2057
1879
1669
1317
946
667
417
306
253
250
346
369
475
485
295
168
107
256
415
668
911
1146
1435
1546
1683
1759
1618
1200
673
334
50
-114
-27
214
503
958
1428
1893
2247
2263
2156
1940
1661
1338
1150
1158
1070
1035
1106
1029
845
702
491
106
-212
-283
-246
-144
15
61
132
41
-125
-306
-614
-928
-1120
-1061
-955
-743
-484
-224
-134
-126
-146
-223
-529
-913
-1060
-1180
-1313
-1333
-1281
-1282
-1471
-1552
-1722
-2086
-2421
-2644
-2780
-2850
-2759
-2471
-2066
-1655
-1259
-1045
-971
-1124
-1484
-1759
-2119
-2430
-2728
-2779
-2481
-1986
-1458
-1016
-599
-377
-169
-132
-1
13
-10
37
176
228
266
493
554
556
553
692
886
1069
1255
1506
1607
1594
1569
1529
1517
1425
1338
1322
1255
1220
1386
1481
1440
1334
1324
1320
1127
1051
1045
1036
1003
1000
1088
1252
1382
1363
1391
1313
1218
1047
947
902
958
1101
1217
1399
1574
1691
1685
1661
1599
1494
1198
874
594
462
307
147
282
327
518
763
917
1016
1043
948
615
162
-265
-564
-859
-1107
-1367
-1555
-1542
-1474
-1295
-1096
-770
-574
-525
-402
-188
-30
-36
-106
-379
-600
-892
-1097
-1289
-1467
-1763
-2049
-2152
-2203
-2188
-2085
-1814
-1709
-1647
-1448
-1265
-1116
-965
-1134
-1197
-1395
-1584
-1621
-1691
-1759
-1896
-1879
-1948
-1916
-1780
-1589
-1358
-1275
-1070
-707
-348
-126
73
367
363
370
377
331
316
217
144
123
252
481
710
958
1121
1180
1240
1296
1248
1086
938
807
654
597
711
756
899
1043
1099
1307
1455
1434
1358
1141
962
785
558
444
301
323
327
394
569
765
1110
1269
1338
1466
1590
1553
1606
1545
1391
1279
1139
1124
1102
1140
995
832
750
680
662
899
1169
1327
1609
1780
1852
1726
1490
1122
603
-46
-582
-867
-978
-978
-885
-755
-561
-539
-481
-465
-690
-762
-805
-774
-605
-420
-252
-316
-305
-515
-841
-1097
-1504
-1808
-2144
-2337
-2366
-2368
-2289
-2137
-1905
-1834
-1733
-1581
-1446
-1272
-1267
-1270
-1417
-1480
-1467
-1520
-1556
-1781
-2047
-2071
-2218
-2264
-2090
-1877
-1654
-1466
-1072
-576
-215
322
673
923
962
855
816
540
433
346
218
102
185
407
485
539
530
665
769
860
995
1185
1204
1230
1220
1199
1233
1175
1257
1150
1075
1138
1220
1261
1049
822
717
700
661
683
786
844
972
1009
1142
1281
1376
1289
1206
1153
1118
1160
1201
1393
1356
1384
1292
1041
859
653
564
445
328
376
743
934
993
1066
1020
918
789
686
668
585
318
179
140
42
-64
-232
-380
-566
-581
-576
-606
-701
-813
-818
-993
-1099
-1054
-987
-910
-943
-994
-946
-1041
-1134
-1254
-1339
-1488
-1472
-1497
-1490
-1433
-1505
-1583
-1701
-1708
-1717
-1756
-1838
-1810
-1735
-1661
-1554
-1392
-1287
-1249
-1182
-1145
-1116
-1166
-1200
-1107
-1139
-1132
-1013
-896
-818
-670
-504
-323
-222
-84
-27
-67
-29
-28
72
117
226
411
553
738
950
1085
1105
1045
1027
952
813
826
922
1020
1211
1395
1509
1572
1547
1514
1501
1441
1307
1285
1250
1276
1388
1459
1470
1429
1414
1422
1256
1187
1312
1386
1519
1543
1700
1878
1915
1832
1637
1573
1371
1139
959
796
786
822
733
845
956
1049
1088
1107
1077
959
774
598
414
232
166
96
-39
-214
-313
-364
-498
-765
-865
-947
-1024
-1232
-1281
-1359
-1603
-1857
-2081
-2169
-2294
-2325
-2215
-2034
-1894
-1719
-1577
-1519
-1537
-1601
-1614
-1697
-1827
-1923
-2009
-2107
-2306
-2403
-2551
-2682
-2739
-2765
-2644
-2443
-2181
-1789
-1389
-1139
-870
-625
-620
-616
-690
-820
-1069
-1275
-1397
-1551
-1509
-1401
-1180
-888
-479
-134
277
715
848
951
956
954
929
1045
1161
1289
1518
1659
1857
1957
1971
1959
1801
1719
1712
1719
1911
2076
2307
2551
2691
2776
2792
2685
2458
2255
2036
1823
1740
1745
1825
1947
2098
2232
2239
2098
1944
1768
1487
1251
993
824
741
771
860
952
1060
1126
1072
906
727
593
346
142
84
47
80
129
92
65
-5
-175
-294
-432
-670
-723
-800
-870
-880
-831
-825
-827
-938
-1034
-1186
-1339
-1512
-1691
-1816
-1967
-2111
-2175
-2222
-2173
-2141
-2089
-1978
-1829
-1701
-1676
-1564
-1563
-1565
-1510
-1513
-1501
-1424
-1430
-1576
-1679
-1865
-2156
-2234
-2308
-2279
-2248
-1987
-1509
-1139
-648
-265
-41
67
-38
-242
-435
-684
-934
-1141
-1235
-1177
-1075
-919
-737
-589
-347
-20
187
412
705
945
1223
1529
1645
1764
1636
1437
1344
1020
792
574
535
559
694
1054
1397
1817
2197
2537
2825
2909
2914
2837
2591
2342
2072
1713
1424
1203
1146
1146
1251
1337
1498
1543
1598
1674
1570
1407
1300
1246
1228
1162
1055
923
730
649
462
314
145
138
169
256
334
466
598
621
558
410
330
229
149
18
-167
-358
-553
-679
-852
-1001
-1103
-1241
-1220
-1136
-1021
-895
-867
-927
-962
-1159
-1347
-1568
-1732
-1970
-2089
-2097
-2200
-2174
-2094
-1870
-1684
-1560
-1412
-1264
-1174
-1106
-1035
-1041
-1115
-1302
-1504
-1669
-1788
-1951
-2018
-2036
-2027
-1901
-1659
-1427
-1087
-779
-465
-278
-162
-49
-135
-166
-324
-475
-679
-743
-726
-630
-461
-192
145
398
732
1154
1444
1713
1939
2193
2372
2368
2257
2066
1796
1421
1124
856
665
556
706
961
1231
1635
1992
2208
2332
2448
2488
2360
2072
1832
1581
1229
917
603
395
255
142
177
236
370
571
790
932
1126
1238
1240
1168
919
632
317
-33
-338
-504
-612
-612
-543
-456
-292
-47
73
90
48
-45
-65
-175
-283
-370
-560
-644
-759
-977
-1106
-1138
-1217
-1253
-1231
-1221
-1037
-908
-785
-603
-627
-630
-776
-945
-1097
-1402
-1560
-1683
-1708
-1567
-1325
-1039
-727
-472
-319
-204
-236
-335
-332
-371
-398
-470
-415
-268
-280
-309
-451
-581
-860
-1075
-1095
-1062
-887
-600
-231
148
517
740
761
710
430
115
-199
-639
-843
-850
-756
-604
-319
45
368
769
1071
1289
1369
1512
1410
1337
1318
1158
1086
808
619
496
343
248
180
147
178
352
569
874
1089
1319
1398
1421
1345
1165
963
762
478
208
27
1
51
18
149
178
215
261
303
472
694
843
909
1030
1075
991
919
650
364
113
-50
-99
-165
-133
-76
-30
-3
17
3
34
16
-219
-197
-364
-574
-676
-948
-1050
-1154
-1229
-1140
-1097
-974
-819
-655
-569
-514
-647
-752
-928
-1194
-1358
-1525
-1626
-1756
-1735
-1634
-1462
-1294
-1070
-903
-774
-603
-550
-452
-430
-368
-357
-383
-422
-452
-412
-388
-287
-212
-162
-86
-42
-12
-39
-12
-18
37
161
204
423
582
542
607
577
362
230
146
58
57
62
248
527
737
1003
1220
1330
1365
1356
1391
1237
1170
1064
910
845
707
626
627
637
561
575
665
817
828
823
908
874
745
701
601
490
477
486
513
490
510
466
406
261
179
157
63
15
-151
-79
84
97
231
343
499
501
487
451
239
102
-101
-239
-279
-343
-263
-171
-243
-199
-271
-418
-529
-670
-791
-872
-960
-982
-1010
-979
-940
-872
-856
-801
-696
-632
-665
-697
-696
-809
-916
-1004
-1087
-1157
-1205
-1219
-1184
-1135
-970
-733
-575
-372
-279
-180
-17
33
7
29
-28
-146
-208
-386
-431
-496
-498
-495
-379
-244
-104
166
274
415
505
424
331
214
152
18
43
40
19
80
101
96
40
-63
-124
-174
-239
-227
-28
195
436
688
871
977
1007
1062
1019
975
920
835
744
690
650
566
639
668
697
715
647
695
750
794
827
814
839
859
898
990
927
959
971
941
944
927
884
840
747
626
594
435
360
293
291
313
345
383
337
339
261
160
112
78
51
23
-63
-239
-322
-508
-700
-869
-1058
-1176
-1238
-1319
-1292
-1276
-1278
-1304
-1338
-1266
-1351
-1258
-1165
-1120
-1050
-1064
-1059
-1150
-1248
-1310
-1360
-1451
-1488
-1508
-1476
-1298
-1123
-853
-646
-581
-477
-469
-450
-464
-446
-506
-447
-346
-286
-101
14
32
52
39
-42
55
125
205
386
550
697
805
849
854
751
705
579
436
367
320
379
372
410
459
463
518
545
547
553
504
535
606
667
865
1016
1131
1141
1163
1157
1118
973
807
720
581
527
479
468
484
310
230
162
4
-41
-94
-120
-117
-12
108
155
230
257
224
215
147
104
70
10
-93
-149
-94
-143
-264
-319
-383
-438
-414
-374
-311
-201
-164
8
130
262
368
388
391
315
221
114
37
-101
-199
-280
-318
-355
-327
-339
-358
-398
-423
-401
-336
-258
-102
15
47
31
-49
-158
-307
-438
-605
-658
-614
-503
-388
-211
-103
-45
5
-62
-84
-140
-153
-137
-75
54
81
191
181
149
107
1
-42
-113
-165
-216
-189
-203
-104
-47
56
91
120
150
112
79
-37
-148
-276
-397
-471
-568
-565
-588
-625
-671
-623
-613
-628
-499
-560
-492
-410
-299
-41
40
174
272
243
251
296
242
216
228
165
214
300
301
299
264
161
164
116
103
205
309
424
476
554
620
648
674
601
539
431
400
357
300
284
222
211
165
83
64
60
134
167
169
244
246
310
317
275
263
283
251
219
100
-16
-123
-240
-355
-432
-453
-470
-471
-439
-439
-423
-374
-327
-252
-257
-128
-58
-11
3
17
44
-66
-115
-174
-204
-220
-160
-114
-34
84
83
151
223
300
348
402
404
470
555
605
669
720
742
746
720
673
627
459
366
197
87
86
183
249
354
450
491
482
404
375
240
87
-96
-177
-218
-208
-213
-221
-228
-309
-396
-459
-640
-874
-890
-983
-1010
-925
-816
-685
-503
-386
-332
-285
-228
-262
-258
-391
-495
-485
-614
-672
-791
-885
-876
-866
-849
-815
-789
-709
-697
-628
-563
-424
-356
-299
-271
-247
-304
-313
-296
-393
-393
-464
-512
-491
-457
-308
-197
-42
165
299
408
528
598
531
489
353
329
252
195
275
253
333
396
408
422
549
529
556
576
551
667
662
712
789
857
875
920
