SAMPLES:	13831
BITSPERSAMPLE:	16
CHANNELS:	1
SAMPLERATE:	16000
NORMALIZED:	FALSE
-261
-289
-256
-249
-289
-294
-318
-315
-328
-326
-300
-292
-263
-232
-246
-216
-224
-231
-254
-280
-306
-252
-259
-209
-184
-219
-169
-177
-158
-101
-142
-162
-163
-150
-110
-77
-88
-80
-101
-137
-100
-118
-102
-80
-58
-26
22
40
22
29
29
31
70
113
139
207
210
245
295
309
292
264
289
247
278
278
213
222
215
246
274
246
221
271
193
171
192
138
177
218
257
293
334
315
319
297
256
297
245
235
210
229
212
228
196
168
141
144
136
118
145
96
108
118
113
97
98
65
76
63
85
103
111
82
72
34
43
82
49
19
14
-45
-78
-72
-95
-89
-99
-88
-59
-78
-95
-47
-75
-97
-101
-75
-29
-7
-8
-31
-114
-112
-62
-44
-30
1
33
75
134
192
190
179
133
120
118
104
114
68
19
-16
-25
-26
19
60
51
59
45
57
26
9
-13
-56
-23
9
36
16
45
11
-38
-68
-132
-127
-114
-109
-96
-123
-157
-203
-234
-287
-321
-307
-355
-343
-327
-315
-250
-291
-315
-323
-316
-287
-305
-332
-342
-327
-317
-272
-266
-261
-242
-236
-259
-292
-277
-242
-203
-157
-138
-39
-45
-46
-22
-20
-39
-27
3
-43
-24
-40
-3
-6
26
51
78
75
71
89
35
18
7
-32
-52
-17
-24
46
93
101
80
59
46
82
100
80
76
84
106
127
145
121
94
128
149
191
241
231
276
334
336
359
376
370
343
312
301
236
281
254
213
178
162
140
109
104
105
108
90
103
95
112
127
148
142
165
189
204
240
226
229
273
245
225
207
211
171
120
107
109
118
143
159
123
118
111
93
76
89
60
28
-5
-25
-35
-72
-103
-175
-195
-228
-277
-282
-262
-269
-281
-259
-284
-260
-262
-280
-287
-300
-315
-332
-332
-373
-365
-378
-420
-482
-498
-513
-549
-586
-566
-568
-520
-472
-462
-423
-417
-398
-403
-396
-365
-382
-368
-326
-308
-297
-217
-184
-141
-85
-70
-74
-36
-29
-42
-15
43
104
167
239
275
324
329
370
358
370
402
418
450
459
461
465
461
461
463
469
504
528
551
544
541
508
485
477
478
503
502
503
496
481
481
512
501
478
471
445
424
397
357
306
234
244
211
256
252
242
238
174
224
176
168
164
165
159
147
139
75
93
35
4
-16
-79
-104
-128
-130
-146
-201
-238
-305
-387
-370
-441
-481
-504
-529
-508
-496
-498
-497
-521
-528
-570
-570
-569
-610
-600
-612
-605
-621
-574
-525
-516
-478
-451
-422
-380
-359
-347
-321
-346
-322
-283
-274
-240
-216
-198
-180
-165
-176
-170
-151
-97
-100
-43
-49
-43
-16
-6
7
-46
-12
1
32
72
80
80
108
109
121
133
132
123
179
200
220
279
277
258
229
212
193
183
177
167
169
195
198
205
186
218
239
256
316
300
321
328
345
353
345
328
300
300
289
270
213
187
175
188
207
241
280
290
295
295
272
251
242
225
169
158
157
134
101
47
0
-33
-75
-104
-106
-105
-72
-66
-37
-28
-28
-53
-40
-75
-122
-128
-189
-204
-240
-260
-241
-266
-267
-266
-271
-273
-266
-259
-276
-251
-214
-189
-154
-196
-230
-252
-272
-280
-264
-270
-254
-200
-222
-161
-149
-157
-188
-215
-249
-256
-263
-266
-239
-255
-226
-211
-248
-233
-223
-214
-210
-193
-166
-150
-97
-39
33
37
74
92
124
118
126
117
134
193
195
264
289
340
363
385
417
412
450
485
480
482
485
475
430
415
325
297
249
187
206
143
171
209
155
221
155
175
217
164
184
170
189
151
164
110
76
37
1
-38
-72
-148
-212
-218
-290
-327
-334
-327
-333
-288
-274
-239
-203
-150
-174
-179
-170
-191
-185
-179
-185
-228
-213
-225
-200
-197
-162
-140
-109
-55
2
16
50
55
39
35
2
5
-33
-17
-24
-80
-104
-81
-91
-110
-117
-106
-104
-59
-32
-75
-43
-79
-62
-38
-27
-3
-34
-4
17
2
67
100
103
184
191
204
243
226
236
239
186
212
190
216
189
169
218
172
185
129
128
144
136
167
171
228
235
277
275
268
259
245
213
165
158
129
163
185
188
212
244
203
229
219
196
260
288
327
333
317
308
270
225
164
90
57
62
29
61
73
73
85
68
45
0
-40
-66
-49
-22
-16
24
77
57
42
22
-5
-67
-156
-181
-280
-290
-316
-357
-324
-355
-343
-345
-389
-380
-404
-396
-401
-414
-489
-535
-525
-562
-558
-638
-633
-673
-674
-709
-729
-728
-725
-696
-685
-684
-662
-636
-618
-622
-632
-575
-540
-481
-457
-404
-408
-408
-436
-434
-423
-450
-391
-359
-306
-278
-217
-220
-196
-164
-156
-107
-79
-36
16
70
87
136
153
198
220
257
300
347
406
426
477
502
571
629
678
715
749
750
791
808
803
841
862
884
954
985
979
1005
968
960
958
923
913
890
835
786
734
666
670
638
583
544
541
503
477
466
408
403
381
332
332
294
254
226
156
115
100
70
46
20
7
-78
-77
-112
-178
-220
-286
-295
-343
-343
-390
-411
-473
-503
-548
-627
-664
-692
-727
-748
-769
-767
-718
-724
-730
-764
-749
-759
-772
-767
-772
-755
-734
-695
-646
-629
-598
-585
-554
-548
-510
-506
-521
-470
-443
-415
-359
-346
-342
-299
-307
-288
-267
-198
-162
-98
-5
35
111
135
124
189
184
221
238
281
347
384
416
450
497
463
499
492
477
526
535
508
540
542
530
519
458
469
393
395
376
345
335
277
227
166
134
93
46
22
18
-15
-1
9
-2
-15
11
4
32
20
39
73
50
57
17
46
65
92
96
137
114
109
119
83
114
123
147
157
214
240
296
306
284
308
291
295
292
292
266
285
280
274
253
196
191
136
77
55
-23
-21
-49
-80
-89
-120
-141
-161
-174
-178
-195
-183
-222
-189
-158
-187
-202
-237
-299
-330
-350
-377
-350
-359
-330
-311
-274
-249
-243
-259
-292
-301
-337
-330
-364
-385
-384
-413
-444
-470
-442
-468
-449
-456
-413
-361
-324
-299
-273
-256
-268
-245
-269
-225
-237
-285
-308
-291
-259
-207
-145
-133
-87
-78
-44
-11
-24
-23
-7
-33
-37
16
46
77
107
111
125
175
204
313
370
396
444
438
508
529
545
560
538
536
559
520
535
530
506
545
541
557
562
551
539
461
442
381
311
272
217
184
153
121
92
76
83
58
16
21
24
-21
-20
-14
-65
-82
-87
-119
-136
-179
-199
-196
-212
-182
-160
-137
-128
-151
-123
-112
-145
-120
-129
-158
-140
-125
-129
-143
-149
-196
-202
-190
-149
-146
-126
-103
-41
-13
-20
1
-69
-46
-27
-38
1
9
-18
24
30
48
56
59
67
63
86
78
60
36
43
43
64
32
55
17
-3
-6
-20
-27
-59
-62
-75
-106
-135
-173
-230
-270
-278
-268
-292
-264
-273
-278
-253
-259
-240
-263
-280
-283
-281
-329
-308
-302
-314
-255
-246
-217
-182
-157
-99
-70
-49
-15
-6
-15
14
30
32
66
65
55
76
136
107
145
152
136
212
248
261
232
241
230
229
225
224
232
206
167
216
235
195
217
197
195
220
258
312
308
363
392
370
367
305
310
305
240
239
183
131
125
62
57
61
62
81
85
94
109
48
40
15
1
35
36
41
-13
-24
-69
-78
-128
-146
-128
-119
-114
-71
-74
-87
-83
-101
-101
-124
-95
-108
-119
-127
-165
-142
-163
-166
-181
-197
-174
-181
-197
-205
-217
-189
-171
-145
-104
-65
-26
-31
-44
-64
-30
-41
9
38
58
59
41
38
4
35
33
13
43
49
78
121
108
111
74
-13
-63
-101
-172
-166
-205
-230
-230
-241
-272
-331
-331
-369
-355
-355
-333
-282
-235
-229
-253
-255
-278
-304
-343
-352
-371
-334
-305
-302
-270
-231
-179
-201
-192
-152
-116
-76
-65
-33
-66
-107
-77
-76
-71
-66
-77
-52
-10
9
-2
13
65
87
122
202
224
266
272
283
260
259
276
237
281
257
343
388
391
433
440
448
504
528
574
621
626
697
684
683
652
597
564
478
435
405
365
368
368
326
325
316
259
238
226
197
187
196
194
191
208
132
75
79
3
-32
-58
-84
-110
-118
-72
-104
-95
-69
-146
-137
-142
-147
-77
-27
-9
-1
3
29
15
-6
-38
-66
-85
-89
-87
-130
-72
-51
-83
-26
-11
-40
-8
-59
-133
-158
-202
-231
-219
-242
-234
-222
-247
-248
-260
-235
-250
-263
-254
-278
-265
-305
-303
-334
-352
-364
-387
-333
-358
-324
-281
-229
-214
-159
-130
-114
-104
-100
-79
-109
-94
-103
-111
-129
-128
-136
-141
-145
-146
-180
-202
-220
-213
-182
-233
-200
-194
-248
-263
-257
-297
-295
-270
-268
-248
-226
-166
-123
-55
-67
-24
-3
-12
17
43
63
72
135
152
186
250
247
270
268
279
297
293
270
240
208
169
204
190
188
185
201
181
218
285
288
309
326
335
300
280
292
279
255
249
219
197
191
170
133
123
106
71
53
38
40
12
5
-33
-71
-90
-137
-164
-206
-196
-183
-200
-161
-165
-162
-149
-171
-192
-192
-183
-188
-175
-161
-77
-88
-43
-20
-2
1
40
56
23
75
34
47
75
104
113
119
89
67
31
-1
-36
-34
-44
-24
40
49
79
98
111
89
56
43
47
20
27
33
-5
38
31
71
85
117
143
114
134
101
76
111
78
121
103
123
117
71
91
80
110
96
158
162
202
214
198
211
155
112
60
-23
-2
-71
-75
-70
-117
-114
-145
-141
-156
-158
-180
-164
-206
-215
-248
-261
-211
-218
-213
-231
-221
-263
-236
-249
-251
-267
-234
-244
-243
-219
-277
-278
-281
-246
-292
-277
-263
-295
-247
-256
-230
-240
-239
-186
-176
-175
-116
-93
-53
-25
-20
55
75
113
129
142
158
150
204
170
180
222
216
292
276
290
332
345
391
384
357
345
338
308
296
298
265
287
225
220
217
149
149
121
142
123
148
171
123
104
78
38
31
12
21
64
46
22
12
-17
-41
-46
-39
3
22
41
91
108
131
141
222
224
240
308
307
287
248
288
283
276
293
287
294
294
301
311
252
252
274
245
252
251
246
215
220
234
179
157
134
65
17
-18
-101
-118
-154
-221
-259
-264
-249
-273
-258
-240
-250
-280
-256
-289
-335
-318
-344
-379
-415
-447
-471
-453
-446
-463
-433
-439
-465
-502
-510
-517
-546
-523
-498
-499
-479
-438
-425
-423
-424
-428
-398
-361
-338
-323
-304
-286
-251
-232
-226
-202
-211
-202
-211
-219
-154
-205
-196
-158
-154
-132
-106
-100
-89
-50
-72
-47
-3
68
53
85
99
62
59
37
-8
-30
-8
7
41
15
40
39
17
73
107
126
144
151
207
243
273
330
346
369
367
344
317
321
327
321
347
302
311
298
254
270
229
194
194
190
185
194
190
196
170
145
126
118
108
138
159
150
162
146
154
149
149
150
200
240
234
243
211
247
220
252
285
299
378
380
412
397
381
360
327
290
232
250
231
244
226
221
195
155
167
123
118
89
78
85
83
63
77
95
82
56
66
73
55
43
10
-31
-18
-27
-46
-62
-92
-176
-178
-216
-254
-244
-269
-286
-313
-300
-340
-358
-412
-452
-504
-563
-553
-587
-607
-557
-546
-539
-544
-541
-552
-562
-513
-531
-474
-430
-397
-354
-323
-302
-274
-234
-200
-132
-100
-75
-27
28
61
103
92
116
115
115
115
97
86
113
146
190
190
180
179
116
100
60
98
71
56
62
61
126
123
167
151
106
138
105
86
91
102
101
73
105
107
119
163
171
185
207
208
184
166
155
142
108
135
124
124
139
130
156
120
121
135
141
104
92
55
37
40
43
79
105
70
55
73
6
31
16
-56
-32
-92
-106
-125
-146
-115
-155
-161
-135
-139
-129
-99
-91
-96
-81
-102
-98
-82
-81
-41
-87
-80
-86
-68
-47
-37
-6
-15
47
52
49
104
93
37
38
32
42
57
97
83
105
94
112
125
113
179
153
161
164
134
180
210
205
204
205
222
221
185
213
203
156
140
123
82
62
50
-3
-29
-67
-93
-99
-141
-146
-174
-228
-254
-279
-272
-293
-289
-335
-346
-331
-390
-362
-398
-405
-442
-396
-371
-373
-317
-316
-250
-188
-170
-111
-79
-64
-27
-42
-39
-64
-51
-43
-73
-62
-100
-124
-163
-165
-144
-136
-101
-121
-99
-69
-81
-16
-1
30
102
145
183
178
195
157
156
194
195
228
252
253
303
347
373
371
377
353
356
386
391
415
400
390
402
400
368
373
331
304
320
311
335
296
275
279
255
226
165
149
133
112
142
88
78
124
97
91
125
61
7
-24
-49
-56
-96
-99
-137
-152
-165
-139
-127
-157
-167
-205
-234
-309
-321
-339
-353
-383
-378
-371
-369
-294
-319
-296
-278
-290
-247
-274
-243
-235
-241
-250
-217
-212
-183
-117
-149
-130
-69
-41
-11
13
32
81
86
81
114
76
51
39
-38
-70
-86
-123
-133
-180
-189
-187
-205
-196
-179
-184
-180
-159
-176
-130
-104
-132
-103
-69
-36
-29
-5
-12
-12
-10
-23
-11
-25
-20
-36
-34
-25
-37
-29
-27
-4
7
47
41
60
71
67
107
60
67
72
46
89
113
85
72
49
10
36
22
54
61
75
120
192
247
220
211
180
138
130
117
160
140
121
137
174
157
194
184
169
182
157
209
217
252
224
244
189
149
113
87
78
6
-15
23
34
62
125
133
156
163
179
184
222
225
205
169
158
122
74
75
29
48
52
33
89
129
109
141
119
67
84
71
48
-11
-31
-83
-146
-204
-219
-226
-210
-171
-178
-185
-163
-154
-165
-166
-160
-163
-161
-148
-129
-143
-194
-174
-221
-243
-242
-239
-247
-287
-248
-274
-250
-214
-235
-247
-236
-225
-161
-170
-177
-159
-225
-183
-189
-211
-193
-191
-181
-187
-160
-146
-114
-81
-61
-78
-79
-112
-121
-114
-131
-115
-92
-43
-66
-26
-7
1
38
46
73
70
124
156
165
171
120
153
171
138
183
197
235
229
212
218
222
191
205
184
218
257
241
278
240
239
212
200
201
247
246
267
264
221
216
208
187
170
167
128
134
133
145
163
114
105
137
117
149
155
184
193
186
161
151
143
108
78
34
37
14
14
-20
-78
-63
-93
-90
-51
-54
-23
4
15
32
45
63
52
54
58
46
19
1
-47
-114
-101
-125
-199
-203
-195
-251
-237
-231
-256
-290
-263
-267
-252
-225
-250
-215
-208
-158
-175
-199
-173
-152
-126
-137
-104
-122
-116
-77
-107
-47
-39
-41
-24
-55
-71
-103
-101
-134
-136
-138
-130
-176
-157
-165
-155
-113
-112
-70
-80
-53
-72
-85
-51
-91
-93
-52
-52
2
46
84
138
153
193
188
208
261
233
267
278
202
167
139
92
34
4
-50
-121
-175
-255
-300
-367
-403
-406
-387
-347
-278
-233
-143
-118
-113
-98
-36
46
29
47
74
121
142
196
215
203
224
297
319
377
427
428
485
545
604
639
610
628
624
546
478
296
234
109
64
31
-49
-71
-150
-193
-266
-301
-380
-482
-567
-666
-793
-932
-1068
-1166
-1264
-1284
-1267
-1176
-1080
-1038
-931
-793
-604
-429
-218
-1
200
431
712
936
1106
1225
1317
1368
1405
1372
1300
1234
1117
1031
938
820
665
586
507
490
445
418
403
388
414
417
481
466
476
490
547
544
515
468
490
494
380
261
142
65
-211
-559
-921
-1334
-1824
-2283
-2539
-2819
-3043
-3108
-2928
-2671
-2317
-1921
-1528
-1054
-599
-171
222
607
809
972
1115
1289
1424
1453
1504
1513
1565
1616
1746
1782
1771
1707
1598
1522
1336
1010
624
258
-132
-540
-903
-1190
-1544
-1848
-2027
-2135
-2169
-2136
-2056
-1988
-1825
-1584
-1404
-1159
-937
-755
-573
-330
-74
218
485
736
1021
1269
1537
1726
1902
2085
2204
2306
2382
2366
2227
2063
1854
1679
1471
1159
892
660
477
219
0
-167
-297
-420
-347
-211
-35
58
198
453
607
856
985
1131
1279
1311
1332
1417
1431
1462
1501
1488
1442
1303
1141
903
528
53
-445
-974
-1580
-2252
-2933
-3580
-4236
-4715
-5086
-5265
-5326
-5177
-4664
-4092
-3424
-2760
-2131
-1546
-975
-480
-27
382
699
995
1226
1578
1858
2141
2409
2679
2997
3267
3522
3708
3785
3712
3500
3262
2927
2445
1882
1215
550
-130
-736
-1379
-1933
-2429
-2839
-3073
-3187
-3129
-3059
-2956
-2759
-2430
-2046
-1669
-1297
-1009
-725
-474
-206
37
267
392
568
755
934
1091
1150
1239
1392
1536
1716
1932
2054
2188
2323
2467
2473
2384
2199
1926
1500
1091
644
221
-226
-628
-851
-1007
-1016
-927
-757
-508
-216
159
550
826
1003
1171
1298
1373
1391
1336
1283
1160
893
515
146
-216
-630
-1185
-1901
-2535
-3202
-3893
-4481
-4799
-5080
-5273
-5163
-4881
-4409
-3899
-3337
-2764
-2236
-1662
-1161
-658
-204
173
571
1004
1549
2053
2576
3104
3582
4089
4399
4701
4862
4778
4647
4415
4040
3617
3032
2344
1691
1046
329
-375
-985
-1558
-1981
-2270
-2368
-2351
-2317
-2232
-2052
-1836
-1646
-1466
-1367
-1258
-1131
-1083
-941
-708
-550
-327
-106
184
466
686
954
1210
1413
1521
1590
1736
1879
1903
1936
2001
1941
1842
1720
1627
1483
1190
944
708
387
88
-116
-311
-415
-558
-528
-487
-348
-147
140
565
1006
1442
1773
2126
2234
2309
2291
2124
2010
1793
1570
1441
1293
1115
927
674
354
-31
-312
-800
-1565
-2428
-3204
-4030
-5005
-5656
-6187
-6562
-6795
-6675
-6255
-5759
-5078
-4353
-3626
-2813
-2121
-1449
-767
-203
206
590
991
1292
1644
1939
2254
2563
2900
3166
3379
3493
3436
3305
3102
2875
2479
2035
1614
1149
642
195
-149
-489
-883
-1189
-1351
-1385
-1374
-1346
-1291
-1216
-1007
-799
-486
-234
-82
140
335
611
887
1031
1153
1278
1347
1415
1440
1388
1318
1121
979
940
930
964
950
1018
1110
1252
1483
1781
1979
2133
2140
2018
1933
1713
1279
966
679
464
365
283
318
518
801
1132
1669
2104
2510
2912
3288
3581
3695
3640
3329
3028
2592
2082
1475
929
441
-94
-486
-913
-1428
-1899
-2287
-2727
-3334
-4074
-4725
-5402
-6092
-6636
-6937
-7187
-7216
-7013
-6581
-5971
-5416
-4776
-4176
-3538
-2908
-2274
-1795
-1277
-826
-481
13
535
1071
1622
2127
2694
3227
3667
4106
4291
4357
4338
4312
4181
3965
3629
3294
2896
2591
2368
1951
1646
1241
938
678
411
128
-257
-559
-827
-1073
-1256
-1362
-1541
-1675
-1809
-1968
-1996
-2081
-2106
-2213
-2257
-2264
-2226
-2193
-2200
-2103
-2050
-1805
-1591
-1279
-875
-400
34
602
1217
1774
2350
2783
3192
3524
3768
3845
3903
3864
3680
3528
3386
3303
3265
3319
3410
3568
3799
4080
4300
4470
4566
4517
4278
3986
3452
2825
2187
1443
630
-55
-661
-1311
-1857
-2276
-2591
-2951
-3335
-3609
-4046
-4635
-5212
-5856
-6456
-7072
-7441
-7594
-7538
-7364
-7010
-6414
-5666
-4847
-4015
-3181
-2385
-1611
-910
-255
324
739
1144
1582
2100
2671
3200
3757
4255
4679
5039
5256
5384
5333
5078
4908
4669
4306
3936
3441
2880
2432
1906
1367
888
400
-109
-676
-1152
-1630
-2084
-2463
-2869
-3118
-3279
-3456
-3614
-3696
-3718
-3611
-3558
-3453
-3252
-3155
-2980
-2791
-2622
-2425
-2167
-1930
-1575
-1151
-692
-111
484
1084
1679
2213
2833
3386
3814
4211
4548
4756
4897
4908
4842
4797
4703
4707
4748
4695
4640
4561
4569
4593
4530
4538
4407
4232
3979
3623
3213
2670
1996
1333
719
49
-563
-1150
-1709
-2214
-2667
-3087
-3529
-4061
-4459
-4800
-5386
-5998
-6570
-7097
-7607
-7902
-7994
-7910
-7652
-7220
-6558
-5776
-4915
-4102
-3358
-2616
-1871
-1203
-667
-127
332
790
1209
1748
2347
2895
3469
4074
4657
5047
5356
5508
5466
5232
4939
4578
4089
3495
2823
2219
1595
1018
525
59
-352
-772
-1193
-1557
-1786
-2040
-2351
-2548
-2750
-2825
-2701
-2568
-2453
-2359
-2284
-2235
-2052
-1843
-1659
-1394
-1178
-898
-546
-187
122
437
917
1283
1742
2350
2794
3327
3672
4105
4516
4807
4990
5114
5232
5084
5017
4933
4772
4546
4311
4059
3936
3715
3394
3210
2944
2673
2358
2054
1718
1267
870
514
169
-193
-519
-967
-1349
-1771
-2215
-2503
-2907
-3233
-3587
-3781
-3961
-4284
-4557
-4789
-5089
-5497
-5953
-6393
-6796
-7125
-7278
-7188
-6997
-6721
-6278
-5608
-4794
-4001
-3248
-2540
-1872
-1255
-700
-229
213
645
978
1435
1971
2479
2938
3444
3944
4311
4713
4937
4983
4831
4608
4333
4025
3616
3214
2677
2214
1822
1416
1038
568
180
-200
-502
-698
-960
-1184
-1430
-1677
-1681
-1807
-1782
-1925
-1971
-1930
-1960
-1818
-1804
-1712
-1733
-1618
-1504
-1247
-966
-780
-507
-179
181
561
1045
1545
2120
2564
3141
3727
4235
4624
4886
5153
5312
5294
5268
5238
5125
4876
4571
4230
3880
3524
3150
2721
2379
2053
1739
1485
1322
1090
784
561
281
24
-292
-662
-1076
-1500
-1866
-2228
-2499
-2713
-2830
-2867
-2927
-3026
-3082
-3135
-3442
-3798
-4242
-4716
-5142
-5583
-5764
-5828
-5806
-5585
-5132
-4587
-3979
-3336
-2798
-2195
-1655
-1135
-523
-24
485
931
1400
1958
2571
3132
3564
3949
4231
4457
4543
4467
4359
4052
3624
3175
2720
2270
1678
1086
542
92
-329
-749
-1107
-1549
-1942
-2273
-2698
-2987
-3342
-3695
-4112
-4422
-4584
-4833
-4965
-5074
-5162
-5173
-5073
-4882
-4555
-4220
-3877
-3430
-2944
-2535
-2059
-1383
-803
-166
507
1191
1949
2660
3476
4229
4853
5461
6035
6569
7009
7316
7507
7601
7514
7293
6990
6636
6067
5585
5144
4647
4214
3763
3415
3112
2784
2437
2140
1741
1347
869
308
-210
-827
-1463
-2073
-2532
-2936
-3334
-3570
-3740
-3922
-4192
-4380
-4540
-4886
-5388
-5788
-6153
-6463
-6737
-6812
-6762
-6687
-6372
-5882
-5214
-4612
-3938
-3250
-2578
-1855
-1166
-571
-29
586
1186
1791
2522
3202
3792
4299
4878
5373
5750
6035
6107
5989
5742
5431
4997
4565
4116
3554
2955
2391
1931
1471
954
418
-24
-496
-975
-1447
-1937
-2434
-3002
-3554
-4092
-4506
-4930
-5241
-5520
-5652
-5739
-5693
-5566
-5326
-5055
-4749
-4296
-3851
-3326
-2808
-2160
-1551
-921
-177
660
1465
2282
3164
4016
4789
5557
6219
6719
7058
7261
7341
7236
6912
6484
6055
5517
5017
4481
4060
3777
3423
3161
3018
2868
2628
2432
2161
1742
1171
392
-416
-1190
-2078
-2841
-3448
-3929
-4215
-4373
-4367
-4271
-4229
-4239
-4217
-4309
-4586
-4993
-5448
-5866
-6242
-6530
-6624
-6479
-6229
-5862
-5232
-4455
-3670
-2850
-2070
-1372
-635
176
900
1502
2104
2613
3134
3701
4180
4661
5013
5303
5611
5836
5874
5812
5688
5346
5015
4635
4165
3630
3084
2482
1991
1539
1076
565
19
-521
-1078
-1652
-2313
-3005
-3645
-4275
-4960
-5488
-5898
-6287
-6595
-6778
-6774
-6705
-6562
-6320
-6101
-5811
-5414
-4989
-4606
-4141
-3647
-3031
-2316
-1522
-624
332
1323
2305
3337
4402
5321
6219
6953
7519
7974
8163
8202
8051
7772
7402
6990
6572
6039
5607
5265
4949
4775
4643
4582
4522
4373
4092
3665
3131
2377
1575
628
-363
-1286
-2096
-2694
-3093
-3355
-3430
-3364
-3303
-3368
-3563
-3831
-4152
-4626
-5292
-5924
-6455
-6852
-7153
-7284
-7243
-7088
-6764
-6260
-5564
-4871
-4143
-3382
-2647
-1943
-1226
-528
128
798
1412
2015
2765
3426
4070
4629
5003
5435
5778
5931
5878
5753
5492
5084
4664
4151
3541
2932
2322
1780
1334
797
262
-265
-845
-1441
-2104
-2786
-3378
-4044
-4661
-5148
-5506
-5750
-5990
-6139
-6283
-6217
-6042
-5841
-5537
-5257
-5040
-4747
-4377
-4056
-3612
-3118
-2521
-1820
-1007
-89
801
1818
2832
3827
4776
5649
6482
7150
7674
8023
8274
8270
8173
7900
7502
7115
6655
6222
5777
5445
5044
4799
4632
4439
4222
3974
3549
3033
2348
1482
503
-624
-1611
-2660
-3442
-4082
-4520
-4689
-4748
-4659
-4490
-4403
-4467
-4615
-4814
-5097
-5518
-6002
-6522
-6835
-7140
-7285
-7214
-7008
-6656
-6190
-5523
-4751
-3907
-3125
-2233
-1450
-637
233
1000
1839
2671
3399
4157
4930
5562
6066
6419
6682
6808
6790
6680
6375
5965
5506
5088
4634
4098
3553
2984
2378
1886
1360
733
73
-625
-1346
-2137
-2845
-3538
-4296
-4932
-5528
-6010
-6442
-6704
-6926
-7031
-7008
-7036
-6841
-6629
-6463
-6253
-6013
-5704
-5313
-4894
-4385
-3806
-3115
-2346
-1436
-410
655
1802
2871
3936
5029
6077
6884
7674
8274
8693
8954
8997
8834
8560
8234
7786
7299
6757
6382
6063
5685
5520
5408
5262
5069
4699
4251
3583
2738
1776
682
-503
-1560
-2599
-3394
-3981
-4432
-4603
-4581
-4537
-4462
-4383
-4510
-4745
-4942
-5200
-5658
-6113
-6483
-6771
-7065
-7088
-7010
-6886
-6607
-6129
-5450
-4657
-3770
-2924
-2125
-1294
-444
467
1320
2219
3047
3835
4571
5222
5745
5957
6132
6154
6077
5907
5708
5330
4876
4461
3917
3426
2932
2402
1804
1243
773
214
-366
-1091
-1799
-2566
-3339
-4126
-4858
-5560
-6218
-6709
-7093
-7311
-7429
-7481
-7467
-7324
-7118
-6803
-6426
-5992
-5592
-5134
-4564
-4053
-3408
-2761
-2062
-1249
-371
588
1506
2512
3552
4570
5595
6507
7341
8058
8653
9049
9327
9465
9305
9029
8631
8066
7527
6941
6311
5774
5252
4860
4497
4241
3996
3571
3180
2565
1824
921
-149
-1187
-2306
-3285
-4149
-4794
-5273
-5614
-5681
-5658
-5550
-5401
-5378
-5360
-5397
-5617
-5877
-6186
-6561
-6806
-6985
-7079
-7028
-6777
-6397
-5919
-5312
-4535
-3604
-2703
-1718
-773
157
1109
2031
2923
3762
4473
5088
5585
6097
6425
6570
6581
6394
6172
5878
5614
5218
4765
4347
3911
3397
2870
2361
1782
1183
589
-4
-683
-1425
-2135
-2884
-3704
-4395
-5017
-5622
-6156
-6573
-6835
-7021
-7074
-7093
-7078
-6914
-6648
-6275
-5814
-5288
-4835
-4302
-3660
-3010
-2293
-1634
-902
-101
759
1703
2625
3494
4360
5142
5912
6680
7461
8087
8506
8853
9051
9045
8819
8432
7953
7415
6804
6181
5630
5087
4560
4164
3771
3523
3197
2691
2063
1345
459
-568
-1638
-2715
-3672
-4503
-5128
-5501
-5661
-5740
-5536
-5343
-5169
-4989
-4944
-4980
-5233
-5342
-5550
-5823
-6026
-6173
-6208
-6122
-5815
-5479
-5024
-4490
-3823
-3014
-2121
-1248
-362
484
1290
2113
2867
3596
4307
4891
5383
5789
6043
6163
6107
5907
5620
5270
4966
4619
4233
3757
3251
2741
2239
1825
1301
652
4
-704
-1334
-2005
-2746
-3489
-4270
-5033
-5742
-6307
-6875
-7359
-7679
-7825
-7856
-7721
-7567
-7282
-6953
-6616
-6116
-5695
-5211
-4702
-4100
-3504
-2737
-2047
-1327
-407
427
1320
2195
3051
4109
4986
5949
6743
7525
8376
8847
9399
9583
9768
9688
9340
8908
8197
7563
6892
6222
5639
5020
4554
4140
3807
3486
2984
2487
1748
952
-4
-1145
-2139
-3169
-4095
-4872
-5453
-5755
-5875
-5794
-5653
-5442
-5241
-5087
-4989
-5058
-5224
-5330
-5439
-5634
-5735
-5758
-5695
-5538
-5135
-4625
-3997
-3323
-2604
-1667
-650
298
1147
1982
2853
3670
4397
5068
5533
5914
6115
6268
6364
6244
6087
5731
5347
4892
4484
4091
3564
3022
2486
1955
1376
826
198
-483
-1215
-1851
-2619
-3408
-4211
-5005
-5721
-6463
-6985
-7433
-7758
-8040
-8201
-8164
-8080
-7862
-7620
-7373
-7098
-6778
-6408
-5984
-5585
-5107
-4572
-3967
-3207
-2387
-1522
-636
335
1347
2383
3385
4334
5301
6147
6961
7802
8509
9050
9419
9611
9658
9635
9397
8981
8420
7788
7158
6525
6021
5433
4935
4392
3874
3388
2726
2129
1298
401
-562
-1561
-2557
-3514
-4363
-5103
-5549
-5793
-5900
-5832
-5707
-5458
-5195
-4905
-4733
-4701
-4659
-4692
-4654
-4727
-4849
-4904
-4878
-4740
-4451
-3987
-3461
-2878
-2135
-1357
-350
592
1479
2315
3060
3870
4641
5322
5817
6148
6339
6425
6377
6300
6056
5720
5291
4874
4493
4090
3557
3043
2556
2030
1601
1154
587
-145
-984
-1798
-2640
-3510
-4336
-5221
-5999
-6645
-7174
-7543
-7851
-8025
-8031
-7943
-7712
-7382
-7116
-6767
-6468
-6166
-5703
-5336
-4985
-4546
-4013
-3462
-2801
-2012
-1310
-436
473
1439
2481
3441
4405
5320
6173
6972
7715
8385
8886
9256
9458
9451
9412
9050
8557
8016
7362
6750
6105
5485
4850
4338
3790
3252
2814
2218
1499
719
-100
-991
-1900
-2787
-3569
-4230
-4712
-4993
-5222
-5228
-5131
-5056
-4866
-4713
-4578
-4493
-4507
-4548
-4556
-4503
-4459
-4531
-4542
-4434
-4307
-4135
-3785
-3339
-2905
-2294
-1590
-808
-13
832
1509
2231
2926
3576
4254
4672
4999
5201
5216
5172
5006
4827
4539
4126
3900
3593
3227
2894
2437
1951
1552
1030
618
69
-619
-1327
-2103
-2847
-3669
-4465
-5238
-5861
-6402
-6772
-7003
-7149
-7181
-7160
-7031
-6692
-6439
-6192
-5971
-5811
-5557
-5223
-4777
-4441
-3985
-3402
-2743
-1930
-1119
-248
542
1484
2441
3380
4316
5172
6067
6785
7497
8122
8653
9084
9317
9497
9601
9532
9202
8744
8205
7479
6777
6049
5319
4637
4064
3383
2742
2129
1386
667
-194
-940
-1864
-2710
-3514
-4384
-5059
-5644
-6043
-6250
-6351
-6280
-6151
-5939
-5666
-5486
-5242
-5103
-4962
-4790
-4588
-4405
-4248
-4120
-4003
-3839
-3662
-3387
-3123
-2646
-2255
-1712
-931
-212
609
1373
2103
2732
3375
3889
4304
4640
4693
4596
4445
4239
3931
3617
3257
2958
2707
2506
2306
2038
1875
1518
1148
869
390
-70
-688
-1216
-1823
-2438
-3103
-3734
-4338
-4861
-5260
-5498
-5619
-5726
-5730
-5727
-5609
-5492
-5334
-5209
-5044
-4788
-4453
-4081
-3685
-3307
-2754
-2102
-1423
-683
99
915
1713
2568
3400
4192
4913
5698
6384
7118
7775
8303
8813
9075
9184
9164
9032
8715
8214
7475
6813
5994
5049
4202
3402
2606
1919
1340
821
333
-224
-822
-1512
-2221
-3004
-3850
-4612
-5278
-5780
-6198
-6342
-6334
-6125
-5800
-5356
-4817
-4385
-3985
-3683
-3440
-3357
-3251
-3207
-3195
-3238
-3233
-3156
-3066
-2854
-2604
-2260
-1859
-1393
-749
-51
658
1357
1955
2501
2983
3393
3730
3903
3946
3907
3703
3568
3377
3096
2936
2761
2625
2588
2576
2477
2296
2024
1656
1298
848
284
-346
-1087
-1918
-2664
-3458
-4177
-4797
-5377
-5817
-6205
-6350
-6532
-6573
-6549
-6514
-6359
-6209
-6045
-5860
-5627
-5309
-4919
-4497
-4016
-3483
-2835
-2048
-1147
-191
707
1572
2460
3360
4288
5117
5923
6687
7316
7884
8418
8855
9128
9215
9142
8927
8609
8078
7399
6642
5763
4910
4144
3386
2746
2171
1649
1236
761
291
-250
-887
-1509
-2222
-2951
-3684
-4266
-4753
-5093
-5150
-5201
-4978
-4683
-4411
-4055
-3789
-3564
-3391
-3233
-3141
-3029
-2862
-2725
-2591
-2598
-2544
-2506
-2380
-2241
-2066
-1774
-1496
-1038
-555
31
637
1170
1730
2098
2456
2785
2950
3016
3018
2958
2955
2918
2822
2761
2645
2551
2479
2392
2294
2138
1937
1637
1329
923
497
-21
-684
-1366
-2124
-2866
-3614
-4308
-4865
-5412
-5823
-6052
-6195
-6218
-6226
-6158
-6000
-5840
-5663
-5474
-5257
-5022
-4783
-4511
-4053
-3486
-2816
-2115
-1308
-421
534
1488
2401
3322
4217
5107
5825
6539
7109
7602
7973
8296
8549
8681
8587
8415
8134
7673
7111
6368
5603
4846
4032
3226
2548
1924
1329
786
327
-185
-673
-1181
-1681
-2167
-2735
-3276
-3797
-4205
-4478
-4691
-4798
-4731
-4606
-4471
-4280
-4001
-3792
-3536
-3199
-3008
-2774
-2489
-2294
-2115
-1927
-1938
-1991
-1988
-1996
-1920
-1827
-1603
-1262
-834
-336
181
831
1360
1872
2384
2751
3090
3405
3522
3604
3598
3558
3469
3274
3202
3025
2863
2666
2501
2316
2043
1704
1291
787
225
-333
-1059
-1731
-2440
-3141
-3798
-4406
-4952
-5527
-5935
-6297
-6482
-6545
-6489
-6406
-6259
-6122
-5951
-5768
-5545
-5244
-4985
-4614
-4176
-3570
-2877
-2057
-1229
-406
483
1388
2217
3071
3808
4576
5281
5807
6432
6934
7451
7864
8196
8460
8615
8717
8543
8342
7933
7338
6677
5883
5071
4260
3503
2807
2249
1782
1386
1037
627
231
-247
-720
-1281
-1969
-2610
-3220
-3725
-4097
-4362
-4505
-4447
-4374
-4225
-3987
-3790
-3524
-3313
-3104
-2930
-2798
-2670
-2593
-2501
-2295
-2278
-2264
-2216
-2224
-2174
-2050
-1893
-1579
-1200
-802
-198
397
931
1448
1741
2041
2260
2362
2433
2363
2222
2075
1947
1764
1693
1560
1375
1239
1093
928
715
421
21
-513
-1018
-1559
-2149
-2705
-3343
-3939
-4453
-4943
-5298
-5573
-5786
-5930
-6009
-5934
-5794
-5633
-5451
-5336
-5138
-4934
-4671
-4377
-4034
-3607
-3113
-2436
-1763
-961
-155
647
1529
2328
3143
3880
4484
5083
5664
6147
6574
6989
7303
7595
7830
7985
8074
8072
7874
7557
7246
6750
6123
5438
4751
4021
3309
2670
2033
1532
1012
564
207
-147
-490
-891
-1394
-1935
-2440
-2923
-3340
-3645
-3857
-3921
-3854
-3704
-3476
-3255
-2994
-2679
-2436
-2147
-1836
-1538
-1281
-1210
-1058
-922
-866
-871
-924
-842
-855
-796
-594
-310
-17
256
681
1167
1615
2067
2430
2626
2750
2764
2724
2529
2305
2028
1705
1320
1033
823
622
404
255
87
-82
-300
-642
-1050
-1427
-1844
-2320
-2835
-3346
-3826
-4344
-4693
-5062
-5366
-5595
-5783
-5937
-5882
-5786
-5726
-5604
-5480
-5287
-5023
-4736
-4389
-4041
-3599
-3042
-2444
-1743
-1079
-383
345
1072
1794
2469
3068
3643
4113
4574
5052
5517
5994
6409
6825
7150
7447
7658
7758
7684
7462
7162
6752
6255
5601
4964
4258
3514
2881
2300
1764
1276
822
338
-59
-524
-1013
-1490
-2050
-2601
-3147
-3669
-4062
-4264
-4520
-4577
-4540
-4403
-4168
-3794
-3337
-2956
-2532
-2176
-1831
-1496
-1269
-1119
-981
-804
-735
-695
-604
-456
-378
-338
-203
28
242
369
624
835
1110
1367
1559
1697
1778
1820
1757
1550
1374
1195
941
720
581
492
428
329
252
173
90
-39
-257
-509
-719
-973
-1309
-1641
-2066
-2427
-2821
-3271
-3617
-3946
-4243
-4484
-4681
-4793
-4825
-4802
-4733
-4693
-4563
-4374
-4031
-3637
-3223
-2713
-2187
-1571
-866
-276
349
990
1611
2224
2831
3384
3925
4467
4891
5347
5755
6130
6491
6789
7032
7223
7383
7445
7364
7180
6791
6364
5725
5062
4361
3581
2780
1970
1282
653
121
-442
-947
-1343
-1755
-2069
-2430
-2819
-3223
-3642
-4014
-4362
-4501
-4591
-4567
-4406
-4203
-3975
-3590
-3139
-2738
-2292
-1862
-1432
-960
-628
-308
-38
115
342
378
350
300
273
212
141
140
209
276
380
561
784
1030
1147
1247
1307
1320
1267
1177
1032
814
653
443
334
172
36
-87
-140
-96
-150
-186
-237
-418
-624
-862
-1188
-1571
-1975
-2442
-2947
-3439
-3948
-4378
-4755
-5133
-5443
-5654
-5686
-5669
-5585
-5425
-5224
-4843
-4429
-3965
-3498
-2933
-2293
-1609
-884
-173
555
1250
1877
2550
3158
3759
4349
4821
5308
5791
6195
6616
6912
7218
7436
7576
7653
7636
7582
7334
7039
6585
6075
5395
4634
3843
3012
2233
1499
839
217
-391
-924
-1324
-1690
-1977
-2291
-2510
-2747
-3012
-3216
-3472
-3608
-3812
-3891
-3807
-3700
-3379
-3008
-2549
-2015
-1404
-808
-334
196
655
908
1103
1162
1137
1048
793
515
282
77
-113
-322
-419
-483
-508
-392
-283
-217
-162
-140
-263
-369
-493
-634
-870
-1119
-1262
-1329
-1413
-1444
-1347
-1274
-1183
-1055
-894
-722
-626
-675
-792
-1005
-1291
-1609
-2068
-2592
-3011
-3486
-3974
-4363
-4656
-4906
-5102
-5167
-5162
-5030
-4912
-4607
-4298
-3958
-3476
-3091
-2603
-2074
-1599
-1098
-566
35
562
1198
1868
2503
3156
3863
4542
5169
5710
6278
6782
7202
7547
7736
7898
7948
7933
7813
7616
7376
7046
6623
6117
5468
4727
3963
3120
2304
1510
768
104
-526
-1181
-1750
-2225
-2564
-2913
-3240
-3405
-3549
-3666
-3746
-3862
-3869
-3751
-3640
-3419
-3168
-2783
-2324
-1863
-1291
-681
-90
481
1003
1458
1676
1781
1791
1616
1345
988
635
305
-15
-257
-491
-667
-775
-789
-772
-696
-617
-637
-679
-681
-838
-940
-1095
-1307
-1453
-1538
-1552
-1602
-1520
-1442
-1437
-1352
-1297
-1203
-1119
-1100
-1090
-1217
-1450
-1740
-2084
-2485
-2961
-3483
-4031
-4459
-4845
-5109
-5390
-5568
-5533
-5476
-5253
-5011
-4662
-4258
-3878
-3406
-2863
-2320
-1782
-1249
-672
-49
589
1145
1729
2389
3022
3740
4367
5038
5711
6269
6758
7141
7493
7703
7802
7819
7773
7666
7489
7191
6843
6353
5857
5295
4589
3847
3033
2267
1466
733
72
-493
-960
-1425
-1825
-2119
-2317
-2462
-2667
-2746
-2680
-2719
-2632
-2549
-2499
-2372
-2244
-2014
-1731
-1343
-943
-447
61
581
1090
1537
1962
2245
2438
2437
2409
2205
1865
1402
891
460
-6
-384
-641
-809
-930
-986
-963
-897
-864
-889
-991
-1063
-1239
-1305
-1458
-1682
-1828
-1989
-2054
-2088
-2084
-2081
-2057
-2022
-1954
-1844
-1836
-1916
-2026
-2312
-2650
-3049
-3433
-3862
-4317
-4635
-5000
-5302
-5451
-5515
-5542
-5442
-5230
-4852
-4492
-4107
-3566
-3167
-2758
-2252
-1723
-1236
-751
-176
322
958
1672
2346
3021
3696
4413
5051
5704
6252
6719
7075
7364
7532
7662
7618
7489
7317
7069
6736
6343
5918
5419
4814
4193
3503
2795
2140
1412
726
43
-642
-1280
-1827
-2303
-2774
-3201
-3490
-3717
-3829
-3881
-3754
-3566
-3417
-3155
-2912
-2635
-2371
-2085
-1789
-1459
-1004
-577
-130
358
821
1300
1765
2230
2576
2723
2722
2693
2482
2094
1580
1034
564
62
-343
-644
-911
-1124
-1217
-1208
-1257
-1208
-1135
-1209
-1222
-1278
-1279
-1363
-1501
-1635
-1746
-1864
-1940
-1946
-1975
-2029
-1947
-1859
-1807
-1775
-1811
-1839
-2017
-2166
-2359
-2595
-2883
-3209
-3541
-3752
-3911
-3971
-3976
-3935
-3793
-3539
-3239
-2952
-2626
-2286
-1959
-1596
-1178
-693
-136
377
965
1604
2275
2984
3658
4284
4875
5419
5972
6444
6835
7038
7245
7247
7216
7184
7044
6883
6588
6303
5981
5536
5036
4489
3896
3180
2408
1716
970
182
-567
-1330
-2061
-2708
-3222
-3600
-3905
-4049
-4137
-4057
-3895
-3735
-3457
-3106
-2777
-2435
-2116
-1826
-1546
-1178
-775
-369
52
543
1005
1533
2164
2654
3130
3415
3614
3559
3376
2971
2469
1927
1290
590
-3
-454
-963
-1292
-1559
-1822
-2045
-2198
-2345
-2456
-2640
-2797
-3059
-3377
-3640
-3877
-4169
-4405
-4566
-4676
-4648
-4503
-4249
-4020
-3785
-3462
-3140
-2870
-2624
-2452
-2390
-2377
-2455
-2487
-2606
-2736
-2831
-2942
-3007
-3014
-2972
-2856
-2673
-2524
-2214
-1864
-1467
-1064
-697
-363
2
430
812
1235
1688
2099
2534
3076
3564
4046
4482
4777
5117
5492
5789
6069
6317
6585
6679
6801
6864
6817
6677
6404
6045
5645
5191
4601
3915
3181
2448
1703
979
244
-385
-1031
-1522
-1926
-2209
-2329
-2427
-2432
-2313
-2165
-2025
-1876
-1694
-1476
-1195
-878
-592
-246
97
395
746
1120
1505
1932
2295
2725
3087
3420
3632
3768
3810
3742
3632
3369
2934
2467
1939
1285
482
-298
-1047
-1781
-2425
-2991
-3415
-3807
-4190
-4427
-4601
-4743
-4886
-4965
-5068
-5158
-5125
-5093
-5081
-5078
-4984
-4889
-4719
-4454
-4103
-3742
-3381
-2943
-2484
-1991
-1613
-1313
-1093
-934
-890
-839
-961
-1117
-1183
-1364
-1541
-1665
-1765
-1822
-1809
-1682
-1458
-1211
-932
-670
-301
54
425
834
1193
1513
1792
2031
2335
2625
2944
3254
3463
3770
4086
4356
4591
4802
4934
4998
5100
5043
5014
4800
4515
4082
3534
2956
2280
1661
888
219
-375
-869
-1321
-1664
-1924
-2135
-2238
-2286
-2200
-2086
-1917
-1697
-1455
-1152
-878
-552
-311
-4
365
707
1132
1563
2046
2552
3003
3362
3654
3939
4122
4194
4231
4164
4022
3783
3542
3211
2841
2361
1840
1218
607
16
-715
-1501
-2304
-3013
-3715
-4360
-4870
-5292
-5642
-5832
-5862
-5835
-5809
-5680
-5573
-5471
-5280
-5004
-4813
-4575
-4274
-3962
-3533
-3113
-2703
-2237
-1784
-1317
-864
-469
-87
225
389
483
501
437
326
134
-57
-280
-560
-748
-818
-878
-902
-872
-733
-455
-134
175
553
919
1240
1556
1821
2072
2207
2400
2494
2617
2795
2924
3120
3312
3591
3828
4084
4224
4357
4398
4332
4184
4016
3807
3417
2889
2430
1985
1436
996
489
118
-148
-412
-524
-571
-538
-520
-405
-263
-132
51
118
218
343
506
730
905
1115
1382
1610
1857
2079
2290
2509
2687
2782
2842
2909
2839
2745
2550
2222
1905
1532
1144
678
278
-123
-530
-867
-1277
-1711
-2182
-2676
-3197
-3683
-4190
-4753
-5267
-5796
-6249
-6554
-6745
-6833
-6869
-6733
-6471
-6060
-5621
-5196
-4735
-4407
-4001
-3558
-3117
-2722
-2416
-2050
-1742
-1441
-1105
-827
-591
-313
13
324
601
851
1020
1090
1117
1127
1056
962
807
621
460
273
216
121
148
255
373
665
935
1230
1484
1742
1992
2328
2495
2668
2809
2839
2909
2918
2994
2976
2932
2855
2785
2689
2592
2516
2389
2237
2127
2064
2019
1958
1884
1854
1812
1728
1673
1558
1456
1322
1242
1192
1164
1136
1108
1139
1178
1272
1371
1455
1525
1596
1658
1794
1821
1848
1767
1638
1509
1350
1169
980
823
664
564
472
377
244
86
-135
-365
-634
-910
-1172
-1526
-1909
-2309
-2628
-2933
-3203
-3524
-3808
-4029
-4240
-4393
-4630
-4853
-5019
-5174
-5190
-5143
-4969
-4747
-4529
-4100
-3660
-3156
-2650
-2237
-1808
-1404
-1029
-751
-503
-334
-256
-115
-3
111
300
398
516
644
770
872
964
1048
1083
1128
1144
1088
1012
876
626
466
259
75
-56
-204
-224
-189
-88
55
233
427
636
970
1251
1483
1670
1823
1941
1997
2029
1978
1912
1832
1723
1715
1723
1767
1850
1954
2144
2338
2566
2811
2970
3129
3218
3253
3242
3156
3079
2942
2762
2613
2495
2347
2200
2081
1985
1885
1742
1637
1542
1405
1265
1093
905
726
496
207
-100
-381
-644
-876
-1118
-1327
-1524
-1706
-1824
-1980
-2077
-2208
-2359
-2544
-2742
-2960
-3185
-3339
-3428
-3522
-3512
-3462
-3362
-3161
-2998
-2893
-2801
-2705
-2653
-2646
-2703
-2754
-2776
-2838
-2901
-2922
-2879
-2757
-2583
-2365
-2132
-1874
-1562
-1270
-1069
-904
-758
-678
-608
-541
-514
-567
-600
-573
-508
-420
-364
-200
-63
58
228
362
479
555
625
674
641
597
534
500
370
277
323
350
519
747
938
1242
1515
1745
1905
2120
2282
2393
2512
2563
2658
2739
2840
2929
3091
3277
3520
3867
4179
4490
4804
4994
5130
5153
5141
5104
4964
4783
4547
4197
3840
3478
3079
2675
2242
1864
1524
1220
945
637
310
-23
-315
-625
-914
-1289
-1626
-1936
-2311
-2594
-2922
-3166
-3465
-3696
-3805
-3916
-3979
-4019
-3955
-3970
-4002
-3971
-3968
-3928
-3909
-3820
-3726
-3653
-3563
-3506
-3360
-3186
-2986
-2825
-2661
-2451
-2209
-1965
-1807
-1669
-1510
-1348
-1179
-967
-792
-592
-361
-157
129
380
594
745
856
907
944
985
959
923
849
767
664
481
349
233
25
-136
-277
-433
-568
-685
-803
-970
-1129
-1225
-1326
-1346
-1267
-1192
-1078
-946
-798
-608
-359
-111
129
422
677
1034
1410
1763
2108
2439
2695
2985
3312
3552
3813
4042
4238
4448
4578
4611
4594
4552
4439
4316
4196
4007
3823
3563
3329
3057
2754
2440
2122
1776
1439
1191
907
647
423
222
11
-209
-414
-663
-891
-1183
-1420
-1677
-1939
-2181
-2357
-2458
-2569
-2636
-2701
-2708
-2668
-2579
-2502
-2441
-2436
-2429
-2402
-2428
-2354
-2372
-2324
-2244
-2086
-1931
-1782
-1576
-1371
-1183
-970
-722
-546
-309
-132
23
101
149
211
198
145
28
-81
-167
-214
-303
-357
-358
-473
-514
-553
-673
-721
-841
-977
-1156
-1402
-1598
-1797
-1977
-2174
-2343
-2526
-2665
-2733
-2732
-2710
-2635
-2503
-2381
-2190
-1955
-1710
-1458
-1171
-899
-614
-269
126
490
952
1380
1771
2230
2653
3025
3418
3782
4116
4487
4727
4971
5127
5215
5288
5286
5333
5285
5191
5130
4970
4809
4656
4413
4086
3761
3384
3023
2599
2238
1874
1424
1093
703
361
56
-239
-427
-705
-938
-1105
-1301
-1477
-1675
-1935
-2142
-2351
-2635
-2794
-3004
-3220
-3413
-3510
-3553
-3580
-3522
-3486
-3433
-3351
-3309
-3276
-3168
-3080
-2996
-2890
-2706
-2531
-2340
-2137
-1997
-1722
-1521
-1315
-1068
-871
-630
-438
-236
-49
84
181
272
381
455
576
621
704
846
834
860
805
716
674
557
438
352
231
52
-132
-302
-449
-625
-791
-989
-1164
-1280
-1425
-1493
-1591
-1635
-1640
-1580
-1522
-1452
-1313
-1168
-978
-760
-477
-245
61
331
636
917
1258
1557
1821
2110
2343
2545
2770
2985
3159
3402
3557
3768
3930
4072
4160
4195
4186
4043
3882
3687
3478
3208
2941
2582
2243
1903
1554
1227
918
683
418
235
108
-23
-122
-250
-370
-534
-692
-866
-1056
-1262
-1491
-1646
-1790
-1879
-1932
-1981
-2006
-1894
-1840
-1754
-1568
-1451
-1267
-1096
-970
-803
-709
-619
-491
-480
-427
-375
-331
-322
-237
-137
-86
-17
-10
14
18
-12
-65
-94
-175
-300
-381
-476
-520
-643
-810
-877
-1040
-1105
-1161
-1295
-1365
-1433
-1503
-1638
-1798
-1939
-2122
-2299
-2456
-2657
-2735
-2871
-2948
-3011
-3083
-3078
-3116
-3087
-3009
-2916
-2828
-2633
-2451
-2243
-2083
-1900
-1642
-1403
-1107
-774
-440
-79
251
660
1073
1450
1897
2277
2635
3011
3378
3713
4009
4271
4484
4602
4755
4818
4818
4830
4787
4776
4738
4610
4464
4255
3957
3715
3428
3078
2722
2449
2151
1849
1633
1393
1158
991
777
614
419
266
97
-125
-339
-527
-714
-876
-1009
-1169
-1281
-1373
-1461
-1524
-1580
-1610
-1584
-1544
-1462
-1474
-1399
-1389
-1445
-1447
-1465
-1476
-1561
-1596
-1702
-1792
-1831
-1941
-1938
-1878
-1844
-1809
-1703
-1581
-1546
-1475
-1475
-1481
-1477
-1427
-1411
-1387
-1294
-1255
-1179
-1103
-1024
-963
-831
-757
-661
-529
-428
-341
-338
-284
-328
-327
-339
-427
-446
-491
-531
-541
-531
-471
-403
-328
-240
-149
-32
57
113
184
225
291
436
532
662
856
934
1079
1253
1375
1530
1650
1758
1818
1835
1843
1906
1891
1919
1854
1793
1838
1775
1728
1604
1482
1358
1178
1043
938
808
666
538
423
258
138
-11
-195
-308
-449
-533
-574
-579
-514
-430
-318
-180
-47
92
244
355
402
477
542
585
578
559
621
618
629
606
599
568
494
442
356
273
135
29
-81
-232
-345
-459
-590
-709
-825
-923
-934
-958
-1023
-1059
-1059
-1062
-1066
-1045
-1080
-1071
-1106
-1173
-1199
-1207
-1232
-1155
-1118
-1021
-898
-825
-620
-527
-390
-250
-167
-117
-142
-151
-212
-327
-466
-585
-701
-839
-931
-954
-960
-911
-801
-713
-632
-481
-369
-259
-211
-147
-121
-127
-152
-147
-140
-119
-63
-18
85
142
267
341
401
471
512
536
589
626
591
590
592
675
762
830
917
955
1062
1170
1173
1179
1202
1190
1206
1218
1164
1207
1290
1303
1411
1439
1471
1578
1632
1695
1732
1744
1719
1712
1692
1601
1470
1404
1262
1109
930
757
574
425
256
17
-139
-309
-465
-635
-807
-994
-1179
-1389
-1591
-1804
-1986
-2140
-2337
-2483
-2578
-2676
-2721
-2761
-2766
-2729
-2681
-2564
-2470
-2385
-2319
-2245
-2090
-2027
-1915
-1837
-1799
-1671
-1549
-1410
-1265
-1064
-901
-692
-516
-336
-145
18
124
187
280
365
461
625
730
821
954
998
1091
1214
1282
1341
1407
1432
1494
1593
1675
1705
1752
1766
1768
1780
1703
1670
1617
1545
1517
1504
1499
1439
1376
1299
1185
1133
992
908
790
700
656
543
451
339
233
166
90
19
35
69
83
110
148
136
118
130
125
142
238
269
308
382
468
550
581
695
780
831
908
948
983
992
970
957
873
773
669
542
415
282
213
97
-17
-106
-223
-392
-549
-729
-928
-1147
-1338
-1539
-1766
-1936
-2143
-2264
-2420
-2551
-2653
-2658
-2668
-2658
-2589
-2548
-2476
-2413
-2331
-2257
-2162
-2029
-1880
-1710
-1554
-1405
-1203
-1016
-857
-741
-610
-428
-288
-160
-50
36
109
234
284
385
472
482
574
624
666
723
826
881
949
1061
1174
1247
1272
1333
1389
1453
1499
1528
1491
1432
1350
1258
1168
1037
946
813
728
619
531
480
395
277
188
68
-62
-108
-198
-287
-359
-352
-423
-471
-474
-537
-585
-597
-553
-531
-440
-348
-159
11
203
389
567
761
951
1198
1416
1576
1795
1959
2074
2230
2275
2327
2315
2276
2226
2228
2104
1932
1729
1448
1188
893
609
323
35
-193
-449
-705
-880
-1145
-1353
-1560
-1771
-1977
-2222
-2352
-2500
-2688
-2827
-2878
-2901
-2864
-2784
-2716
-2580
-2477
-2324
-2132
-1973
-1724
-1555
-1379
-1155
-973
-852
-699
-624
-544
-464
-402
-341
-285
-225
-181
-117
-16
71
191
308
357
530
584
716
822
950
1101
1236
1395
1503
1685
1780
1864
1896
1916
1899
1851
1816
1760
1691
1585
1505
1368
1204
1097
922
723
592
444
291
177
41
-91
-215
-361
-451
-585
-640
-737
-782
-794
-778
-701
-649
-511
-438
-308
-145
-21
150
312
472
639
814
1005
1087
1238
1307
1330
1346
1352
1333
1273
1205
1099
1024
873
787
643
485
350
179
40
-124
-249
-361
-502
-646
-832
-1057
-1248
-1453
-1646
-1762
-1907
-2013
-2117
-2223
-2280
-2341
-2382
-2394
-2416
-2350
-2273
-2196
-2091
-2033
-1895
-1815
-1623
-1460
-1305
-1047
-891
-710
-519
-302
-135
23
221
351
575
735
876
1057
1131
1223
1316
1359
1411
1442
1483
1510
1493
1499
1562
1575
1603
1635
1599
1596
1574
1535
1422
1339
1205
1076
959
816
682
485
387
217
125
72
-59
-136
-210
-277
-372
-468
-553
-635
-715
-802
-855
-931
-933
-993
-1010
-998
-989
-927
-879
-772
-709
-616
-529
-433
-354
-237
-103
33
161
303
466
600
723
825
917
1000
1084
1112
1112
1199
1207
1179
1159
1072
1054
1045
990
927
851
781
711
615
506
348
170
-63
-210
-385
-538
-687
-865
-1000
-1160
-1228
-1339
-1422
-1477
-1575
-1635
-1638
-1662
-1698
-1630
-1583
-1510
-1426
-1326
-1193
-1035
-899
-771
-624
-492
-376
-246
-156
-53
-27
30
61
64
107
123
98
52
53
17
-11
-12
-38
-19
29
107
210
233
316
359
362
394
406
450
520
585
681
786
857
944
982
1020
1066
1096
1139
1157
1175
1235
1247
1262
1249
1195
1141
1053
903
783
660
532
442
331
280
215
187
169
157
145
180
212
284
354
433
486
512
594
626
658
649
673
673
674
673
675
625
585
590
485
431
331
248
159
29
-79
-253
-378
-518
-702
-872
-1058
-1309
-1510
-1691
-1903
-2092
-2223
-2364
-2409
-2429
-2436
-2392
-2345
-2246
-2178
-2094
-1948
-1834
-1689
-1586
-1445
-1316
-1187
-1013
-909
-750
-637
-533
-416
-324
-191
-51
66
192
296
349
431
459
474
480
418
400
367
347
346
324
285
278
232
254
329
393
449
567
677
811
946
1032
1135
1235
1301
1359
1444
1444
1499
1486
1451
1444
1387
1336
1265
1166
1074
1029
971
944
891
875
855
746
704
631
573
510
477
435
372
353
338
318
295
266
215
219
220
260
276
358
394
446
489
503
526
456
424
352
282
202
74
-54
-155
-333
-413
-518
-635
-732
-822
-884
-953
-944
-980
-1014
-1075
-1131
-1152
-1159
-1189
-1172
-1209
-1192
-1180
-1196
-1200
-1201
-1155
-1109
-1054
-991
-882
-786
-645
-509
-428
-354
-265
-177
-126
-63
-35
-14
6
-13
-7
-30
-59
-95
-110
-125
-143
-136
-149
-176
-180
-210
-259
-242
-282
-335
-395
-416
-433
-462
-428
-448
-455
-460
-417
-393
-361
-302
-294
-266
-231
-160
-97
-50
40
99
202
315
423
552
635
718
783
810
857
882
938
1004
1024
1013
1031
1074
1044
1085
1094
1103
1125
1118
1074
1059
1030
1010
1011
970
958
918
849
788
671
647
565
495
426
363
333
282
221
146
103
-23
-64
-140
-223
-274
-370
-409
-460
-549
-559
-534
-540
-533
-507
-513
-567
-592
-637
-675
-678
-716
-727
-766
-762
-786
-771
-751
-693
-670
-646
-572
-527
-430
-410
-341
-331
-300
-243
-216
-174
-138
-98
-76
-30
48
110
164
245
261
340
350
373
371
330
306
259
193
114
31
-72
-126
-195
-277
-291
-350
-430
-408
-399
-430
-350
-312
-251
-158
-141
-93
-70
-18
0
47
116
198
300
394
454
536
600
694
765
825
907
960
1011
1034
1030
974
943
915
885
831
793
744
648
631
565
378
288
194
98
18
-74
-145
-168
-209
-249
-283
-332
-368
-463
-512
-565
-625
-668
-689
-717
-779
-791
-800
-849
-874
-914
-927
-923
-922
-905
-865
-868
-835
-784
-774
-721
-661
-609
-580
-572
-526
-461
-420
-370
-349
-297
-217
-116
-18
112
178
264
342
402
448
522
550
544
549
536
501
500
506
438
418
364
339
339
249
178
159
62
29
-14
-38
-69
-93
-124
-142
-165
-200
-187
-196
-152
-175
-117
-63
-30
47
90
106
120
192
196
270
308
320
372
432
470
480
534
508
537
562
584
559
555
551
568
577
578
609
633
676
724
824
837
908
901
893
886
866
795
690
585
473
402
306
214
90
19
-85
-186
-270
-409
-503
-600
-727
-809
-916
-1007
-1076
-1152
-1225
-1255
-1257
-1265
-1229
-1235
-1158
-1159
-1171
-1125
-1093
-1070
-1031
-981
-917
-856
-782
-731
-709
-617
-551
-510
-409
-311
-240
-180
-126
-99
-138
-97
-90
-112
-72
-55
-58
-23
-43
17
117
117
210
278
304
391
428
456
478
519
499
534
585
574
620
573
582
594
596
629
684
714
752
744
731
723
733
690
611
603
528
493
503
474
443
420
347
338
280
224
207
233
228
272
317
335
395
442
508
544
577
605
628
640
657
648
624
521
455
414
370
348
324
260
239
218
182
102
34
-15
-86
-161
-243
-310
-396
-475
-543
-605
-692
-750
-770
-863
-909
-955
-991
-994
-991
-960
-946
-886
-861
-844
-803
-779
-760
-719
-676
-652
-595
-582
-631
-653
-680
-702
-738
-715
-733
-767
-755
-747
-758
-754
-708
-767
-710
-661
-629
-577
-466
-405
-356
-219
-158
-88
25
130
215
347
461
584
695
790
891
972
1007
1042
1098
1130
1137
1105
1117
1028
948
859
786
747
673
657
596
544
498
509
431
376
345
317
276
229
222
157
179
157
163
190
192
206
229
214
232
245
209
197
179
175
128
142
168
199
244
234
278
275
305
294
282
238
211
168
95
78
23
-7
-59
-108
-101
-134
-139
-88
-121
-54
-15
-9
70
73
79
61
13
-33
-71
-161
-242
-303
-363
-374
-450
-517
-562
-621
-689
-773
-810
-876
-879
-896
-884
-847
-822
-816
-802
-797
-810
-824
-834
-872
-957
-1004
-1038
-1027
-1004
-975
-937
-856
-774
-652
-577
-507
-356
-277
-149
-53
47
149
240
270
298
315
296
362
351
424
499
534
616
676
788
850
899
1000
1042
1085
1126
1112
1111
1084
1038
1023
936
865
804
707
567
455
312
176
108
23
12
-13
-55
-45
-61
-50
-24
6
63
75
118
109
125
178
145
158
125
88
86
92
118
159
179
234
288
356
399
441
464
467
496
442
397
301
227
124
-1
-93
-232
-337
-435
-502
-594
-616
-656
-714
-743
-762
-758
-770
-726
-696
-675
-650
-618
-650
-639
-618
-631
-597
-619
-606
-644
-682
-644
-621
-619
-557
-548
-541
-457
-457
-403
-390
-379
-322
-287
-264
-213
-178
-203
-138
-96
-93
4
65
88
186
240
281
339
364
450
555
652
777
911
1045
1166
1260
1347
1437
1506
1555
1549
1568
1565
1563
1523
1453
1381
1306
1200
1074
958
858
762
727
686
620
619
573
537
453
344
238
160
51
-6
-97
-204
-238
-339
-381
-438
-445
-495
-513
-486
-470
-426
-406
-362
-375
-349
-362
-407
-391
-476
-565
-616
-691
-797
-833
-913
-936
-951
-968
-953
-959
-931
-973
-993
-981
-997
-1028
-1029
-1052
-1093
-1093
-1094
-1113
-1161
-1141
-1143
-1184
-1171
-1225
-1205
-1171
-1152
-1132
-1072
-1060
-989
-904
-883
-814
-773
-725
-698
-645
-621
-587
-599
-590
-546
-481
-428
-349
-259
-181
-27
73
145
257
364
479
592
688
774
865
893
948
1033
1064
1088
1166
1217
1276
1333
1407
1460
1495
1581
1665
1698
1783
1855
1852
1871
1864
1829
1774
1733
1633
1579
1505
1412
1314
1206
1146
1026
944
855
728
654
573
537
503
433
440
370
301
269
206
165
115
44
-16
-59
-96
-124
-131
-151
-207
-202
-260
-306
-334
-399
-431
-460
-506
-568
-581
-631
-665
-709
-764
-773
-786
-801
-768
-817
-845
-891
-992
-1033
-1059
-1110
-1130
-1137
-1092
-1052
-975
-910
-865
-789
-741
-708
-668
-604
-594
-609
-578
-594
-675
-648
-672
-662
-641
-618
-555
-566
-509
-474
-473
-490
-489
-525
-570
-571
-580
-628
-608
-615
-591
-584
-539
-502
-449
-388
-385
-317
-261
-169
-88
2
124
223
340
415
522
654
756
886
985
1068
1145
1203
1226
1268
1245
1226
1266
1250
1219
1219
1205
1172
1143
1090
1018
1000
946
931
914
866
847
857
781
721
706
611
571
477
444
389
365
304
246
228
190
221
185
181
184
202
212
176
156
127
55
-10
-44
-112
-146
-207
-244
-272
-325
-379
-416
-481
-502
-521
-533
-557
-545
-514
-526
-529
-611
-591
-604
-552
-586
-600
-533
-550
-523
-502
-535
-590
-608
-623
-634
-620
-607
-608
-570
-589
-621
-633
-681
-692
-711
-740
-670
-646
-586
-508
-489
-460
-487
-473
-535
-495
-437
-395
-320
-320
-247
-182
-126
-102
-52
-12
71
158
222
356
417
493
587
606
645
682
745
797
804
784
805
824
833
861
919
922
934
898
834
842
819
755
677
640
530
492
432
320
238
183
119
139
130
76
145
130
170
161
130
107
64
8
-72
-68
-173
-234
-253
-332
-301
-335
-346
-338
-341
-302
-275
-252
-248
-225
-219
-243
-267
-311
-366
-423
-505
-574
-631
-624
-650
-643
-657
-619
-585
-586
-535
-495
-453
-451
-395
-361
-335
-328
-360
-359
-401
-439
-440
-456
-441
-488
-499
-521
-498
-492
-453
-421
-399
-404
-344
-355
-356
-281
-275
-242
-228
-191
-189
-167
-114
-95
-124
-103
-33
18
10
81
113
193
257
258
357
458
522
620
689
783
897
1013
1088
1147
1200
1245
1273
1283
1313
1267
1303
1293
1302
1322
1355
1391
1421
1493
1517
1533
1538
1546
1495
1445
1389
1317
1267
1157
1051
960
833
775
684
606
531
462
446
382
312
261
192
102
33
-71
-149
-217
-312
-363
-444
-511
-649
-728
-793
-905
-961
-1074
-1078
-1147
-1180
-1172
-1248
-1267
-1324
-1360
-1369
-1405
-1414
-1411
-1400
-1424
-1445
-1485
-1521
-1544
-1592
-1618
-1614
-1594
-1587
-1538
-1504
-1495
-1449
-1368
-1322
-1195
-1106
-1042
-969
-880
-793
-755
-671
-630
-540
-448
-402
-357
-274
-185
-163
-129
-88
-48
-11
15
71
84
101
153
213
235
315
364
399
435
468
509
523
573
626
694
739
843
910
986
1065
1087
1172
1212
1277
1298
1381
1459
1506
1580
1593
1669
1649
1639
1619
1585
1551
1501
1487
1405
1342
1253
1193
1092
993
910
809
708
626
546
464
380
296
217
147
53
-3
-79
-136
-200
-268
-310
-359
-409
-428
-474
-493
-456
-462
-475
-500
-514
-526
-576
-637
-701
-721
-789
-799
-834
-892
-908
-979
-987
-1005
-1027
-1059
-1051
-1053
-1028
-978
-963
-923
-913
-866
-855
-829
-795
-789
-757
-755
-738
-677
-675
-626
-578
-526
-469
-384
-338
-317
-267
-285
-242
-294
-298
-325
-373
-374
-401
-438
-472
-512
-536
-554
-532
-533
-473
-412
-358
-323
-246
-233
-188
-49
27
134
246
363
462
569
691
786
867
975
1054
1145
1254
1355
1405
1469
1518
1547
1609
1674
1683
1688
1704
1698
1677
1635
1612
1536
1492
1451
1361
1259
1174
1093
975
906
811
729
688
614
567
518
460
397
304
257
173
111
91
17
-36
-67
-107
-179
-211
-288
-392
-463
-558
-596
-683
-741
-780
-875
-962
-1041
-1117
-1153
-1172
-1209
-1227
-1189
-1181
-1171
-1150
-1144
-1138
-1141
-1072
-1086
-1053
-999
-973
-946
-868
-820
-757
-703
-628
-549
-493
-421
-413
-399
-362
-345
-382
-410
-392
-400
-362
-337
-374
-356
-369
-391
-416
-415
-435
-443
-425
-367
-295
-261
-200
-150
-136
-68
-45
-3
46
61
75
90
126
173
202
238
338
426
529
625
740
855
977
1053
1121
1177
1221
1255
1290
1238
1214
1213
1162
1133
1118
1096
1048
1053
995
993
954
873
828
762
680
611
577
484
450
383
342
302
227
213
148
115
74
8
-27
-59
-138
-170
-242
-320
-359
-387
-449
-450
-464
-461
-440
-439
-407
-398
-372
-410
-418
-450
-477
-551
-551
-602
-659
-638
-652
-641
-626
-584
-589
-535
-556
-578
-537
-529
-542
-518
-524
-569
-555
-559
-553
-545
-524
-524
-570
-539
-541
-537
-535
-554
-585
-603
-640
-666
-670
-619
-611
-597
-519
-497
-430
-392
-405
-370
-373
-396
-351
-312
-251
-223
-171
-149
-147
-82
-41
-24
7
93
142
255
336
421
533
569
693
775
870
944
989
1023
1090
1152
1149
1210
1237
1262
1281
1287
1280
1304
1329
1291
1297
1268
1240
1203
1135
1085
994
927
853
770
675
630
518
450
401
310
274
224
140
68
52
-12
-55
-116
-140
-183
-205
-251
-299
-323
-378
-411
-425
-471
-491
-506
-523
-533
-541
-548
-530
-545
-561
-551
-657
-655
-667
-690
-663
-665
-660
-653
-604
-598
-652
-627
-637
-668
-663
-659
-648
-636
-654
-633
-639
-660
-645
-592
-595
-548
-498
-475
-458
-421
-429
-408
-406
-399
-366
-324
-299
-291
-248
-255
-224
-202
-148
-63
-28
78
156
190
249
304
353
362
378
396
377
433
448
452
483
452
510
544
535
543
602
595
615
606
586
585
569
573
550
556
517
528
572
564
518
544
491
493
502
438
456
403
428
416
398
370
325
308
273
247
213
216
213
178
196
188
181
161
135
109
102
74
72
83
30
44
3
-21
-45
-79
-80
-105
-115
-120
-125
-139
-126
-153
-164
-198
-256
-266
-306
-275
-272
-292
-334
-360
-415
-437
-489
-564
-579
-656
-703
-713
-730
-741
-770
-787
-824
-819
-828
-835
-783
-761
-748
-736
-692
-680
-659
-643
-641
-610
-619
-625
-553
-544
-531
-477
-474
-387
-350
-294
-232
-197
-146
-105
-52
16
11
35
99
96
130
174
227
245
260
305
328
368
390
439
479
549
599
656
735
807
895
960
999
992
1030
1062
1089
1071
1079
1062
1051
1096
1093
1092
1074
1032
984
935
892
838
794
736
676
639
612
599
521
525
482
424
362
325
248
174
137
41
31
-19
-43
-89
-93
-131
-185
-212
-269
-311
-377
-439
-541
-605
-655
-749
-818
-890
-944
-987
-1020
-994
-963
-996
-989
-997
-1042
-1031
-1047
-1063
-1042
-1038
-1004
-947
-897
-837
-794
-744
-683
-616
-596
-546
-547
-498
-497
-503
-438
-398
-337
-287
-220
-170
-130
-80
-47
-4
39
49
98
131
117
123
105
65
77
67
81
134
124
215
186
213
257
268
327
363
398
419
470
478
538
515
506
493
486
491
553
559
595
595
599
685
653
712
673
695
685
645
625
611
599
565
570
544
579
549
584
586
579
604
614
600
578
549
474
408
303
246
209
166
118
69
33
15
-10
-29
-22
-49
-66
-122
-151
-170
-247
-290
-366
-439
-461
-478
-498
-542
-547
-589
-578
-555
-558
-516
-500
-455
-452
-445
-437
-455
-474
-419
-426
-394
-338
-365
-309
-327
-337
-360
-379
-423
-443
-426
-468
-427
-449
-470
-457
-445
-424
-403
-381
-340
-299
-223
-204
-167
-153
-121
-80
-75
-42
-46
3
31
67
114
119
113
132
183
196
218
234
280
311
326
367
374
402
436
415
399
434
412
407
439
419
447
492
521
548
559
610
686
716
735
744
792
780
771
736
676
667
630
611
542
511
454
370
355
266
207
142
79
32
-11
-78
-149
-196
-269
-318
-343
-390
-438
-479
-548
-618
-687
-751
-832
-900
-940
-971
-994
-1006
-1054
-1011
-1034
-1042
-1036
-984
-998
-999
-967
-965
-924
-911
-918
-921
-861
-847
-853
-802
-787
-724
-675
-624
-555
-485
-359
-273
-165
-71
30
110
167
255
301
361
416
419
448
517
510
530
557
588
644
637
688
695
722
768
742
784
786
789
807
824
823
837
851
841
813
807
742
671
676
604
605
640
628
655
681
707
732
812
866
881
975
960
991
1017
958
944
903
808
735
675
566
495
440
345
344
291
267
256
187
172
104
83
40
-26
-112
-137
-207
-247
-321
-432
-497
-616
-708
-773
-837
-849
-880
-889
-892
-879
-883
-862
-822
-837
-856
-889
-890
-899
-893
-905
-910
-977
-984
-1008
-1037
-1030
-1117
-1150
-1187
-1159
-1132
-1102
-1014
-954
-888
-787
-713
-596
-518
-481
-405
-388
-337
-295
-305
-310
-312
-347
-382
-388
-405
-376
-334
-290
-195
-102
-25
36
159
231
296
377
416
460
510
507
482
464
439
394
371
357
304
327
328
361
333
380
433
413
498
504
575
626
671
715
725
768
778
744
764
741
725
744
754
810
782
844
884
903
968
1030
1087
1135
1214
1221
1228
1257
1212
1158
1140
1061
1008
957
893
785
731
644
550
500
378
334
282
226
215
146
162
140
101
48
-37
-135
-202
-291
-381
-445
-527
-633
-741
-821
-903
-960
-1055
-1055
-1095
-1099
-1098
-1075
-1065
-1046
-1033
-1063
-1035
-1061
-1076
-1122
-1170
-1202
-1280
-1315
-1360
-1368
-1367
-1358
-1317
-1317
-1239
-1100
-1015
-910
-797
-706
-630
-524
-467
-409
-376
-366
-349
-383
-377
-379
-389
-382
-295
-245
-158
-96
-28
12
95
202
253
347
450
557
590
681
726
725
753
749
728
737
773
787
778
842
886
917
1002
1042
1080
1130
1161
1202
1250
1288
1262
1274
1238
1171
1109
1003
917
771
685
601
500
465
414
341
299
250
217
201
149
148
72
-4
-52
-187
-275
-368
-466
-537
-579
-604
-615
-632
-637
-639
-657
-657
-646
-644
-632
-589
-602
-584
-565
-553
-556
-538
-530
-563
-559
-579
-592
-590
-642
-589
-567
-530
-479
-449
-395
-375
-347
-258
-220
-166
-115
-119
-69
-53
-49
-12
10
26
55
74
74
113
133
140
138
133
160
187
228
266
320
335
377
347
348
385
326
351
345
344
330
358
336
287
269
229
230
231
245
246
284
321
317
397
402
401
412
390
364
366
357
320
339
336
335
330
347
372
408
429
424
424
432
426
425
399
400
384
322
352
285
203
170
99
36
-27
-75
-163
-203
-258
-343
-371
-425
-478
-520
-499
-521
-545
-537
-551
-524
-540
-536
-508
-551
-528
-484
-502
-486
-453
-426
-397
-344
-319
-261
-225
-218
-144
-116
-83
-76
-37
-48
-71
-92
-134
-188
-235
-248
-326
-334
-353
-382
-402
-472
-489
-511
-502
-473
-457
-405
-395
-369
-327
-327
-315
-305
-318
-343
-369
-389
-422
-418
-410
-394
-348
-255
-178
-106
-27
12
61
147
197
297
373
422
474
485
489
502
488
469
477
481
530
573
594
645
670
687
756
814
863
952
968
1037
1091
1059
1096
1071
1035
1028
970
912
886
830
746
698
638
596
559
536
488
436
411
330
306
256
181
120
77
-32
-96
-161
-224
-266
-328
-382
-448
-482
-521
-558
-626
-675
-739
-770
-812
-785
-789
-783
-746
-748
-723
-739
-734
-753
-777
-771
-835
-840
-858
-913
-912
-935
-959
-938
-889
-904
-876
-864
-817
-783
-726
-696
-667
-613
-631
-587
-601
-552
-533
-482
-403
-389
-329
-319
-281
-270
-253
-252
-196
-176
-135
-62
-44
-2
67
90
166
226
279
340
380
433
478
480
516
596
626
643
709
768
804
839
881
903
927
971
947
929
934
933
864
890
881
826
814
808
784
766
761
778
772
766
790
760
784
782
783
755
796
759
729
750
697
676
609
567
538
487
438
441
389
373
337
283
255
170
99
29
-91
-141
-217
-283
-284
-351
-362
-412
-444
-477
-526
-567
-575
-548
-595
-586
-606
-584
-607
-614
-564
-527
-483
-461
-419
-390
-373
-380
-353
-371
-379
-395
-432
-438
-452
-464
-529
-550
-555
-583
-576
-597
-610
-586
-631
-658
-678
-745
-747
-771
-845
-836
-848
-848
-848
-851
-798
-769
-683
-667
-635
-629
-623
-579
-580
-577
-538
-467
-427
-364
-317
-282
-218
-179
-137
-75
-2
84
178
267
339
417
483
548
593
625
705
756
813
861
857
886
930
956
995
1021
1062
1067
1105
1149
1131
1136
1129
1106
1098
1093
1058
1017
976
915
884
823
779
727
693
663
612
642
569
520
495
404
346
221
153
25
-48
-78
-160
-232
-291
-380
-423
-453
-516
-524
-570
-544
-581
-571
-560
-613
-646
-675
-715
-742
-772
-818
-849
-889
-880
-983
-1060
-1090
-1169
-1179
-1180
-1180
-1144
-1056
-993
-931
-866
-820
-770
-734
-683
-664
-593
-573
-548
-487
-454
-415
-346
-296
-241
-146
-88
-12
59
158
257
368
460
578
657
726
834
868
938
968
993
1032
1026
1088
1061
1015
982
952
937
918
911
916
853
857
839
769
726
660
598
556
504
457
436
327
287
206
159
115
32
-5
-64
-88
-128
-147
-184
-221
-256
-283
-295
-307
-288
-277
-261
-234
-227
-221
-220
-219
-203
-231
-219
-211
-215
-192
-183
-157
-131
-87
-102
-77
-52
-51
1
11
-16
14
8
6
-12
-25
-42
-66
-51
-83
-79
-97
-133
-163
-155
-117
-124
-108
-93
-79
-85
-84
-145
-196
-240
-297
-332
-376
-405
-435
-469
-491
-482
-483
-493
-504
-505
-474
-485
-472
-472
-473
-493
-523
-545
-566
-556
-544
-561
-517
-499
-444
-440
-442
-345
-316
-266
-207
-170
-87
-12
9
41
34
42
56
80
140
157
232
312
336
395
396
446
468
506
560
569
635
679
742
795
853
929
937
993
1068
1110
1126
1166
1161
1159
1186
1155
1134
1099
1105
1070
1048
1037
1021
980
948
936
900
879
825
758
673
585
458
358
265
136
62
-10
-124
-189
-243
-314
-389
-384
-462
-549
-582
-672
-693
-777
-846
-911
-1008
-1006
-1068
-1101
-1121
-1180
-1201
-1230
-1264
-1297
-1326
-1345
-1354
-1346
-1358
-1342
-1321
-1316
-1296
-1220
-1156
-1092
-1013
-945
-870
-827
-762
-705
-651
-606
-559
-521
-467
-366
-327
-238
-131
-48
17
120
181
238
331
353
413
456
495
545
547
576
621
654
726
790
845
883
946
963
1009
1030
1024
991
1016
1032
1016
1043
1019
978
924
891
862
805
755
706
671
640
608
606
569
562
502
492
426
390
370
273
230
199
150
133
110
56
75
50
27
46
19
-19
-96
-157
-197
-266
-315
-346
-375
-439
-464
-447
-442
-448
-410
-432
-443
-421
-484
-475
-541
-557
-569
-586
-563
-561
-522
-514
-501
-491
-451
-427
-440
-430
-430
-462
-428
-463
-463
-471
-477
-486
-504
-485
-494
-444
-382
-374
-387
-335
-300
-274
-218
-244
-227
-230
-261
-266
-293
-309
-350
-315
-327
-314
-328
-308
-295
-312
-267
-233
-230
-166
-122
-70
-11
44
118
159
202
204
203
202
230
214
228
231
242
287
328
354
370
436
443
452
469
505
536
525
550
564
569
600
628
652
673
681
715
717
740
778
814
856
904
907
923
952
927
981
958
948
951
905
897
848
800
737
701
657
601
583
504
486
397
324
255
158
114
79
37
11
-29
-45
-53
-69
-73
-140
-158
-177
-222
-273
-325
-375
-414
-477
-510
-567
-638
-672
-711
-713
-728
-730
-747
-775
-815
-800
-798
-829
-810
-845
-825
-840
-881
-857
-858
-825
-798
-779
-741
-669
-650
-647
-605
-613
-624
-583
-565
-515
-429
-434
-413
-406
-394
-341
-300
-264
-249
-216
-212
-179
-177
-174
-145
-143
-156
-148
-137
-158
-135
-143
-127
-97
-86
-39
-19
8
52
83
102
174
202
221
276
289
306
338
322
374
389
387
408
435
445
429
456
397
383
403
389
401
408
406
421
422
397
429
385
365
358
290
242
230
208
181
193
194
200
204
220
225
221
225
234
260
278
313
346
316
300
249
272
275
269
290
218
260
224
205
190
165
167
117
134
118
105
79
50
20
-17
4
-34
-21
-13
33
42
28
47
32
21
18
-27
-58
-50
-115
-155
-184
-249
-280
-331
-354
-370
-384
-370
-402
-378
-370
-371
-381
-381
-401
-376
-377
-367
-341
-370
-361
-326
-336
-340
-310
-301
-266
-177
-95
-42
76
136
158
197
219
222
229
243
253
253
249
250
270
283
304
326
327
355
360
397
427
420
429
456
432
409
406
361
335
265
216
192
178
203
185
191
147
129
109
53
36
-10
-23
-34
-59
-65
-52
-108
-173
-180
-231
-247
-269
-328
-333
-381
-425
-451
-499
-522
-550
-533
-502
-529
-489
-483
-466
-461
-431
-385
-395
-404
-412
-421
-442
-447
-489
-481
-459
-430
-410
-353
-369
-336
-308
-319
-272
-255
-214
-182
-174
-138
-153
-158
-199
-217
-215
-205
-214
-208
-191
-202
-164
-147
-146
-103
-30
-16
39
83
128
184
207
275
319
377
439
501
546
597
610
636
631
666
723
738
775
788
822
835
861
862
838
861
866
864
854
823
803
764
701
666
682
630
545
552
546
511
527
525
490
503
489
490
506
462
435
388
348
283
237
180
79
-14
-83
-179
-238
-287
-336
-400
-447
-510
-538
-567
-611
-600
-642
-618
-664
-678
-698
-726
-740
-810
-824
-859
-907
-875
-905
-941
-932
-928
-894
-895
-880
-853
-796
-760
-702
-672
-637
-617
-620
-607
-601
-575
-572
-541
-519
-493
-449
-403
-370
-319
-282
-246
-156
-146
-78
-14
-17
66
114
176
218
261
299
323
367
396
442
444
472
472
433
419
380
378
399
390
416
456
458
477
495
472
411
378
371
327
310
309
288
244
237
217
179
228
194
209
245
250
235
246
332
297
323
338
331
340
303
292
270
268
241
252
278
281
274
272
249
218
196
187
169
191
221
237
234
194
208
185
171
146
131
158
154
129
137
162
159
123
109
54
38
37
23
46
25
21
44
5
-1
-12
-75
-127
-170
-223
-236
-260
-275
-313
-307
-328
-349
-385
-450
-487
-510
-508
-515
-512
-481
-448
-447
-449
-438
-406
-422
-412
-430
-398
-404
-413
-396
-408
-433
-455
-447
-446
-456
-416
-406
-355
-308
-293
-232
-185
-150
-112
-75
-47
13
78
124
164
241
282
316
345
370
392
436
445
492
504
519
541
528
572
610
623
650
702
732
732
739
714
678
647
600
561
483
505
430
368
381
278
266
231
185
159
84
76
14
-36
-79
-125
-169
-212
-214
-279
-308
-353
-401
-426
-465
-510
-542
-563
-600
-598
-576
-578
-538
-532
-546
-562
-589
-566
-591
-556
-525
-458
-428
-408
-382
-394
-354
-381
-366
-364
-377
-353
-364
-340
-329
-294
-261
-263
-216
-196
-136
-116
-56
-9
9
79
109
153
193
227
228
273
279
298
317
319
322
329
359
358
372
360
379
369
361
349
336
340
312
283
275
262
265
247
257
222
218
257
195
213
176
119
92
52
45
66
80
146
143
194
220
171
193
173
151
126
82
89
59
64
95
63
56
56
31
-16
8
-15
-21
-6
-51
-62
-62
-74
-91
-108
-95
-123
-98
-63
-77
-43
-51
-36
-42
-18
-23
-5
61
32
53
43
19
56
68
47
61
75
72
58
47
65
35
-5
-3
-44
-87
-113
-127
-203
-223
-260
-264
-275
-295
-323
-374
-346
-386
-418
-411
-460
-467
-462
-450
-435
-390
-356
-313
-275
-240
-205
-175
-150
-140
-117
-56
-49
-48
-10
-25
-24
-24
-2
36
69
129
141
159
187
180
206
192
222
215
203
250
233
230
218
200
227
262
262
266
274
284
273
306
306
333
353
338
354
358
386
405
402
414
409
421
443
450
481
465
465
450
437
430
427
389
384
372
353
390
400
388
402
357
322
277
239
197
118
95
35
-43
-121
-148
-220
-264
-271
-322
-327
-372
-382
-397
-495
-559
-573
-638
-679
-689
-777
-777
-795
-831
-814
-801
-770
-756
-709
-691
-654
-599
-550
-530
-515
-421
-389
-345
-309
-267
-244
-216
-188
-175
-154
-128
-90
-81
-84
-70
-57
-44
10
45
80
143
150
173
233
211
246
242
250
245
252
236
200
207
201
216
245
266
266
240
236
237
205
262
263
273
287
299
304
236
211
175
127
105
109
88
128
144
135
129
135
128
118
162
102
124
140
152
154
127
145
86
49
25
-15
-30
-44
-70
-57
-74
-30
-17
-12
-20
-18
-23
-47
-20
-17
-16
26
27
36
7
41
48
6
33
-10
-7
-17
-25
-33
-7
-18
6
60
61
72
63
107
97
109
96
84
90
72
40
9
-34
-65
-55
-115
-109
-119
-138
-148
-152
-158
-151
-164
-127
-161
-147
-116
-160
-154
-178
-190
-206
-204
-232
-233
-234
-239
-222
-224
-215
-230
-222
-178
-192
-176
-162
-175
-173
-187
-162
-167
-138
-123
-152
-191
-137
-143
-171
-162
-159
-149
-85
-47
-9
66
55
141
177
210
251
273
278
287
344
328
317
330
292
292
301
298
293
259
257
277
285
274
288
322
341
365
354
357
347
327
294
243
195
177
159
138
143
168
173
169
185
170
153
117
117
106
104
102
106
108
77
67
6
-24
-86
-147
-199
-262
-298
-330
-330
-338
-311
-334
-319
-269
-295
-278
-266
-247
-221
-205
-179
-127
-127
-117
-105
-127
-157
-170
-180
-206
-190
-174
-147
-130
-82
-25
14
88
163
171
175
199
198
213
188
192
200
139
151
116
82
108
71
71
53
67
82
80
125
111
118
157
167
173
174
134
78
68
-27
-78
-151
-224
-240
-282
-257
-255
-244
-252
-250
-234
-211
-198
-166
-132
-150
-159
-171
-203
-228
-226
-295
-325
-326
-325
-352
-314
-325
-357
-332
-336
-318
-295
-245
-219
-175
-136
-124
-90
-33
-35
-59
-38
-39
-59
-51
-56
-65
-44
-32
-26
-23
-40
-37
-6
48
77
124
160
235
281
293
354
340
342
331
323
288
297
291
241
260
275
249
290
307
299
343
355
390
384
400
422
432
451
425
403
385
348
316
243
230
224
152
162
166
152
155
174
159
169
190
165
161
160
143
115
49
0
-1
-54
-89
-121
-177
-205
-231
-275
-261
-277
-298
-286
-292
-241
-200
-193
-177
-152
-104
-108
-68
-37
-34
6
3
-7
2
26
25
8
6
18
-2
55
48
68
68
50
47
5
26
4
-9
-34
-51
-65
-83
-71
-147
-207
-241
-282
-320
-337
-383
-403
-399
-398
-369
-309
-265
-249
-221
-195
-184
-176
-211
-210
-257
-294
-283
-314
-321
-341
-351
-320
-298
-303
-241
-239
-215
-184
-173
-140
-143
-146
-143
-150
-176
-159
-155
-132
-95
-96
-72
-23
-4
39
65
88
134
143
111
133
122
99
124
