SAMPLES:	14753
BITSPERSAMPLE:	16
CHANNELS:	1
SAMPLERATE:	16000
NORMALIZED:	FALSE
395
418
428
456
458
464
503
502
479
514
487
448
455
437
429
432
390
359
353
301
277
239
168
167
81
61
20
15
1
-28
-30
-134
-122
-168
-207
-201
-275
-300
-346
-406
-413
-434
-445
-432
-469
-487
-500
-495
-478
-517
-494
-520
-523
-543
-565
-547
-544
-538
-580
-552
-576
-568
-519
-531
-507
-481
-435
-432
-399
-355
-357
-319
-261
-263
-251
-206
-205
-161
-126
-96
-66
-15
34
55
103
118
152
155
222
223
265
321
357
390
413
451
460
491
524
509
504
524
511
466
460
480
462
488
473
533
506
496
530
488
484
469
431
398
376
358
290
279
277
206
221
150
182
186
146
162
113
103
68
75
28
-41
-34
-76
-90
-76
-104
-75
-92
-109
-105
-123
-60
-82
-116
-112
-179
-141
-177
-189
-181
-194
-187
-193
-150
-201
-158
-169
-190
-186
-194
-198
-179
-157
-141
-125
-154
-128
-120
-122
-105
-104
-118
-120
-120
-120
-98
-94
-136
-90
-125
-155
-128
-199
-225
-213
-250
-232
-248
-248
-241
-236
-219
-218
-196
-225
-152
-161
-149
-134
-174
-173
-195
-147
-160
-170
-154
-152
-150
-159
-152
-123
-122
-100
-104
-96
-97
-76
-47
-91
-79
-91
-94
-88
-90
-89
-77
-71
-64
-38
-42
-18
-22
-25
-4
12
59
73
112
113
150
191
205
240
226
236
229
234
260
311
309
309
320
297
329
345
315
349
346
325
346
343
321
310
272
291
268
250
238
200
189
127
92
87
32
50
-9
-37
-51
-52
-18
-60
-40
-65
-51
-48
-52
-47
-82
-91
-150
-123
-132
-122
-130
-169
-152
-179
-180
-124
-140
-132
-96
-103
-91
-105
-115
-132
-116
-138
-117
-119
-112
-118
-72
-70
-88
-61
-58
-12
-19
27
31
43
69
103
128
105
160
144
162
169
152
144
191
168
177
186
194
194
206
207
228
227
184
219
194
201
153
177
128
124
108
65
53
21
23
0
-28
-33
-25
-43
-41
-72
-109
-127
-166
-158
-200
-210
-202
-200
-224
-203
-204
-211
-168
-214
-206
-208
-209
-226
-223
-239
-241
-222
-261
-239
-234
-247
-221
-237
-230
-206
-177
-173
-147
-163
-161
-161
-147
-121
-131
-105
-89
-77
-46
-37
-38
-33
-35
-26
3
-5
11
27
13
65
52
87
102
107
122
131
156
162
181
189
169
191
201
190
203
168
183
153
165
172
140
163
144
136
145
159
153
157
161
173
136
128
126
107
132
101
112
71
56
45
19
37
8
34
41
59
55
65
109
82
103
77
35
78
57
51
99
76
64
76
85
111
146
135
163
172
173
197
189
155
125
104
76
101
103
119
103
114
141
138
113
81
81
51
11
36
-50
-17
-14
-74
-50
-91
-81
-54
-62
-63
-56
-59
-67
-94
-80
-79
-100
-108
-141
-146
-150
-165
-174
-212
-196
-210
-236
-258
-251
-230
-242
-236
-237
-270
-288
-291
-299
-308
-291
-291
-307
-318
-304
-318
-289
-318
-327
-305
-290
-281
-246
-249
-251
-231
-242
-230
-216
-197
-198
-203
-199
-201
-198
-174
-168
-157
-141
-117
-128
-103
-69
-95
-34
-22
-7
-11
10
37
43
43
26
63
64
90
151
181
224
267
266
298
310
312
344
349
387
396
423
410
405
433
437
417
448
418
411
435
419
461
445
431
419
411
401
355
331
291
284
251
232
187
184
187
169
147
129
140
96
82
12
-17
-33
-65
-79
-146
-147
-125
-171
-182
-197
-211
-203
-204
-261
-240
-253
-256
-269
-300
-260
-282
-257
-276
-269
-299
-267
-255
-258
-237
-253
-257
-257
-245
-249
-225
-229
-180
-173
-182
-162
-164
-140
-186
-193
-158
-157
-137
-76
-63
-10
7
22
37
41
57
53
79
49
53
60
84
68
132
126
127
157
135
140
117
117
103
138
132
145
151
143
165
143
148
126
110
104
101
103
85
84
78
83
59
53
26
49
43
24
49
31
39
54
27
14
17
-4
18
13
-36
0
-33
-32
-1
-24
-24
-37
-22
-29
6
-16
5
6
-20
23
46
52
55
61
59
74
101
123
158
142
119
130
93
122
155
90
97
144
149
209
233
199
243
199
181
188
142
143
111
62
50
38
12
-22
-36
-72
-113
-124
-137
-106
-135
-139
-164
-186
-186
-198
-211
-267
-279
-269
-288
-260
-259
-279
-269
-281
-274
-271
-240
-224
-219
-208
-161
-160
-143
-120
-133
-86
-88
-81
-55
-78
-44
-41
-35
-55
-104
-54
-69
-63
0
-20
-4
-5
18
5
18
66
58
78
62
67
82
102
160
155
167
167
217
235
259
249
207
220
183
194
192
166
148
178
161
125
157
161
130
155
131
94
97
83
50
8
-33
-86
-116
-124
-163
-188
-198
-201
-237
-274
-260
-277
-257
-273
-270
-261
-269
-291
-315
-315
-355
-344
-348
-370
-308
-311
-276
-221
-227
-184
-185
-151
-138
-134
-93
-107
-93
-43
-29
-27
-33
-31
8
22
48
34
45
71
81
99
79
153
145
173
189
204
241
252
285
279
271
309
330
374
399
375
382
358
388
374
370
381
350
343
360
323
356
349
307
345
322
328
320
320
304
278
284
201
196
133
121
78
47
47
0
-43
-16
-40
-42
-19
-72
-74
-105
-97
-121
-104
-121
-135
-134
-142
-160
-157
-170
-195
-221
-229
-190
-221
-198
-172
-159
-180
-187
-142
-153
-112
-115
-103
-123
-92
-98
-119
-102
-129
-126
-83
-68
-77
-49
-69
-45
-62
-71
-103
-68
-109
-90
-75
-93
-64
-66
-58
-74
-91
-98
-75
-109
-83
-124
-128
-105
-112
-113
-107
-144
-135
-132
-142
-133
-162
-134
-143
-177
-146
-171
-150
-114
-98
-78
-83
-44
-30
-43
-53
-45
-53
-35
-27
-48
-44
-24
-31
-52
-43
-46
-40
-32
-5
-8
23
56
86
72
71
119
88
98
99
82
71
82
81
73
66
88
103
138
163
148
182
194
226
198
222
273
246
295
341
310
355
384
313
315
345
303
288
324
298
354
368
318
330
327
336
318
320
321
258
250
245
201
199
140
102
101
85
67
92
45
72
28
-30
-41
-106
-92
-151
-168
-181
-195
-205
-248
-239
-254
-281
-269
-327
-334
-314
-354
-388
-389
-394
-424
-426
-446
-455
-447
-446
-441
-447
-408
-416
-403
-421
-419
-397
-429
-409
-400
-410
-422
-392
-392
-396
-397
-399
-397
-376
-366
-362
-358
-320
-306
-286
-246
-233
-214
-211
-192
-184
-161
-160
-127
-102
-89
-83
-26
-10
34
63
90
145
180
236
243
309
357
344
368
431
422
467
464
482
492
507
549
569
595
604
632
605
654
641
648
671
635
601
587
585
561
587
572
581
570
521
536
541
488
462
439
396
360
351
334
288
273
214
202
155
132
123
82
88
38
18
-4
-30
-48
-81
-85
-88
-133
-137
-161
-183
-209
-190
-229
-223
-237
-283
-267
-291
-305
-312
-314
-329
-353
-333
-383
-393
-396
-422
-427
-411
-426
-432
-392
-410
-401
-398
-396
-394
-384
-393
-375
-387
-409
-405
-369
-346
-352
-318
-361
-293
-293
-267
-218
-175
-133
-145
-106
-97
-75
-49
-58
-47
-45
-67
-27
5
16
67
23
55
64
69
112
105
99
134
145
157
178
190
208
154
187
198
186
177
151
136
111
128
83
113
110
115
118
109
138
115
116
84
106
90
74
107
77
120
82
60
45
41
68
30
16
4
1
1
-7
-50
-68
-43
-77
-53
-60
-73
-66
-100
-81
-75
-114
-111
-110
-112
-93
-97
-94
-81
-95
-110
-131
-125
-121
-123
-113
-118
-92
-79
-49
-49
-49
-42
-53
-61
-61
-53
-20
-48
-25
-4
-8
13
-6
41
28
60
40
47
63
57
69
72
128
125
125
153
133
123
138
98
117
96
89
126
111
134
143
156
148
151
159
183
203
211
213
207
222
252
245
284
282
256
266
260
273
268
279
261
259
246
241
256
235
209
192
164
168
158
158
152
98
80
72
91
43
62
66
40
20
5
3
-38
-65
-96
-98
-104
-92
-114
-102
-116
-100
-121
-127
-117
-126
-131
-151
-138
-169
-135
-165
-169
-197
-224
-203
-213
-197
-213
-186
-200
-217
-204
-209
-228
-221
-244
-252
-246
-256
-220
-222
-242
-238
-237
-250
-267
-258
-304
-324
-307
-305
-278
-296
-253
-262
-240
-224
-226
-206
-214
-184
-216
-212
-163
-175
-156
-165
-187
-161
-130
-164
-136
-103
-141
-129
-87
-114
-110
-103
-98
-74
-75
-68
-45
-30
-28
-10
-7
17
2
31
71
96
135
153
178
227
281
302
340
335
358
391
411
431
441
420
437
444
428
451
462
490
504
520
518
551
581
587
592
578
573
559
564
543
515
508
480
470
424
424
396
408
382
343
351
314
314
266
221
193
165
151
123
88
57
16
-25
-50
-106
-170
-222
-250
-289
-358
-348
-422
-474
-431
-476
-488
-509
-497
-531
-533
-511
-552
-561
-598
-633
-661
-693
-709
-701
-719
-707
-704
-696
-676
-673
-643
-639
-605
-575
-565
-535
-537
-522
-519
-496
-509
-499
-466
-448
-365
-351
-301
-261
-207
-145
-119
-42
26
72
82
140
210
246
269
340
333
338
383
395
412
451
455
456
488
510
510
522
532
498
519
503
484
460
485
472
451
452
443
454
467
459
456
480
454
448
437
357
382
363
334
323
302
335
307
288
293
268
256
245
208
198
174
155
132
121
55
-1
20
-37
-51
-61
-97
-106
-118
-123
-114
-115
-101
-132
-141
-147
-179
-177
-192
-210
-227
-241
-242
-198
-239
-231
-256
-262
-257
-283
-261
-283
-263
-282
-253
-284
-307
-279
-296
-258
-248
-259
-244
-261
-279
-278
-277
-306
-282
-284
-291
-262
-252
-252
-252
-216
-252
-225
-192
-222
-160
-168
-187
-146
-163
-161
-141
-132
-115
-68
-44
-51
-21
-7
-13
22
33
32
71
79
101
145
176
181
172
186
192
208
208
200
198
209
200
206
233
210
212
208
222
223
221
251
247
238
282
277
291
315
302
295
288
277
301
270
249
265
235
243
250
244
259
223
218
206
173
170
143
155
127
98
89
71
57
30
8
-19
-43
-69
-80
-100
-158
-127
-156
-170
-194
-210
-231
-235
-261
-246
-302
-291
-260
-289
-297
-321
-324
-339
-312
-292
-319
-313
-271
-275
-245
-242
-227
-219
-186
-209
-219
-185
-229
-184
-155
-162
-110
-112
-67
-26
-18
12
15
55
65
60
87
71
86
92
111
129
154
180
178
193
223
229
219
243
230
205
234
197
186
213
177
147
174
183
190
197
172
169
182
191
198
157
176
191
185
181
155
147
115
143
131
120
128
117
123
107
113
94
106
123
103
98
75
91
99
54
47
5
-10
2
-6
-16
-12
-13
-4
-71
-87
-99
-103
-121
-115
-142
-119
-85
-117
-94
-116
-120
-117
-123
-136
-121
-134
-125
-150
-138
-143
-164
-172
-169
-185
-203
-209
-226
-221
-254
-267
-282
-310
-347
-347
-381
-399
-427
-412
-431
-406
-430
-413
-387
-385
-372
-330
-322
-305
-263
-271
-245
-239
-196
-204
-200
-154
-174
-152
-98
-91
-65
-36
-28
-21
-1
17
38
111
111
154
213
213
264
268
314
334
339
386
400
436
466
431
433
463
439
442
470
497
508
528
550
539
525
550
533
524
512
517
489
498
453
430
410
366
328
328
300
211
238
187
186
173
134
132
84
51
20
-24
-96
-98
-97
-115
-152
-183
-181
-239
-282
-337
-374
-415
-430
-459
-465
-487
-511
-513
-547
-540
-559
-545
-542
-541
-576
-532
-551
-545
-548
-578
-550
-571
-516
-538
-474
-468
-444
-422
-408
-355
-299
-271
-235
-157
-150
-89
-39
-40
35
92
116
144
130
171
227
234
256
253
263
330
314
412
389
390
451
428
457
446
417
408
418
423
425
444
443
413
446
421
407
395
338
354
348
308
348
278
310
310
291
322
270
309
318
324
323
294
256
249
211
189
167
132
121
133
152
143
133
168
136
163
180
166
172
186
162
154
161
136
128
114
92
37
41
32
-31
-48
-46
-95
-103
-113
-130
-142
-174
-176
-195
-223
-234
-229
-263
-268
-303
-304
-310
-326
-345
-369
-385
-384
-413
-416
-437
-437
-423
-462
-447
-456
-475
-491
-504
-477
-472
-454
-430
-453
-428
-450
-468
-471
-476
-479
-492
-448
-473
-448
-473
-424
-382
-393
-336
-343
-324
-311
-262
-280
-272
-225
-235
-202
-191
-178
-151
-131
-118
-80
-67
-68
-9
-14
0
50
80
82
132
145
181
263
258
320
316
328
387
374
421
423
442
502
478
484
496
510
516
532
548
549
549
556
538
545
541
542
502
511
529
491
487
444
449
409
383
371
347
355
313
283
243
221
209
179
154
127
117
88
78
62
47
26
7
-36
-23
-66
-66
-103
-128
-126
-188
-162
-173
-185
-193
-167
-155
-144
-177
-170
-154
-178
-162
-166
-143
-165
-167
-181
-172
-180
-196
-159
-210
-193
-178
-193
-179
-203
-227
-232
-231
-240
-217
-229
-200
-187
-193
-165
-187
-171
-196
-203
-202
-204
-207
-201
-175
-197
-157
-144
-137
-126
-108
-95
-81
-54
-21
14
10
21
70
82
98
110
120
120
117
145
127
156
157
109
132
122
171
144
193
229
213
238
210
241
226
213
202
169
168
155
156
174
139
163
106
108
133
75
64
58
59
42
93
57
51
82
41
56
21
21
22
-6
-32
-30
-55
-74
-77
-121
-124
-138
-140
-115
-156
-177
-172
-166
-158
-190
-209
-230
-214
-230
-280
-279
-304
-314
-314
-347
-373
-362
-403
-398
-410
-425
-381
-354
-353
-327
-325
-306
-262
-246
-219
-159
-146
-146
-77
-85
-47
-18
-29
15
39
42
87
112
126
192
249
241
313
321
329
370
346
367
373
350
381
415
420
429
456
468
442
504
489
515
529
510
513
532
526
543
535
514
512
492
514
502
481
451
401
367
318
275
271
177
165
157
105
100
68
13
-9
-45
-54
-86
-111
-123
-179
-198
-232
-248
-285
-278
-311
-317
-331
-344
-347
-378
-382
-398
-415
-461
-432
-450
-421
-433
-451
-446
-443
-425
-438
-427
-469
-436
-422
-386
-373
-408
-382
-393
-345
-355
-323
-316
-312
-262
-250
-282
-240
-252
-236
-237
-240
-215
-218
-146
-166
-152
-94
-108
-63
-47
-47
-37
-19
-38
1
8
1
34
34
64
77
79
60
65
46
88
77
60
46
13
4
0
13
-11
11
4
25
21
31
42
25
20
63
54
87
97
67
127
95
129
151
166
186
235
221
263
278
312
322
315
340
330
406
375
377
402
409
376
373
373
380
394
378
405
407
475
472
481
505
506
518
498
501
479
506
466
466
459
432
428
362
331
340
345
330
315
270
241
223
200
162
124
42
30
-24
-66
-94
-152
-202
-225
-256
-260
-243
-258
-288
-290
-307
-312
-345
-361
-380
-394
-390
-416
-403
-437
-432
-424
-449
-456
-442
-449
-432
-463
-459
-474
-472
-440
-452
-413
-451
-426
-388
-399
-333
-370
-337
-305
-321
-275
-310
-295
-268
-258
-260
-250
-232
-221
-178
-211
-178
-155
-158
-112
-84
-57
2
18
54
99
88
117
127
126
135
161
128
149
127
89
99
81
103
122
99
98
107
93
59
37
30
39
16
37
29
-5
-7
-64
-81
-95
-105
-120
-94
-113
-81
-65
-116
-89
-104
-66
-57
-61
-27
-34
-29
19
1
9
38
9
40
55
65
77
70
91
118
120
148
150
167
193
217
220
221
253
240
243
264
252
263
251
257
260
242
245
221
225
207
176
199
180
162
193
167
143
152
124
117
140
124
127
92
88
75
59
68
39
49
51
45
45
35
42
23
8
28
4
29
25
26
55
28
36
51
34
22
28
22
-23
-15
-39
-58
-63
-87
-80
-90
-70
-81
-72
-38
-21
-23
-23
0
7
43
-9
-2
38
29
42
23
50
59
58
117
143
146
178
191
206
217
214
209
206
222
189
198
193
201
220
187
195
155
153
127
90
65
10
-28
-30
-70
-100
-89
-106
-104
-82
-120
-81
-80
-136
-106
-121
-130
-107
-137
-126
-136
-147
-129
-175
-194
-217
-204
-209
-244
-226
-231
-237
-192
-165
-200
-158
-207
-222
-209
-221
-242
-275
-260
-301
-327
-289
-301
-335
-310
-299
-307
-256
-245
-245
-207
-224
-205
-220
-185
-136
-133
-119
-93
-94
-55
-32
-9
23
-9
49
44
50
51
25
38
30
61
57
16
88
20
27
55
38
53
58
77
43
24
48
35
-5
2
-23
-21
-45
-59
-67
-80
-93
-102
-92
-145
-111
-110
-108
-102
-77
-62
-70
-75
-59
-59
-69
-58
-62
-81
-33
-59
-77
-23
-41
-54
-8
-10
-17
26
42
44
75
82
66
72
107
145
148
176
167
178
186
234
245
233
238
273
283
302
333
309
309
325
322
305
303
288
289
269
261
244
262
294
261
248
268
191
261
248
210
215
184
207
196
195
178
147
131
135
125
124
141
149
110
63
119
89
69
62
37
7
5
11
-24
-27
-9
-50
-58
-61
-111
-68
-85
-97
-98
-72
-112
-99
-106
-110
-97
-138
-129
-151
-145
-125
-145
-133
-133
-122
-99
-115
-125
-145
-152
-185
-216
-206
-239
-224
-200
-256
-228
-225
-241
-227
-251
-264
-277
-290
-256
-274
-291
-265
-283
-269
-274
-238
-220
-228
-207
-181
-160
-158
-138
-155
-131
-135
-126
-110
-80
-79
-45
-47
-20
14
22
32
40
57
86
86
98
142
93
156
163
145
153
190
195
206
213
214
239
209
227
195
184
198
205
204
202
202
189
203
192
183
186
153
173
200
168
184
187
184
161
140
159
117
121
135
117
105
114
85
78
37
7
19
0
6
10
32
38
22
6
-43
-70
-76
-121
-112
-114
-87
-81
-59
-55
-68
-51
-58
-70
-37
-18
-22
19
3
8
16
13
4
15
44
55
71
115
86
66
78
90
68
84
68
78
103
74
92
78
59
80
89
87
78
112
70
81
72
54
37
57
85
25
80
67
78
90
97
112
67
36
62
15
54
54
26
27
18
9
13
-14
-53
-49
-153
-142
-154
-176
-203
-195
-218
-258
-226
-273
-267
-306
-345
-406
-430
-435
-444
-456
-428
-454
-444
-390
-426
-370
-419
-393
-342
-357
-345
-324
-324
-282
-283
-237
-208
-201
-165
-162
-125
-103
-80
-89
-59
-81
-67
-34
-10
12
-7
17
28
26
22
12
1
-16
-1
6
13
29
10
21
5
7
-19
-3
-27
-4
-18
-28
-18
-52
-51
-66
-47
-41
-53
-8
-2
-21
10
4
22
59
66
91
95
132
138
106
126
143
156
161
171
183
181
203
217
226
212
218
251
248
253
257
248
271
292
276
294
282
277
271
281
317
304
291
293
314
311
321
346
330
334
337
322
322
315
318
306
316
337
345
343
323
328
286
285
293
283
318
284
266
234
257
212
194
221
208
227
191
203
195
169
137
108
59
36
44
3
-22
-60
-99
-151
-165
-164
-182
-190
-210
-229
-244
-258
-276
-299
-335
-339
-344
-327
-332
-360
-341
-375
-371
-369
-350
-323
-354
-365
-363
-334
-342
-334
-325
-319
-323
-318
-267
-243
-209
-213
-209
-216
-198
-160
-221
-170
-173
-180
-169
-185
-175
-192
-173
-150
-122
-119
-87
-78
-80
-87
-76
-98
-121
-106
-101
-90
-96
-80
-94
-93
-86
-120
-83
-81
-106
-88
-88
-114
-83
-116
-111
-97
-94
-67
-88
-72
-35
-36
-55
-62
-34
-14
-20
-8
59
68
45
110
93
182
194
239
329
366
401
439
468
433
429
331
345
242
202
149
173
148
129
195
233
313
350
397
494
587
496
579
582
530
565
545
614
713
726
775
918
956
989
1070
1091
1107
1081
1073
1054
979
928
829
728
575
370
155
-5
-271
-579
-865
-1242
-1551
-1883
-2084
-2297
-2385
-2461
-2458
-2351
-2224
-2084
-2007
-1898
-1755
-1636
-1527
-1307
-1193
-1082
-911
-738
-515
-322
-94
172
477
762
1004
1289
1498
1679
1798
1854
1905
1845
1688
1527
1263
924
633
356
101
-127
-311
-512
-571
-676
-794
-836
-954
-1018
-1132
-1268
-1446
-1620
-1813
-1944
-1902
-1829
-1623
-1291
-891
-355
317
976
1684
2342
3000
3635
4185
4642
4928
5061
5039
4917
4708
4374
3999
3600
3140
2611
2121
1661
1107
425
-419
-1280
-2156
-3104
-4028
-4845
-5584
-6220
-6635
-6730
-6587
-6426
-6086
-5598
-5006
-4446
-3876
-3272
-2753
-2324
-1992
-1497
-1028
-637
-250
242
734
1284
1742
2280
2768
3082
3449
3696
4000
4088
4014
3888
3674
3379
2993
2599
2177
1777
1343
1057
807
636
466
271
251
202
72
-42
-158
-363
-547
-704
-847
-943
-1034
-1247
-1294
-1265
-1395
-1340
-1314
-1199
-1039
-989
-648
-226
93
527
1078
1709
2271
2807
3351
3859
4204
4346
4521
4522
4326
4068
3677
3373
2926
2559
2263
2099
2041
1977
2118
2225
2094
1687
1293
706
-33
-1187
-2459
-3677
-5026
-6266
-7271
-7845
-8212
-8357
-7989
-7375
-6385
-5486
-4611
-3700
-2998
-2489
-1999
-1600
-1431
-1379
-1258
-929
-505
-137
309
996
1785
2606
3322
4203
4834
5205
5411
5657
5769
5543
5087
4594
4010
3340
2601
1879
1248
589
-7
-552
-829
-1140
-1463
-1673
-1862
-2024
-2080
-2228
-2320
-2396
-2474
-2605
-2711
-2704
-2831
-3055
-3210
-3273
-3353
-3533
-3488
-3323
-3098
-2674
-2105
-1358
-539
324
1292
2363
3257
4077
4774
5434
5774
5760
5761
5521
5110
4634
4257
3877
3546
3204
3069
3165
3192
3341
3429
3587
3493
3160
2537
1869
914
-234
-1687
-3189
-4568
-5964
-7049
-7860
-8323
-8570
-8497
-7957
-6998
-6005
-5009
-4110
-3331
-2636
-2179
-1669
-1414
-1201
-1089
-828
-389
111
670
1276
2078
2911
3870
4693
5464
6139
6641
6931
7136
7255
7065
6574
6112
5495
4753
3898
2897
1956
985
-11
-855
-1524
-2277
-3009
-3592
-3919
-4159
-4408
-4625
-4713
-4757
-4800
-4819
-4796
-4823
-4939
-5138
-5243
-5258
-5314
-5349
-5182
-4789
-4356
-3741
-2758
-1655
-446
694
1914
3300
4449
5374
6124
6791
7194
7229
7003
6682
6035
5331
4643
4059
3520
3144
2920
2850
3056
3107
3346
3438
3500
3224
2861
2319
1352
261
-948
-2235
-3703
-5109
-6315
-7420
-8230
-8638
-8723
-8476
-7904
-7020
-5853
-4532
-3552
-2592
-1660
-1043
-685
-328
-59
-43
-20
140
520
1007
1518
2147
3011
3944
4732
5592
6342
6904
7149
7315
7306
7178
6674
5961
5146
4029
2992
1843
718
-428
-1476
-2386
-3279
-3794
-4240
-4609
-4816
-4868
-4754
-4561
-4293
-4164
-4007
-3973
-3988
-4067
-4164
-4363
-4512
-4518
-4441
-4159
-3822
-3327
-2777
-1975
-1014
75
1311
2442
3667
4791
5813
6709
7390
7839
8005
7871
7551
7037
6288
5461
4541
3693
2835
2056
1540
1314
1215
1298
1394
1573
1715
1644
1489
1022
336
-649
-1810
-2969
-4205
-5535
-6807
-7977
-8882
-9472
-9790
-9553
-9034
-8462
-7491
-6277
-4911
-3632
-2581
-1675
-831
-233
35
330
469
396
366
430
765
1226
1736
2399
3270
4116
4983
5817
6514
7024
7197
7126
6884
6401
5485
4393
3152
1851
508
-842
-1973
-2885
-3705
-4156
-4261
-4112
-3886
-3531
-3144
-2606
-2072
-1582
-1299
-1094
-1062
-1200
-1253
-1557
-1811
-2030
-2328
-2479
-2328
-2082
-1864
-1398
-625
199
1137
2138
3211
4240
5156
5954
6811
7390
7588
7634
7357
6853
6089
5170
4149
3027
2073
1241
820
574
459
703
1196
1635
2039
2319
2444
2229
1819
1071
139
-1097
-2485
-3829
-5096
-6266
-7442
-8255
-8783
-9173
-9259
-8815
-8295
-7610
-6760
-5831
-4765
-3957
-3251
-2711
-2404
-2161
-2110
-1985
-1728
-1496
-1182
-486
408
1411
2534
3695
4760
5859
6820
7657
8192
8418
8408
8110
7712
7076
6208
5132
4094
3012
1929
901
-237
-1161
-1996
-2748
-3242
-3638
-3815
-4067
-4168
-4223
-4185
-4138
-4211
-4271
-4396
-4464
-4507
-4601
-4623
-4578
-4532
-4263
-3810
-3404
-2873
-2147
-1270
-233
853
2034
3289
4530
5594
6713
7645
8392
8709
8857
8789
8400
7694
6777
5839
4820
3822
2921
2245
1946
1725
1673
1868
2020
2170
2121
1812
1298
423
-487
-1586
-2886
-4256
-5596
-6720
-7636
-8426
-9069
-9459
-9682
-9599
-9405
-8921
-8348
-7706
-7057
-6326
-5437
-4584
-3815
-3302
-2709
-2203
-1601
-1056
-479
262
878
1724
2651
3599
4514
5386
6083
6848
7547
7979
8339
8387
8374
8001
7459
6916
6070
4940
3711
2589
1430
185
-932
-1975
-2936
-3657
-4232
-4668
-4929
-5180
-5387
-5372
-5237
-5128
-5094
-5063
-5002
-4989
-5026
-4964
-4913
-4829
-4694
-4360
-3820
-3045
-2223
-1322
-167
1111
2332
3760
5130
6423
7573
8517
9428
10096
10379
10336
10112
9650
8991
8070
7231
6305
5284
4448
3674
3235
2906
2574
2410
2196
2020
1589
1067
322
-610
-1796
-2962
-4200
-5462
-6573
-7651
-8443
-8989
-9214
-9514
-9606
-9578
-9325
-9126
-8767
-8156
-7516
-6875
-6136
-5235
-4173
-3213
-2499
-1754
-1000
-262
312
915
1633
2196
2699
3346
4125
4809
5440
5998
6577
7136
7303
7392
7240
6706
5928
4930
3850
2457
1014
-615
-2221
-3546
-4878
-5910
-6824
-7423
-7770
-7794
-7653
-7438
-7025
-6715
-6179
-5642
-5168
-4851
-4644
-4494
-4301
-4016
-3773
-3314
-2723
-1998
-1146
-34
1089
2249
3433
4609
5826
6931
7993
9003
9806
10373
10799
11104
11248
11204
10816
10316
9632
8645
7647
6534
5425
4331
3133
2164
1356
651
61
-556
-973
-1331
-1579
-1937
-2456
-3158
-3869
-4651
-5515
-6229
-7038
-7574
-7917
-8168
-8206
-7931
-7557
-7252
-6717
-6088
-5310
-4516
-3804
-3070
-2373
-1765
-1222
-723
-182
206
512
780
1160
1425
1738
2189
2682
3187
3808
4365
4966
5511
5810
5975
5951
5760
5164
4371
3364
2264
966
-416
-1727
-3004
-4185
-5270
-6099
-6725
-7227
-7499
-7595
-7410
-7140
-6826
-6386
-6008
-5629
-5284
-5098
-4765
-4494
-4163
-3849
-3557
-2952
-2288
-1440
-645
331
1450
2503
3511
4617
5599
6448
7133
7806
8469
8861
9137
9279
9509
9312
9018
8833
8396
7751
6928
6086
5242
4261
3174
2123
1128
10
-1019
-1715
-2309
-2845
-3321
-3571
-3717
-3815
-4023
-4305
-4619
-5021
-5457
-5699
-5864
-5835
-5555
-5164
-4660
-4029
-3315
-2498
-1784
-1271
-617
-165
109
300
509
676
739
674
847
1107
1045
1045
1144
1380
1378
1540
1792
2159
2398
2500
2684
2755
2552
2215
1778
1282
659
-106
-827
-1718
-2667
-3533
-4374
-4957
-5511
-6093
-6441
-6586
-6629
-6585
-6383
-6146
-5699
-5334
-4926
-4299
-3766
-3315
-2867
-2360
-1885
-1401
-680
-50
562
1331
2140
2979
3724
4424
5049
5557
6074
6499
6839
6966
6984
7012
6902
6827
6583
6469
6340
6074
5812
5695
5442
4798
4205
3428
2474
1514
540
-380
-1365
-2208
-3074
-3574
-3974
-4179
-4222
-4175
-3852
-3563
-3194
-2918
-2750
-2684
-2649
-2386
-2155
-1922
-1591
-1127
-618
-148
349
857
1348
1569
1668
1700
1610
1245
896
590
212
-165
-446
-620
-621
-753
-750
-764
-752
-767
-696
-560
-514
-599
-645
-745
-988
-1236
-1513
-1864
-2147
-2534
-2816
-2960
-3272
-3515
-3751
-3821
-3890
-3873
-3876
-3708
-3710
-3562
-3416
-3246
-2980
-2791
-2323
-1828
-1312
-615
17
674
1277
1899
2525
3098
3545
3872
4152
4400
4587
4607
4719
4700
4628
4508
4481
4428
4180
3976
3810
3652
3643
3658
3700
3815
3775
3782
3821
3549
3167
2625
1836
1158
426
-392
-1326
-2129
-2908
-3609
-3931
-4110
-4010
-3945
-3639
-3066
-2530
-1965
-1582
-1346
-1321
-1072
-885
-760
-527
-318
18
262
551
945
1454
1566
1658
1543
1368
1141
714
290
-70
-379
-704
-867
-1053
-1111
-1371
-1519
-1637
-1700
-1768
-1808
-1755
-1794
-1790
-1782
-1734
-1680
-1679
-1704
-1786
-1874
-1953
-2058
-2245
-2385
-2568
-2721
-2889
-3025
-3048
-3213
-3336
-3263
-3112
-2963
-2750
-2487
-1986
-1416
-712
71
838
1587
2257
2833
3437
3920
4286
4558
4767
4947
4907
4963
4883
4790
4595
4491
4290
4204
4103
4044
3970
3918
3786
3549
3453
3267
3033
2795
2551
2181
1725
956
249
-562
-1295
-2077
-2824
-3559
-4255
-4776
-5173
-5067
-4831
-4522
-4061
-3575
-2751
-2011
-1549
-1256
-876
-677
-464
-167
214
681
1159
1806
2451
3064
3547
4090
4353
4385
3975
3438
2830
2072
1316
455
-200
-947
-1442
-1879
-2156
-2445
-2847
-3144
-3439
-3583
-3735
-3906
-4010
-4161
-4403
-4484
-4583
-4717
-4747
-4708
-4644
-4357
-4060
-3741
-3424
-3121
-2767
-2437
-2088
-1759
-1371
-1049
-729
-281
104
541
876
1451
2029
2680
3509
4242
4972
5572
6040
6441
6563
6486
6228
5869
5416
4877
4357
3935
3448
2977
2710
2376
2146
1825
1468
1244
863
544
200
-67
-274
-540
-617
-757
-883
-938
-1091
-1493
-1727
-1991
-2305
-2568
-2981
-3231
-3358
-3408
-3181
-2812
-2374
-1926
-1244
-551
98
391
705
1063
1261
1441
1554
1906
2249
2674
3062
3651
3908
4258
4276
4229
3930
3198
2393
1486
507
-656
-1632
-2485
-3286
-4072
-4750
-5143
-5505
-5904
-6288
-6561
-6697
-6848
-6814
-6793
-6702
-6630
-6406
-6068
-5606
-5319
-4748
-4252
-3678
-2976
-2450
-1774
-1207
-548
62
764
1398
1935
2469
2876
3319
3729
4052
4412
4785
5142
5519
5930
6265
6478
6587
6562
6358
6125
5738
5223
4620
4011
3409
2833
2310
1710
1178
773
389
51
-226
-433
-715
-790
-902
-905
-890
-851
-794
-621
-400
-241
55
269
211
164
74
-106
-266
-494
-695
-837
-787
-776
-517
-42
314
767
1302
1821
2103
2285
2396
2416
2254
2002
1889
1929
1935
1995
2043
2188
2286
2238
2154
1941
1514
765
-37
-1015
-2086
-3248
-4462
-5416
-6289
-7130
-7705
-7961
-8097
-8073
-7921
-7774
-7305
-6827
-6383
-5788
-5284
-4871
-4394
-3920
-3512
-3063
-2691
-2187
-1606
-882
-205
517
1255
2023
2689
3351
3919
4418
4840
4973
5111
5147
5180
5081
4954
4827
4729
4674
4544
4542
4389
4146
4041
3780
3438
3065
2599
2119
1672
1247
914
449
179
12
-158
-254
-203
-323
-216
-229
-169
-142
-13
13
134
397
526
767
892
1061
1101
1026
843
765
582
452
238
-33
-262
-491
-680
-588
-442
-185
190
619
1078
1226
1397
1505
1532
1470
1331
1355
1412
1518
1632
1777
1732
1641
1445
1169
729
-126
-1165
-2316
-3341
-4456
-5402
-6251
-6789
-7237
-7445
-7432
-7098
-6884
-6695
-6447
-6109
-5810
-5534
-5171
-4887
-4560
-4275
-3847
-3386
-2782
-2271
-1647
-926
-133
638
1350
2063
2664
3119
3706
4073
4384
4508
4499
4541
4507
4388
4244
4072
3982
4022
4142
4271
4425
4572
4629
4662
4578
4475
4241
3953
3528
3166
2729
2272
1927
1464
1012
645
437
273
9
-59
-253
-327
-390
-361
-314
-206
-95
122
303
392
429
325
274
37
-198
-317
-423
-707
-986
-1146
-1065
-915
-676
-462
94
620
1188
1731
1965
2112
2127
2099
1827
1513
1274
1095
1011
1081
1032
1104
1005
855
550
297
-417
-1367
-2333
-3375
-4401
-5449
-6285
-7014
-7567
-8018
-8235
-8147
-7989
-7784
-7448
-7104
-6540
-6108
-5574
-5203
-4780
-4482
-4137
-3640
-3237
-2773
-2230
-1624
-826
-39
794
1634
2519
3271
3973
4691
5194
5529
5756
5697
5619
5556
5322
5099
4922
4757
4691
4727
4733
4877
4856
4876
4851
4697
4497
4184
3789
3223
2674
2153
1581
1154
498
31
-266
-588
-783
-993
-1028
-951
-723
-596
-224
68
429
819
1170
1565
1760
1887
1850
1881
1740
1627
1635
1438
1160
952
876
1043
1260
1398
1617
1831
2008
2184
2081
1859
1567
1171
859
579
332
217
197
325
496
610
525
395
2
-557
-1228
-2148
-3236
-4424
-5554
-6381
-7117
-7602
-7776
-7919
-7837
-7669
-7321
-6957
-6724
-6552
-6426
-6186
-6037
-5861
-5671
-5565
-5310
-4912
-4285
-3550
-2731
-1991
-1016
154
1198
2357
3370
4315
5126
5777
6213
6554
6621
6511
6168
5797
5513
5179
4995
4794
4827
4851
4977
5240
5289
5373
5420
5241
4926
4461
3786
2788
1871
859
-63
-1031
-1860
-2578
-3175
-3484
-3611
-3583
-3454
-3147
-2784
-2274
-1711
-1181
-721
-296
60
312
450
686
675
574
442
474
247
346
383
474
674
912
1394
1803
2228
2457
2799
2997
3156
2999
2905
2669
2358
2027
1692
1336
1055
907
854
891
832
834
656
402
5
-360
-959
-1798
-2781
-3824
-4708
-5648
-6412
-7014
-7431
-7777
-7864
-7701
-7508
-7174
-6990
-6603
-6043
-5477
-4846
-4197
-3597
-2955
-2272
-1539
-641
96
816
1624
2523
3353
4112
4779
5284
5644
5997
6194
6302
6133
5775
5451
5073
4840
4473
4203
3849
3587
3403
3136
3018
2706
2272
1970
1555
1030
465
-123
-765
-1406
-1970
-2405
-2636
-2883
-3142
-3235
-3197
-3071
-2908
-2652
-2416
-2052
-1756
-1341
-861
-590
-311
-104
66
309
454
532
527
560
564
666
938
1291
1514
1695
1940
2248
2583
2813
2876
2818
2788
2715
2575
2336
2127
1714
1462
1290
1211
1290
1400
1516
1761
2001
2097
2006
1849
1417
909
182
-931
-2129
-3411
-4674
-5821
-6820
-7494
-7871
-8121
-7982
-7555
-6954
-6264
-5542
-4861
-4171
-3468
-2940
-2495
-2148
-1884
-1690
-1424
-944
-526
-82
573
1291
2179
3160
4055
4930
5652
6297
6756
6997
6959
6624
6080
5481
4869
4166
3583
3026
2542
2315
2170
2173
2242
2316
2288
2269
2129
2006
1713
1144
509
-239
-949
-1626
-2280
-2909
-3407
-3797
-4077
-4130
-4044
-3840
-3635
-3356
-2801
-2414
-1921
-1487
-1035
-728
-288
-56
108
224
155
296
417
640
829
1053
1194
1327
1623
1983
2235
2399
2405
2395
2510
2462
2228
2007
1765
1718
1642
1646
1732
1735
1794
1824
1778
1658
1277
681
72
-738
-1628
-2634
-3894
-5050
-6022
-6881
-7477
-7900
-7986
-8028
-7809
-7374
-6801
-6211
-5734
-5270
-4779
-4354
-3879
-3569
-3226
-2755
-2308
-1573
-722
205
1206
2231
3310
4440
5515
6437
7143
7667
7933
8058
7866
7627
7017
6281
5618
4970
4428
3974
3421
3108
2919
2831
2848
2777
2737
2531
2239
1708
1241
598
-322
-1409
-2396
-3368
-4146
-4785
-5352
-5764
-6033
-6007
-5901
-5317
-4846
-4237
-3615
-2794
-2015
-1283
-608
-65
505
724
1070
1326
1371
1385
1448
1460
1649
1785
1977
2314
2530
2743
3124
3465
3698
3756
3727
3592
3369
2841
2321
1774
1103
604
227
74
-21
-12
299
702
939
1050
1018
847
411
-191
-909
-2004
-3266
-4582
-5581
-6415
-7118
-7467
-7574
-7511
-7163
-6674
-5983
-5375
-4782
-4260
-3708
-3014
-2563
-2178
-1769
-1383
-870
-245
555
1266
1927
2752
3508
4365
5058
5610
5916
6118
6298
6288
6081
5732
5111
4464
3892
3364
2912
2425
2026
1728
1528
1440
1390
1319
1121
864
630
280
-71
-628
-1288
-1950
-2519
-2970
-3416
-3620
-3839
-4025
-3993
-3884
-3514
-3227
-2899
-2577
-2123
-1564
-977
-465
-15
591
1023
1429
1721
2031
2180
2307
2421
2574
2766
2858
3111
3308
3423
3557
3592
3572
3519
3276
3140
2955
2786
2640
2402
2296
2243
2261
2166
2148
2241
2238
2333
2319
2114
1782
1222
499
-323
-1157
-2260
-3474
-4795
-5999
-6938
-7814
-8564
-8857
-8968
-8979
-8588
-8034
-7403
-6759
-6237
-5663
-5055
-4451
-3901
-3366
-2786
-2165
-1484
-691
218
1011
1918
2864
3802
4654
5422
6013
6437
6642
6698
6611
6307
5792
5105
4426
3829
3348
2776
2330
2041
1811
1764
1755
1830
1805
1736
1677
1455
1216
813
258
-435
-1215
-1889
-2483
-3055
-3633
-4050
-4314
-4333
-4163
-3865
-3493
-2995
-2418
-1744
-972
-330
247
706
1094
1472
1763
1917
2026
1944
1836
1884
1905
1993
2168
2298
2519
2759
2910
3062
3153
3216
3081
2970
2840
2574
2186
1936
1622
1490
1423
1225
1211
1309
1354
1339
1243
1016
602
-110
-857
-1703
-2586
-3798
-4968
-6193
-7055
-7811
-8329
-8500
-8634
-8418
-7959
-7388
-6625
-5831
-5185
-4450
-3673
-2967
-2268
-1606
-1021
-396
162
853
1543
2270
2920
3605
4275
4913
5602
6046
6367
6608
6649
6617
6426
6038
5491
4830
4207
3649
3215
2766
2385
2119
2100
2025
2081
2121
1942
1749
1363
961
478
-196
-902
-1777
-2571
-3344
-3934
-4410
-4790
-5020
-5137
-4992
-4740
-4372
-3909
-3345
-2804
-2161
-1420
-836
-275
326
716
1096
1404
1619
1776
1827
1914
2014
2145
2241
2395
2666
2831
2994
3141
3190
3384
3409
3366
3239
3043
2909
2614
2417
2207
1992
1825
1731
1689
1642
1595
1517
1310
1061
455
-190
-953
-1937
-2868
-4049
-5219
-6362
-7205
-7837
-8243
-8345
-8186
-7850
-7323
-6698
-5909
-5159
-4469
-3859
-3264
-2591
-2108
-1539
-1124
-687
-154
386
938
1649
2351
3026
3879
4676
5420
6066
6536
6868
6991
6831
6556
6103
5388
4665
3900
3238
2660
2119
1778
1488
1354
1307
1295
1270
1166
932
591
167
-439
-1170
-2008
-2878
-3639
-4351
-4845
-5114
-5252
-5150
-4816
-4417
-3799
-3126
-2413
-1732
-1063
-409
189
736
1059
1472
1837
2075
2195
2412
2521
2679
2698
2852
2974
3099
3198
3225
3383
3358
3327
3236
3116
2931
2748
2551
2395
2252
2109
2026
1935
1878
1881
1756
1658
1487
1178
806
425
-10
-631
-1249
-1951
-2771
-3491
-4171
-4973
-5845
-6675
-7324
-7860
-8271
-8419
-8284
-7948
-7494
-6803
-5939
-5089
-4279
-3641
-2915
-2248
-1765
-1289
-924
-547
-122
357
1020
1752
2477
3276
4077
4926
5614
6174
6516
6607
6588
6299
5846
5329
4679
3957
3273
2654
2178
1713
1482
1236
1070
1078
1031
909
833
534
102
-276
-802
-1290
-1878
-2463
-2874
-3299
-3468
-3533
-3407
-3271
-3084
-2731
-2283
-1798
-1341
-904
-488
8
439
865
1273
1620
1863
2213
2410
2540
2677
2672
2529
2445
2353
2227
2015
1812
1681
1622
1541
1601
1683
1772
1896
2003
2179
2234
2193
2030
1833
1590
1274
873
421
-6
-498
-867
-1238
-1761
-2103
-2568
-3074
-3484
-3978
-4445
-4998
-5718
-6313
-6900
-7305
-7613
-7734
-7502
-7182
-6556
-5751
-4739
-3734
-2836
-1966
-1215
-387
226
748
1218
1698
2145
2654
3154
3748
4301
4810
5333
5820
6216
6563
6782
6619
6515
6116
5636
5104
4423
3818
3132
2622
2165
1773
1520
1331
1160
1060
874
643
381
51
-443
-967
-1445
-2049
-2617
-3135
-3464
-3658
-3637
-3532
-3367
-3034
-2749
-2401
-2000
-1596
-1415
-1188
-823
-585
-305
-65
170
423
643
938
1170
1500
1722
1780
1882
1882
1829
1668
1555
1349
1323
1271
1317
1409
1560
1529
1580
1779
1866
2026
2093
2244
2268
2273
2082
1826
1561
1146
658
116
-400
-939
-1459
-1982
-2419
-2921
-3423
-3703
-4102
-4480
-4933
-5402
-5799
-6209
-6391
-6519
-6377
-6170
-5664
-5100
-4364
-3650
-3033
-2308
-1748
-1238
-671
-165
348
844
1167
1734
2247
2702
3252
3733
4173
4600
4897
5160
5331
5304
5221
5061
4758
4382
3908
3459
2921
2429
1916
1408
990
572
247
-112
-478
-714
-1017
-1399
-1722
-2093
-2392
-2679
-2970
-3199
-3315
-3305
-3226
-3130
-2875
-2549
-2175
-1895
-1615
-1381
-1051
-823
-570
-313
45
289
590
999
1358
1745
1976
2319
2593
2728
2740
2796
2750
2618
2445
2356
2338
2310
2356
2608
2861
3041
3210
3385
3610
3642
3480
3246
2959
2479
1946
1366
810
185
-482
-1110
-1542
-2080
-2544
-2935
-3221
-3591
-3896
-4027
-4185
-4488
-4920
-5315
-5628
-6008
-6307
-6462
-6527
-6380
-6103
-5502
-4743
-3919
-3074
-2252
-1423
-622
88
756
1350
1804
2120
2507
2814
3158
3435
3709
3957
4261
4506
4805
4964
4972
4963
4835
4641
4357
3865
3317
2682
2013
1510
845
323
-209
-656
-981
-1200
-1431
-1648
-1837
-1970
-2150
-2286
-2361
-2518
-2582
-2696
-2713
-2732
-2690
-2618
-2534
-2293
-1992
-1718
-1496
-1194
-1066
-933
-726
-504
-290
-49
220
483
933
1286
1573
1827
2073
2307
2486
2686
2737
2667
2642
2610
2538
2465
2420
2448
2474
2449
2398
2435
2364
2029
1775
1452
1117
734
205
-262
-672
-1089
-1491
-1776
-2082
-2215
-2455
-2512
-2553
-2821
-2981
-3104
-3255
-3496
-3790
-4007
-4093
-4242
-4330
-4133
-3799
-3400
-2814
-2082
-1219
-548
65
603
1143
1493
1810
2007
2218
2366
2552
2789
3075
3418
3597
3952
4296
4666
4945
5164
5140
5021
4721
4292
3847
3136
2439
1614
757
141
-531
-1013
-1468
-1827
-2025
-2173
-2080
-2105
-2148
-2137
-2225
-2285
-2331
-2378
-2523
-2629
-2762
-2918
-2896
-2893
-2971
-2906
-2817
-2631
-2305
-1978
-1731
-1442
-1087
-764
-373
-65
327
648
975
1328
1610
1875
2000
2093
2229
2284
2272
2195
2119
1971
1846
1757
1701
1568
1544
1508
1545
1525
1383
1249
1000
758
355
6
-326
-634
-945
-1131
-1281
-1331
-1366
-1374
-1322
-1287
-1223
-1125
-1093
-1185
-1177
-1127
-1214
-1335
-1556
-1700
-1849
-2033
-2107
-2146
-1998
-1906
-1616
-1237
-829
-545
-340
-115
31
169
395
537
575
680
879
1077
1281
1456
1656
1898
2094
2299
2510
2555
2485
2249
2011
1706
1357
923
504
107
-254
-476
-689
-705
-715
-654
-542
-347
-212
-92
53
22
-131
-202
-275
-423
-681
-951
-1170
-1291
-1448
-1530
-1540
-1558
-1474
-1408
-1247
-1080
-1025
-1050
-889
-775
-715
-606
-402
-285
38
317
653
1008
1186
1409
1590
1850
1866
1969
1912
1723
1521
1350
1238
1034
899
841
890
923
1030
985
991
979
897
770
749
655
490
377
277
160
6
-73
-236
-334
-336
-423
-414
-555
-750
-855
-932
-1170
-1548
-1833
-2061
-2367
-2542
-2658
-2709
-2743
-2683
-2447
-2117
-1818
-1530
-1228
-964
-704
-411
-133
104
356
538
819
1079
1401
1694
1863
2153
2350
2513
2595
2585
2486
2333
2119
1886
1621
1327
1046
857
694
648
634
632
686
731
738
789
739
671
524
311
64
-147
-419
-758
-1033
-1272
-1457
-1595
-1761
-1918
-2059
-2155
-2232
-2187
-2145
-2106
-2165
-2151
-2004
-1892
-1768
-1649
-1493
-1295
-1068
-761
-487
-207
-23
85
286
439
551
558
621
644
795
909
998
1098
1300
1597
1802
2085
2276
2381
2463
2486
2505
2542
2447
2307
2114
1961
1832
1746
1674
1566
1543
1487
1527
1514
1442
1311
1006
706
425
201
-150
-689
-1141
-1561
-2025
-2426
-2830
-3073
-3311
-3412
-3341
-3111
-2958
-2758
-2660
-2423
-2180
-2020
-1817
-1655
-1426
-1149
-875
-571
-160
159
553
913
1336
1799
2157
2424
2676
2903
3087
3191
3162
3065
2949
2789
2550
2331
2037
1679
1339
971
684
394
132
-270
-664
-1001
-1480
-1898
-2346
-2851
-3416
-3929
-4392
-4685
-4915
-5179
-5342
-5363
-5252
-5061
-4843
-4619
-4344
-3947
-3563
-3162
-2629
-2174
-1679
-1217
-664
-113
444
958
1401
1808
2264
2647
2940
3187
3368
3508
3632
3775
3905
3996
4118
4190
4294
4455
4381
4407
4315
4258
4047
3874
3606
3326
3017
2612
2262
1905
1588
1252
1078
855
787
646
420
298
30
-320
-831
-1289
-1751
-2367
-2985
-3625
-4052
-4465
-4778
-5011
-5030
-4945
-4729
-4336
-3827
-3287
-2916
-2387
-1926
-1488
-1054
-719
-461
-178
200
501
880
1373
1764
2226
2769
3351
3753
4173
4401
4505
4541
4496
4374
4123
3750
3324
2877
2388
1953
1364
809
247
-239
-695
-1182
-1732
-2285
-2795
-3272
-3709
-4188
-4591
-4930
-5297
-5539
-5640
-5705
-5736
-5712
-5578
-5322
-4998
-4671
-4291
-3904
-3418
-2928
-2356
-1724
-1143
-525
87
871
1537
2210
2843
3359
3848
4278
4716
5030
5247
5393
5468
5539
5485
5360
5299
5169
5004
4920
4791
4638
4313
4108
3858
3479
3234
2834
2441
2031
1626
1191
786
415
-53
-491
-766
-1103
-1406
-1657
-1951
-2174
-2353
-2598
-2812
-3015
-3181
-3361
-3562
-3755
-3909
-3978
-4117
-4172
-4089
-3969
-3766
-3518
-3139
-2720
-2253
-1694
-1217
-675
-131
428
906
1397
1807
2174
2610
2868
3204
3446
3626
3803
3969
4018
4048
4118
3959
3803
3524
3218
2763
2279
1721
1001
344
-364
-1028
-1673
-2404
-3098
-3593
-4085
-4538
-4941
-5308
-5564
-5857
-6071
-6214
-6327
-6435
-6440
-6420
-6259
-5992
-5712
-5366
-4900
-4322
-3644
-2886
-2125
-1374
-578
205
974
1736
2388
3013
3660
4229
4815
5325
5719
6210
6508
6912
7194
7384
7472
7523
7419
7212
7051
6735
6342
5857
5432
4946
4436
3918
3364
2725
2196
1674
1149
644
43
-565
-1140
-1681
-2352
-2937
-3436
-3968
-4369
-4744
-4943
-5043
-5214
-5303
-5349
-5308
-5271
-5159
-5114
-4983
-4817
-4655
-4470
-4163
-3884
-3491
-3084
-2677
-2111
-1588
-1047
-534
20
510
967
1416
1803
2141
2493
2707
2919
3099
3290
3344
3315
3325
3185
3099
2949
2732
2508
2158
1830
1387
908
356
-129
-705
-1298
-1873
-2435
-2940
-3515
-4006
-4466
-4895
-5297
-5671
-5941
-6153
-6322
-6400
-6399
-6230
-5981
-5696
-5290
-4708
-4021
-3375
-2552
-1809
-972
-152
620
1486
2252
3025
3736
4466
5144
5796
6431
6995
7527
8014
8387
8686
8891
8998
8910
8832
8554
8172
7732
7208
6553
5916
5285
4586
3950
3215
2491
1746
960
146
-632
-1352
-2129
-2885
-3531
-4274
-4973
-5561
-6126
-6616
-6986
-7256
-7334
-7375
-7329
-7203
-7041
-6766
-6495
-6137
-5775
-5323
-4824
-4291
-3679
-3051
-2356
-1615
-758
25
910
1801
2612
3416
4130
4737
5253
5636
5913
6130
6225
6200
6066
5889
5671
5386
5085
4740
4369
3975
3472
3001
2472
1905
1289
551
-162
-914
-1662
-2402
-3089
-3727
-4369
-4933
-5462
-5924
-6362
-6745
-7106
-7316
-7527
-7603
-7606
-7570
-7366
-7209
-6906
-6560
-6123
-5602
-5028
-4322
-3606
-2767
-1909
-1111
-271
578
1403
2184
2991
3743
4442
5094
5687
6225
6656
7024
7335
7522
7611
7684
7670
7551
7399
7128
6835
6413
5990
5427
4859
4270
3619
3012
2357
1727
1094
493
-237
-874
-1508
-2164
-2687
-3287
-3775
-4233
-4688
-4997
-5293
-5528
-5668
-5716
-5675
-5595
-5438
-5218
-4905
-4553
-4120
-3717
-3156
-2603
-1950
-1238
-505
306
1040
1783
2513
3265
3848
4397
4919
5332
5717
6009
6145
6243
6264
6126
5899
5667
5286
4749
4173
3611
2949
2280
1537
727
-54
-817
-1640
-2390
-3107
-3879
-4532
-5159
-5739
-6316
-6764
-7215
-7548
-7802
-7970
-8085
-8073
-8031
-7895
-7711
-7417
-7072
-6691
-6161
-5657
-4974
-4258
-3471
-2549
-1652
-685
312
1361
2367
3314
4271
5028
5733
6317
6822
7189
7532
7798
7976
8207
8270
8370
8316
8209
8146
7958
7751
7482
7094
6638
6066
5442
4682
3856
3020
2126
1238
382
-467
-1297
-2060
-2846
-3508
-4113
-4658
-5156
-5562
-5949
-6269
-6502
-6749
-6869
-7030
-7049
-7060
-7029
-6874
-6705
-6394
-6006
-5498
-4920
-4269
-3437
-2638
-1702
-869
6
867
1614
2420
3088
3707
4305
4784
5184
5503
5718
5897
5937
5959
5876
5781
5559
5322
5032
4676
4241
3742
3190
2582
1906
1175
444
-329
-1124
-1898
-2599
-3245
-3886
-4407
-4812
-5192
-5468
-5697
-5834
-5932
-6031
-5995
-5873
-5767
-5569
-5318
-5033
-4596
-4182
-3625
-3018
-2362
-1640
-937
-140
586
1308
1954
2618
3223
3721
4253
4612
4983
5231
5452
5616
5716
5774
5733
5646
5506
5430
5148
4907
4598
4160
3792
3308
2832
2299
1744
1147
494
-36
-699
-1275
-1749
-2312
-2728
-3115
-3493
-3781
-4063
-4323
-4503
-4661
-4737
-4811
-4761
-4659
-4507
-4249
-4022
-3717
-3324
-2916
-2408
-1851
-1215
-640
-1
666
1308
1959
2566
3179
3673
4194
4670
5144
5455
5692
5800
5844
5850
5721
5541
5223
4924
4499
4030
3585
2922
2308
1619
882
202
-504
-1132
-1881
-2548
-3220
-3788
-4325
-4810
-5242
-5679
-5937
-6259
-6483
-6597
-6714
-6779
-6739
-6622
-6426
-6191
-5911
-5554
-5098
-4611
-4066
-3477
-2890
-2269
-1594
-938
-352
207
770
1235
1706
2153
2510
2838
3141
3416
3727
3915
4108
4284
4321
4417
4408
4460
4499
4440
4355
4218
4089
3936
3726
3474
3193
2911
2602
2317
2041
1745
1454
1213
908
666
414
138
-70
-361
-528
-779
-977
-1181
-1421
-1547
-1692
-1793
-1828
-1837
-1876
-1796
-1663
-1613
-1424
-1232
-1018
-812
-619
-362
-97
141
423
685
909
1198
1396
1655
1809
1890
1919
1961
1944
1833
1784
1663
1491
1349
1110
827
636
336
3
-334
-694
-1056
-1366
-1682
-2010
-2281
-2543
-2824
-2963
-3043
-3235
-3274
-3328
-3367
-3334
-3287
-3170
-3071
-2945
-2828
-2610
-2431
-2169
-1910
-1610
-1334
-1010
-626
-243
100
453
828
1072
1390
1606
1822
1956
2091
2168
2186
2268
2206
2216
2163
2142
2092
1995
1950
1892
1815
1651
1514
1319
1064
805
535
229
-34
-265
-523
-663
-753
-875
-921
-1052
-1087
-1037
-1037
-1025
-1012
-1036
-1119
-1185
-1281
-1370
-1350
-1363
-1369
-1279
-1194
-1033
-906
-730
-542
-314
-55
149
408
639
880
1116
1256
1408
1562
1603
1712
1817
1865
1856
1886
1888
1915
1920
1887
1838
1769
1762
1653
1610
1472
1348
1134
949
716
472
207
-83
-266
-499
-675
-884
-992
-1067
-1104
-1112
-1118
-1083
-1060
-1053
-1023
-1002
-1044
-1106
-1112
-1193
-1139
-1103
-1087
-1011
-1006
-868
-762
-646
-515
-386
-243
-142
-21
61
102
73
72
20
-54
-56
-52
-69
-24
1
68
155
176
238
251
228
312
282
248
247
208
129
92
10
-32
8
14
51
90
242
260
307
333
295
276
195
126
-6
-88
-182
-309
-366
-471
-559
-529
-480
-478
-376
-332
-213
-87
-14
77
144
224
240
295
264
267
291
279
339
332
410
498
578
638
707
781
806
830
808
790
772
725
645
610
562
439
336
269
173
144
165
107
65
27
-54
-49
-146
-236
-343
-443
-470
-599
-720
-807
-918
-989
-1103
-1221
-1279
-1340
-1355
-1418
-1436
-1471
-1515
-1437
-1388
-1288
-1237
-1159
-1012
-923
-819
-733
-688
-676
-632
-592
-565
-534
-462
-428
-298
-172
-28
107
306
503
658
844
1044
1162
1303
1382
1417
1511
1552
1598
1666
1735
1776
1883
2016
2095
2136
2155
2118
2020
1845
1658
1402
1139
901
576
298
82
-135
-333
-495
-690
-865
-965
-1041
-1081
-1031
-1046
-1066
-1101
-1177
-1253
-1276
-1413
-1435
-1493
-1481
-1336
-1240
-1096
-981
-863
-730
-580
-525
-386
-273
-221
-120
-3
77
149
272
382
518
660
806
927
1095
1208
1245
1360
1339
1336
1295
1250
1140
1062
893
770
652
524
512
355
262
147
113
18
-36
-122
-266
-336
-496
-597
-713
-841
-950
-1050
-1153
-1240
-1236
-1317
-1292
-1265
-1302
-1205
-1208
-1148
-1109
-1100
-1038
-986
-902
-812
-749
-607
-477
-338
-145
31
268
388
657
872
1091
1342
1528
1784
1884
2058
2114
2130
2103
2039
1958
1786
1639
1374
1151
890
617
380
145
-118
-287
-475
-698
-794
-937
-1064
-1153
-1234
-1286
-1380
-1413
-1487
-1580
-1648
-1725
-1832
-1888
-1935
-1971
-1930
-1827
-1744
-1590
-1425
-1256
-1041
-795
-550
-354
-69
88
271
431
520
722
881
1008
1120
1257
1365
1414
1562
1616
1694
1785
1882
1948
1999
2105
2109
2053
2063
2028
1923
1894
1777
1614
1457
1277
1096
920
768
616
467
316
222
81
-26
-169
-387
-572
-766
-942
-1120
-1297
-1536
-1715
-1832
-1999
-2038
-2107
-2170
-2224
-2220
-2155
-2134
-2005
-1873
-1748
-1603
-1455
-1290
-1095
-935
-754
-566
-368
-183
30
299
467
688
838
983
1073
1147
1176
1186
1123
1025
977
831
735
625
583
521
472
446
389
349
317
212
185
74
-78
-92
-222
-315
-389
-533
-621
-657
-755
-781
-759
-749
-720
-657
-630
-575
-510
-513
-446
-414
-379
-308
-256
-116
11
120
227
375
530
682
879
958
1079
1144
1184
1259
1289
1339
1316
1351
1338
1344
1379
1382
1474
1471
1506
1424
1400
1379
1320
1270
1128
992
878
771
609
423
213
-48
-268
-445
-631
-813
-1002
-1171
-1364
-1534
-1668
-1755
-1828
-1924
-1934
-1922
-1871
-1840
-1835
-1757
-1737
-1606
-1452
-1340
-1160
-1015
-788
-600
-420
-234
-88
106
260
414
582
705
847
903
951
956
995
978
885
816
665
547
424
309
188
93
-20
-110
-226
-317
-377
-511
-597
-708
-798
-877
-999
-1091
-1206
-1262
-1381
-1459
-1455
-1466
-1428
-1313
-1259
-1172
-1078
-938
-827
-681
-611
-488
-392
-296
-141
-56
106
265
435
631
852
1036
1233
1415
1596
1723
1885
2051
2196
2301
2364
2408
2427
2446
2441
2446
2444
2449
2408
2376
2325
2244
2145
2007
1860
1707
1563
1330
1117
951
698
515
318
41
-248
-486
-735
-988
-1178
-1376
-1519
-1599
-1668
-1806
-1836
-1959
-1967
-1975
-2002
-1945
-1944
-1837
-1740
-1620
-1479
-1381
-1241
-1106
-962
-740
-601
-404
-260
-116
85
185
253
371
426
445
467
491
460
424
406
315
207
169
96
-33
-91
-186
-324
-454
-569
-735
-883
-1003
-1213
-1376
-1479
-1609
-1649
-1682
-1710
-1657
-1575
-1496
-1350
-1178
-1010
-785
-594
-386
-145
66
237
423
626
737
908
1083
1271
1492
1627
1810
1943
2065
2243
2390
2485
2569
2606
2598
2633
2547
2503
2429
2340
2275
2131
1952
1756
1575
1350
1127
877
645
402
139
-128
-417
-705
-1034
-1323
-1633
-1897
-2085
-2307
-2472
-2655
-2738
-2814
-2847
-2832
-2821
-2769
-2648
-2487
-2364
-2174
-2026
-1888
-1669
-1479
-1354
-1143
-920
-723
-571
-377
-146
51
240
456
640
867
1048
1207
1315
1461
1583
1592
1653
1653
1603
1556
1426
1307
1192
1026
850
672
428
243
72
-202
-400
-619
-799
-945
-1130
-1291
-1415
-1500
-1573
-1648
-1605
-1646
-1589
-1527
-1401
-1267
-1152
-1002
-804
-635
-480
-198
56
314
586
849
1101
1353
1586
1784
2036
2221
2393
2535
2643
2758
2833
2863
2900
2913
2882
2817
2724
2621
2506
2401
2197
2037
1848
1594
1390
1129
834
606
351
56
-206
-469
-694
-982
-1234
-1494
-1682
-1871
-2118
-2220
-2392
-2459
-2499
-2577
-2557
-2455
-2357
-2251
-2099
-1917
-1692
-1468
-1193
-978
-750
-485
-305
-63
160
334
564
744
901
1064
1216
1355
1430
1538
1598
1597
1549
1488
1391
1268
1040
895
674
428
228
-69
-323
-617
-891
-1180
-1432
-1680
-1903
-2152
-2377
-2587
-2789
-2966
-3144
-3188
-3292
-3283
-3260
-3255
-3128
-3017
-2811
-2597
-2314
-2034
-1636
-1296
-908
-579
-261
118
445
783
1123
1505
1803
2104
2396
2636
2852
3043
3208
3331
3477
3554
3580
3593
3548
3484
3335
3189
3072
2860
2684
2489
2214
1981
1712
1418
1129
827
568
302
80
-137
-363
-556
-758
-961
-1155
-1293
-1423
-1567
-1718
-1779
-1859
-1874
-1823
-1791
-1723
-1604
-1524
-1390
-1288
-1095
-959
-824
-641
-498
-237
-80
150
331
561
778
956
1096
1226
1372
1430
1526
1569
1580
1530
1463
1362
1257
1184
986
874
687
456
330
114
-104
-332
-586
-845
-1035
-1254
-1500
-1682
-1888
-2140
-2251
-2367
-2484
-2564
-2675
-2777
-2791
-2856
-2809
-2783
-2743
-2599
-2442
-2230
-2015
-1761
-1453
-1140
-819
-510
-194
108
415
729
976
1197
1433
1677
1843
1991
2128
2246
2304
2395
2396
2423
2453
2435
2410
2354
2299
2198
2103
1982
1811
1649
1450
1237
1067
863
698
489
248
86
-106
-245
-386
-535
-664
-772
-894
-1046
-1144
-1232
-1297
-1338
-1381
-1335
-1340
-1306
-1183
-1163
-1068
-972
-869
-755
-699
-574
-427
-289
-123
0
187
342
478
617
743
874
964
1091
1159
1244
1301
1339
1312
1240
1183
1060
936
796
630
429
247
64
-145
-367
-576
-816
-1041
-1213
-1409
-1551
-1703
-1884
-1994
-2063
-2135
-2199
-2210
-2268
-2217
-2198
-2142
-2081
-2004
-1805
-1622
-1398
-1106
-810
-540
-159
174
537
901
1206
1472
1768
1999
2263
2432
2588
2738
2753
2807
2827
2802
2716
2668
2547
2440
2321
2204
2078
1915
1772
1605
1408
1187
964
751
538
309
111
-109
-295
-459
-651
-811
-949
-1095
-1137
-1239
-1275
-1289
-1310
-1278
-1312
-1293
-1237
-1227
-1187
-1118
-1088
-1035
-917
-804
-741
-631
-551
-452
-349
-262
-171
-100
-40
33
99
146
231
310
404
469
546
617
668
707
704
710
673
594
465
320
172
-22
-187
-354
-506
-620
-765
-861
-975
-1059
-1180
-1316
-1482
-1608
-1699
-1819
-1945
-2071
-2153
-2268
-2326
-2361
-2365
-2373
-2256
-2174
-2010
-1828
-1643
-1418
-1228
-976
-700
-419
-98
174
463
777
1058
1317
1559
1748
1933
2147
2326
2487
2588
2769
2758
2791
2838
2773
2733
2668
2592
2492
2335
2170
1961
1743
1478
1215
988
724
497
248
32
-184
-379
-577
-764
-941
-1078
-1202
-1333
-1431
-1463
-1514
-1560
-1521
-1521
-1442
-1326
-1234
-1083
-923
-761
-592
-424
-247
-73
112
281
495
671
902
1136
1288
1488
1628
1735
1822
1882
1963
2030
2024
2054
2033
2001
1961
1833
1780
1637
1508
1364
1211
1035
836
613
359
72
-216
-481
-830
-1093
-1358
-1638
-1866
-2117
-2327
-2500
-2649
-2767
-2927
-3002
-3033
-3111
-3116
-3111
-3077
-2992
-2904
-2796
-2678
-2507
-2322
-2134
-1895
-1666
-1413
-1160
-872
-658
-393
-91
138
436
640
912
1170
1354
1531
1658
1834
1941
2036
2139
2160
2253
2259
2255
2240
2181
2119
2028
1870
1720
1571
1399
1193
974
729
492
283
70
-132
-357
-515
-663
-841
-971
-1053
-1169
-1269
-1297
-1396
-1427
-1409
-1403
-1303
-1250
-1131
-1000
-877
-750
-615
-460
-322
-172
-15
191
372
566
732
892
1089
1207
1394
1560
1690
1802
1955
2067
2120
2173
2186
2161
2111
2057
1956
1896
1752
1602
1437
1166
927
696
370
155
-143
-477
-780
-1080
-1394
-1671
-1911
-2168
-2336
-2511
-2633
-2715
-2812
-2823
-2861
-2922
-2834
-2799
-2728
-2561
-2385
-2216
-2032
-1791
-1606
-1356
-1033
-808
-516
-226
49
340
637
896
1125
1388
1564
1739
1899
2012
2081
2181
2187
2238
2263
2233
2238
2165
2105
2011
1894
1742
1560
1356
1161
908
688
419
142
-128
-403
-659
-918
-1116
-1316
-1442
-1533
-1598
-1661
-1764
-1776
-1807
-1789
-1753
-1766
-1696
-1608
-1494
-1345
-1216
-1042
-853
-693
-474
-336
-145
101
274
520
745
931
1134
1366
1555
1750
1890
2034
2162
2270
2380
2435
2481
2402
2394
2306
2175
2058
1909
1792
1584
1381
1161
910
662
407
126
-131
-421
-683
-965
-1231
-1449
-1639
-1818
-1973
-2100
-2221
-2294
-2404
-2467
-2494
-2499
-2425
-2368
-2253
-2106
-1973
-1797
-1632
-1473
-1311
-1115
-912
-728
-475
-254
-90
105
306
453
634
791
909
987
1099
1152
1210
1286
1299
1294
1303
1302
1258
1236
1141
1019
891
800
624
467
347
128
-51
-177
-378
-562
-728
-898
-1048
-1142
-1224
-1309
-1286
-1303
-1296
-1253
-1241
-1211
-1178
-1110
-1026
-922
-805
-704
-546
-404
-245
-69
141
320
533
746
954
1170
1371
1564
1690
1843
1989
2052
2142
2214
2175
2249
2231
2201
2198
2165
2115
2010
1925
1766
1621
1437
1192
963
707
454
184
-67
-307
-544
-766
-979
-1132
-1318
-1459
-1608
-1761
-1831
-1922
-1980
-1995
-2010
-2021
-1975
-1934
-1925
-1855
-1763
-1672
-1569
-1396
-1242
-1078
-886
-649
-494
-302
-108
52
239
419
587
715
909
1013
1129
1214
1307
1404
1392
1405
1388
1345
1338
1329
1183
1107
996
843
738
552
393
217
77
-73
-196
-371
-510
-645
-803
-987
-1144
-1227
-1343
-1400
-1469
-1576
-1605
-1599
-1604
-1591
-1575
-1555
-1457
-1371
-1302
-1177
-1055
-927
-762
-599
-377
-185
-23
202
359
514
716
898
1113
1290
1493
1667
1805
1957
2035
2102
2151
2212
2177
2205
2124
2073
2043
1917
1771
1594
1471
1278
1112
937
704
515
291
43
-189
-387
-588
-782
-930
-1111
-1209
-1271
-1368
-1407
-1426
-1484
-1452
-1425
-1357
-1334
-1232
-1236
-1166
-1073
-1033
-905
-775
-628
-528
-342
-176
-46
149
292
446
627
732
853
951
994
1011
1004
989
967
934
906
844
768
722
656
567
487
347
199
37
-130
-285
-463
-642
-790
-920
-1046
-1181
-1332
-1456
-1608
-1679
-1807
-1910
-1934
-1962
-2008
-2023
-2003
-1983
-1893
-1798
-1729
-1602
-1463
-1362
-1163
-990
-837
-664
-475
-274
-76
153
412
603
860
1110
1284
1525
1644
1800
1939
2039
2117
2218
2273
2303
2300
2274
2228
2137
2039
1887
1733
1572
1466
1233
1087
879
701
543
346
149
-54
-149
-354
-536
-688
-815
-891
-1003
-1075
-1137
-1208
-1233
-1234
-1252
-1238
-1208
-1143
-1071
-968
-821
-705
-557
-382
-209
-20
119
277
416
542
668
789
911
987
1096
1152
1174
1217
1246
1270
1260
1197
1211
1176
1084
1046
953
862
765
682
561
504
355
242
75
-101
-224
-363
-525
-638
-776
-925
-971
-1075
-1124
-1183
-1218
-1254
-1292
-1332
-1348
-1358
-1433
-1449
-1442
-1477
-1459
-1429
-1397
-1311
-1271
-1147
-1007
-923
-727
-596
-488
-285
-147
1
193
321
467
622
719
838
915
1003
1070
1137
1179
1255
1242
1251
1260
1181
1172
1108
1056
991
899
807
708
616
488
410
267
175
100
-31
-97
-208
-264
-378
-458
-481
-577
-626
-695
-768
-811
-872
-866
-891
-924
-896
-868
-813
-780
-714
-662
-615
-539
-445
-278
-165
-41
89
194
271
392
480
551
644
695
764
829
860
927
910
912
853
826
836
834
847
817
788
726
713
638
607
530
446
325
241
134
24
-50
-197
-277
-358
-433
-513
-499
-585
-647
-690
-806
-840
-899
-921
-963
-1000
-1042
-1064
-1032
-1019
-1013
-997
-938
-855
-793
-652
-562
-443
-299
-222
-97
24
164
287
408
537
706
794
934
1027
1123
1180
1225
1283
1252
1287
1255
1225
1147
1042
968
852
772
647
539
405
265
154
10
-152
-297
-479
-654
-796
-936
-1049
-1146
-1244
-1389
-1405
-1493
-1541
-1544
-1566
-1528
-1478
-1390
-1298
-1182
-1062
-907
-752
-620
-471
-316
-190
-83
63
188
288
375
424
544
613
686
765
796
897
929
967
1029
1094
1140
1161
1135
1127
1099
1049
1038
951
925
830
774
722
619
568
481
338
233
133
-1
-116
-232
-365
-516
-622
-708
-840
-893
-936
-1067
-1128
-1188
-1249
-1269
-1268
-1271
-1240
-1205
-1145
-1043
-953
-832
-732
-589
-471
-319
-203
-24
126
267
424
590
723
800
907
958
1015
1093
1148
1219
1256
1281
1339
1356
1337
1346
1282
1210
1127
1047
930
796
717
554
423
288
168
45
-73
-229
-353
-468
-578
-711
-819
-862
-908
-977
-940
-955
-975
-918
-882
-818
-748
-651
-580
-480
-377
-275
-189
-72
6
103
214
302
415
533
635
708
750
824
872
927
945
934
920
890
904
869
788
762
696
596
547
482
417
359
254
213
111
0
-91
-212
-355
-499
-589
-713
-829
-944
-1044
-1137
-1216
-1300
-1363
-1428
-1450
-1414
-1395
-1373
-1329
-1294
-1246
-1179
-1075
-1032
-902
-808
-696
-588
-486
-361
-291
-184
-93
95
218
322
504
604
729
858
902
998
1102
1119
1164
1216
1203
1198
1172
1094
1062
985
891
816
722
684
593
442
360
210
98
-44
-188
-376
-547
-641
-783
-875
-997
-1049
-1085
-1119
-1130
-1130
-1117
-1097
-1062
-1013
-951
-864
-718
-655
-544
-432
-342
-173
-54
117
253
412
538
614
724
814
880
928
1014
1063
1155
1168
1212
1242
1266
1292
1254
1235
1143
1127
1065
999
943
889
779
730
594
519
437
328
243
144
76
-44
-124
-274
-405
-531
-586
-682
-765
-833
-890
-985
-1011
-1026
-1123
-1103
-1095
-1090
-1069
-1004
-955
-910
-806
-791
-686
-605
-499
-381
-305
-188
-149
-44
13
77
179
216
301
340
349
385
395
376
374
327
279
242
181
98
-7
-69
-157
-242
-264
-361
-388
-405
-502
-509
-604
-666
-689
-756
-787
-802
-780
-773
-727
-697
-707
-634
-628
-602
-532
-433
-291
-199
-31
55
174
326
391
522
641
744
835
979
1114
1217
1285
1343
1395
1450
1520
1542
1605
1590
1610
1587
1536
1516
1460
1376
1330
1245
1146
1077
977
846
712
601
511
403
263
153
-66
-163
-318
-484
-601
-741
-844
-948
-1014
-1112
-1145
-1236
-1259
-1281
-1344
-1331
-1345
-1327
-1261
-1246
-1177
-1108
-1054
-964
-867
-780
-671
-585
-483
-372
-287
-175
-81
49
154
255
369
445
544
642
699
754
805
884
887
894
891
844
819
767
688
602
520
418
301
200
126
-4
-82
-174
-223
-337
-422
-507
-643
-700
-743
-843
-848
-886
-931
-886
-898
-863
-808
-804
-725
-628
-597
-489
-462
-375
-271
-200
-97
-27
105
170
276
401
503
606
737
803
864
918
936
976
974
962
950
932
898
876
828
783
706
678
620
568
454
364
294
131
64
-62
-186
-327
-442
-552
-703
-794
-928
-1003
-1091
-1153
-1188
-1245
-1289
-1306
-1358
-1378
-1348
-1338
-1282
-1248
-1181
-1070
-959
-874
-770
-654
-545
-410
-269
-180
-64
128
232
370
489
600
730
797
912
973
1013
1076
1105
1138
1153
1158
1153
1133
1117
1064
1006
951
907
794
720
652
535
459
361
221
90
-48
-174
-252
-324
-428
-487
-559
-611
-639
-677
-669
-651
-654
-617
-590
-591
-518
-471
-395
-320
-236
-141
-15
108
227
334
416
522
635
702
789
859
916
979
1013
1019
1037
1030
1010
1004
992
970
900
831
729
640
574
471
372
285
184
78
-19
-122
-200
-315
-399
-445
-571
-645
-746
-808
-877
-947
-991
-1054
-1098
-1102
-1109
-1154
-1164
-1142
-1116
-1123
-1066
-1014
-967
-854
-793
-711
-563
-452
-337
-224
-90
1
102
246
335
472
575
693
758
833
927
977
999
1036
1048
1058
1043
980
944
863
757
674
571
449
369
249
130
5
-123
-244
-348
-434
-534
-622
-710
-785
-864
-965
-1021
-1046
-1107
-1096
-1135
-1112
-1037
-1015
-931
-837
-716
-652
-520
-492
-381
-309
-245
-120
-38
84
221
358
456
585
690
772
878
996
1034
1159
1168
1214
1272
1245
1245
1213
1211
1143
1092
1008
907
882
786
654
569
482
342
244
98
-34
-134
-311
-374
-497
-554
-636
-710
-750
-774
-786
-845
-851
-893
-885
-860
-830
-808
-776
-735
-658
-639
-570
-508
-523
-427
-368
-318
-247
-137
-86
10
70
119
228
270
327
404
438
428
451
480
465
448
443
432
413
415
398
332
313
244
173
108
-8
-85
-134
-236
-299
-404
-466
-551
-665
-669
-737
-781
-816
-832
-875
-859
-842
-873
-820
-823
-781
-722
-697
-648
-569
-492
-460
-365
-274
-187
-92
7
109
165
289
412
497
568
695
734
755
841
831
893
954
963
967
984
946
930
928
871
881
819
781
728
676
619
585
494
446
424
311
226
209
94
31
-11
-102
-137
-188
-237
-262
-263
-314
-355
-333
-358
-337
-303
-296
-263
-241
-230
-196
-129
-59
-25
24
90
115
193
250
299
374
405
444
510
549
593
621
629
649
647
646
635
599
579
500
433
344
247
204
127
13
-67
-170
-227
-322
-409
-474
-560
-653
-731
-839
-887
-936
-996
-1047
-1079
-1086
-1099
-1072
-1090
-1073
-1048
-1003
-1002
-979
-949
-915
-884
-805
-783
-694
-587
-559
-448
-399
-296
-210
-159
-101
-40
27
88
165
232
293
379
418
493
572
635
685
769
842
858
884
915
939
891
913
871
824
803
727
693
641
584
524
458
424
356
343
281
248
176
120
71
49
-5
-78
-71
-148
-130
-151
-200
-168
-190
-194
-189
-184
-192
-191
-167
-155
-163
-142
-165
-110
-102
-116
-58
-62
-18
9
27
8
5
43
33
11
10
20
29
-3
-13
-22
-87
-99
-128
-216
-247
-284
-333
-333
-380
-372
-393
-403
-393
-412
-385
-413
-395
-406
-447
-464
-461
-475
-476
-445
-425
-407
-351
-269
-225
-170
-111
-52
43
62
116
149
200
198
235
282
288
425
486
580
669
759
811
851
914
931
934
958
969
934
942
946
914
874
808
731
657
586
504
406
343
264
194
111
21
-69
-169
-293
-360
-445
-503
-562
-665
-702
-736
-804
-822
-858
-917
-904
-915
-931
-878
-874
-858
-793
-780
-761
-682
-621
-525
-466
-372
-272
-214
-121
-72
-24
53
126
212
310
387
437
490
556
563
548
551
537
519
491
489
453
365
344
261
185
175
126
52
36
-31
-88
-113
-205
-283
-292
-351
-385
-414
-463
-452
-480
-472
-507
-513
-482
-494
-467
-458
-422
-419
-385
-354
-320
-254
-254
-201
-143
-138
-77
-16
27
97
136
178
202
253
291
271
341
384
381
445
451
483
513
549
570
576
597
595
615
581
547
494
441
412
349
282
225
183
98
42
10
-7
13
19
29
34
52
53
32
15
34
28
38
50
20
33
41
64
52
89
158
197
278
363
437
479
524
572
581
613
629
611
564
564
559
511
484
450
421
337
277
221
116
8
-68
-165
-249
-334
-436
-499
-586
-645
-733
-781
-847
-923
-960
-1006
-1045
-1044
-1073
-1086
-1048
-1058
-1010
-1000
-974
-943
-891
-848
-834
-805
-764
-695
-616
-548
-504
-368
-295
-184
-86
-19
48
158
255
311
370
440
500
533
613
616
642
686
726
757
799
783
770
752
745
729
658
599
588
541
441
401
322
255
192
125
45
-6
-61
-176
-179
-245
-275
-292
-316
-320
-336
-335
-353
-349
-366
-384
-395
-389
-329
-313
-289
-262
-292
-299
-268
-245
-243
-182
-179
-127
-72
-25
3
46
71
76
101
71
112
157
181
221
248
259
320
345
387
394
336
351
302
294
293
274
257
243
214
201
205
169
171
148
114
74
82
42
29
45
4
14
-10
-5
-7
-23
-30
-61
-64
-21
-18
7
49
21
48
34
45
42
57
105
96
109
138
135
156
184
210
209
228
245
248
281
225
223
182
150
152
130
135
136
102
71
71
-8
-22
-38
-91
-132
-138
-189
-218
-242
-311
-345
-388
-426
-433
-458
-453
-430
-434
-422
-409
-431
-437
-405
-450
-398
-384
-403
-358
-297
-272
-224
-159
-109
-17
19
62
80
112
135
133
191
222
236
269
294
300
296
306
269
260
235
230
192
195
153
127
121
75
61
38
28
36
21
27
48
10
11
-29
-53
-82
-90
-119
-144
-145
-194
-236
-287
-301
-337
-350
-369
-370
-370
-406
-377
-405
-402
-402
-401
-387
-352
-342
-325
-271
-253
-185
-167
-140
-72
-22
-34
55
80
63
145
177
220
284
328
398
489
473
499
528
514
504
496
442
445
446
379
372
370
330
324
311
279
280
279
273
237
197
188
151
138
137
100
98
106
134
107
146
153
166
147
154
180
190
209
171
138
105
134
105
99
124
163
122
162
198
125
130
73
64
36
24
30
-21
-37
-109
-107
-170
-191
-224
-283
-309
-341
-371
-438
-430
-468
-459
-481
-501
-529
-570
-611
-632
-700
-725
-718
-690
-700
-673
-648
-634
-584
-569
-532
-498
-441
-372
-349
-319
-256
-217
-158
-135
-59
-11
42
109
123
185
209
279
310
356
421
458
497
488
518
569
557
564
578
565
613
599
588
574
550
530
483
479
442
390
388
351
303
247
203
118
91
33
-12
-51
-92
-90
-84
-96
-72
-79
-101
-95
-105
-123
-137
-122
-146
-128
-121
-94
-71
-32
-3
7
61
97
149
196
196
251
279
256
295
278
254
282
288
296
285
270
284
255
225
176
134
131
95
49
41
-25
-67
-97
-161
-178
-231
-271
-291
-332
-336
-379
-401
-440
-461
-507
-546
-562
-623
-592
-623
-599
-598
-561
-541
-539
-468
-447
-380
-341
-291
-264
-222
-191
-161
-137
-127
-72
-50
-16
-2
-10
21
14
6
38
28
74
105
130
105
88
99
66
38
19
24
-10
-53
-66
-121
-149
-140
-160
-158
-165
-151
-117
-92
-99
-69
-61
-42
-18
1
64
88
88
143
216
226
289
306
333
372
445
493
537
596
620
663
648
672
684
695
692
717
756
724
757
749
749
777
732
737
751
710
662
629
582
508
467
390
355
296
242
196
112
49
-5
-104
-204
-272
-356
-404
-482
-559
-603
-661
-679
-745
-780
-809
-837
-898
-892
-915
-921
-893
-858
-796
-781
-714
-680
-624
-557
-526
-462
-394
-355
-323
-256
-203
-155
-107
-62
-33
-20
-23
20
72
61
66
101
118
130
151
149
110
98
102
89
75
63
40
16
-13
-3
-24
-42
-27
-78
-63
-77
-68
-68
-57
-27
-75
-42
-72
-87
-52
-73
-71
-55
-27
-9
52
65
84
156
146
171
161
169
191
151
143
121
100
139
120
99
115
98
107
87
62
60
22
35
22
-17
-14
31
-10
-7
23
16
19
22
46
32
42
15
-3
26
6
2
18
7
24
54
64
80
86
117
160
144
180
201
221
272
287
306
332
330
359
370
374
344
378
377
338
411
396
404
429
465
446
444
468
464
450
479
451
408
368
305
240
175
131
61
-12
-96
-157
-243
-277
-318
-355
-406
-468
-497
-553
-603
-641
-668
-717
-753
-775
-772
-763
-758
-780
-768
-750
-744
-710
-697
-639
-626
-575
-494
-441
-401
-337
-296
-227
-160
-123
-44
-2
57
77
117
165
208
255
260
316
369
388
428
482
507
498
516
515
503
511
501
493
513
472
509
523
484
476
464
475
422
444
376
316
285
234
238
178
158
138
136
114
117
58
30
12
-47
-57
-88
-89
-76
-90
-88
-145
-159
-187
-218
-243
-265
-263
-275
-264
-251
-233
-239
-259
-261
-244
-290
-254
-276
-298
-271
-262
-254
-295
-290
-318
-319
-300
-324
-315
-321
-324
-293
-341
-284
-297
-269
-253
-265
-198
-219
-172
-152
-152
-153
-98
-120
-110
-88
-90
-63
-22
-7
-1
74
86
109
143
143
202
236
295
303
312
349
355
385
361
393
384
381
395
407
407
397
453
439
430
432
423
365
367
360
311
314
254
261
249
225
203
176
179
190
171
179
149
133
121
82
86
15
30
26
-8
-3
-17
-28
-62
-79
-50
-100
-105
-113
-142
-174
-225
-215
-252
-215
-270
-251
-205
-231
-188
-203
-192
-195
-180
-219
-210
-209
-243
-252
-267
-284
-268
-264
-287
-280
-276
-250
-244
-219
-213
-221
-231
-229
-218
-213
-190
-219
-209
-207
-202
-178
-174
-174
-152
-186
-192
-207
-229
-245
-275
-280
-294
-313
-297
-292
-287
-304
-300
-297
-290
-266
-265
-207
-216
-195
-161
-130
-81
-59
-9
20
41
82
64
162
182
240
322
350
373
420
433
447
462
452
521
524
561
572
566
559
513
494
492
480
465
487
492
474
444
428
452
385
378
397
360
384
401
384
371
385
373
373
343
323
297
263
297
261
221
208
203
181
154
162
160
169
194
163
118
94
44
24
9
-54
-83
-65
-114
-193
-199
-257
-299
-293
-304
-320
-361
-345
-389
-404
-435
-517
-542
-563
-572
-556
-582
-599
-577
-579
-580
-581
-543
-532
-488
-463
-434
-393
-354
-298
-297
-265
-257
-207
-197
-162
-140
-139
-91
-97
-50
-25
35
75
81
120
162
194
205
255
256
236
250
243
251
232
210
195
187
173
186
175
190
193
164
140
81
75
59
26
-7
0
-11
-8
-65
-48
-90
-133
-153
-206
-198
-205
-240
-277
-290
-282
-260
-318
-280
-272
-276
-232
-245
-210
-197
-152
-99
-73
-94
-42
9
13
75
51
79
98
117
118
146
170
153
204
194
222
244
277
312
305
323
348
352
330
288
288
314
269
293
261
252
240
236
212
220
201
179
194
177
139
132
140
97
121
98
97
115
119
97
89
58
45
65
77
45
46
42
49
79
20
70
52
18
35
-7
-7
-16
-24
-23
-16
-21
-20
-19
-57
-50
-93
-119
-147
-134
-150
-163
-136
-136
-137
-138
-127
-146
-160
-197
-219
-239
-269
-282
-297
-320
-314
-265
-263
-227
-187
-154
-99
-104
-67
-72
-40
-32
-1
24
31
88
102
99
139
162
161
192
170
170
180
142
131
108
54
36
-4
-7
0
-23
-21
-25
-58
-71
-69
-62
-41
-38
-43
-18
5
-19
-20
-14
-39
-46
-68
-117
-138
-163
-186
-173
-162
-190
-189
-184
-216
-157
-221
-203
-200
-255
-176
-155
-152
-123
-104
-101
-76
-18
-11
25
62
90
130
125
187
199
203
212
238
242
271
254
241
263
221
251
235
204
219
183
194
156
144
108
99
75
49
73
56
13
1
2
-40
-44
-50
-68
-87
-54
-54
-62
-76
-71
-79
-99
-75
-103
-37
-28
-50
-19
-3
10
36
53
63
77
92
117
122
164
185
196
224
232
219
247
255
251
263
247
205
173
157
164
120
125
118
103
87
71
52
15
-21
-65
-81
-103
-83
-88
-76
-60
-95
-112
-101
-138
-182
-162
-192
-191
-203
-212
-230
-305
-252
-284
-303
-302
-280
-273
-263
-278
-299
-289
-302
-282
-288
-248
-229
-213
-208
-185
-213
-214
-222
-231
-187
-194
-160
-189
-144
-134
-140
-132
-143
-127
-119
-121
-110
-97
-127
-109
-108
-109
-78
-95
-45
12
3
31
29
32
50
53
27
49
74
78
123
120
152
217
231
290
308
299
312
326
313
330
302
267
280
229
203
233
209
216
233
222
238
217
236
214
199
198
177
126
128
156
143
168
160
158
117
129
132
105
112
128
143
154
195
176
235
247
281
298
308
316
299
268
225
192
141
135
123
85
68
67
56
53
22
21
42
28
35
43
8
-6
-3
-53
-91
-107
-139
-162
-170
-187
-200
-274
-250
-240
-325
-250
-311
-304
-293
-307
-299
-316
-323
-357
-350
-413
-384
-369
-367
-368
-375
-398
-386
-348
-304
-294
-254
-215
-239
-166
-196
-188
-189
-200
-173
-152
-154
-131
-59
-86
-82
-81
-93
-58
-42
-11
19
35
76
65
81
109
161
156
171
194
188
223
248
281
291
280
282
298
290
296
299
292
332
303
287
321
271
312
263
220
228
175
166
137
63
34
-31
-23
-43
-38
-30
-24
-20
-4
-10
-30
-37
-41
-35
-89
-60
-85
-109
-85
-124
-121
-97
-79
-53
-71
-27
-54
-46
-53
-78
-122
-88
-111
-86
-61
-83
-61
-89
-110
-140
-128
-115
-73
-98
-36
-36
-54
-43
-62
-49
-14
-15
-38
-11
2
36
22
17
75
115
155
197
215
208
228
258
234
220
213
230
229
234
235
195
205
214
195
186
142
108
116
60
18
-43
-83
-99
-142
-178
-228
-242
-249
-253
-278
-252
-225
-223
-222
-233
-230
-247
-234
-208
-226
-209
-220
-225
-217
-206
-193
-201
-178
-187
-148
-120
-103
-74
-106
-91
-81
-73
-38
-49
-66
-18
15
33
72
82
125
147
153
221
264
252
238
226
192
192
201
211
205
182
210
207
180
148
138
84
94
53
30
17
-30
-28
-63
-82
-66
-102
-72
-92
-99
-80
-86
-78
-81
-76
-60
-40
-49
-19
-45
-30
-17
-54
-56
-68
-110
-142
-132
-173
-187
-183
-185
-167
-135
-141
-126
-125
-123
-73
-100
-60
-50
-32
-49
-15
-22
-18
-3
21
41
48
83
49
85
75
40
42
22
17
6
-9
-14
-29
-20
2
-5
7
49
57
88
109
165
215
211
304
324
364
392
381
390
410
486
497
523
538
540
543
523
469
452
431
411
387
377
336
317
278
222
163
73
32
-21
-67
-120
-163
-214
-286
-335
-365
-402
-414
-438
-445
-472
-481
-502
-509
-483
-503
-506
-477
-449
-420
-377
-367
-335
-323
-320
-285
-283
-247
-236
-201
-181
-180
-123
-62
-57
8
9
34
37
-8
-8
-18
-20
-22
-3
-7
33
93
100
124
131
129
132
77
89
66
41
3
20
-1
10
27
27
53
59
107
78
104
112
92
122
110
88
114
84
85
87
94
101
100
134
119
136
138
108
133
98
74
95
50
63
63
52
35
58
33
13
-1
-20
4
-27
-7
-12
-4
-1
20
10
35
17
-4
17
10
66
45
62
34
40
61
52
64
100
114
120
162
179
184
173
209
197
215
208
232
276
262
268
263
264
273
275
277
239
253
192
169
148
108
98
25
-3
-49
-61
-139
-162
-207
-279
-308
-347
-387
-387
-415
-448
-460
-503
-527
-502
-494
-499
-467
-534
-491
-502
-546
-569
-553
-565
-604
-583
-602
-595
-599
-576
-575
-564
-519
-485
-411
-387
-363
-323
-288
-255
-208
-174
-174
-105
-49
37
138
178
244
304
324
382
420
475
541
581
599
636
659
717
742
744
734
730
714
704
699
665
645
606
599
539
539
536
563
548
511
517
465
467
429
406
367
348
307
229
220
140
110
124
63
42
10
-52
-84
-146
-170
-188
-231
-266
-280
-343
-348
-362
-406
-421
-454
-459
-525
-542
-559
-585
-584
-580
-591
-600
-619
-633
-633
-708
-696
-724
-707
-647
-657
-610
-573
-499
-443
-409
-328
-285
-245
-203
-161
-119
-80
-36
4
56
114
164
231
284
305
383
429
465
510
545
573
594
615
656
656
645
646
636
645
653
633
645
625
595
605
578
575
570
487
454
429
404
345
318
289
250
203
180
144
126
126
73
66
20
-62
-109
-187
-248
-292
-353
-351
-410
-414
-461
-475
-490
-505
-521
-564
-568
-585
-587
-609
-596
-585
-595
-603
-534
-578
-540
-566
-558
-500
-482
-419
-419
-350
-365
-341
-319
-325
-257
-254
-220
-178
-144
-100
-80
-56
-17
-21
-16
16
21
58
114
150
153
213
240
236
305
320
328
355
352
345
347
379
356
379
377
357
392
381
393
387
368
373
375
365
366
346
355
383
369
390
382
373
365
318
289
285
256
233
191
170
151
160
169
160
170
158
195
174
169
181
136
156
150
120
130
109
104
99
82
105
81
62
59
28
43
55
61
49
22
15
5
-21
-22
-44
-33
-68
-61
-106
-123
-142
-172
-186
-223
-219
-236
-208
-214
-199
-199
-208
-168
-185
-168
-160
-178
-184
-216
-240
-246
-290
-279
-296
-340
-358
-422
-447
-463
-495
-508
-501
-510
-507
-520
-528
-507
-483
-473
-484
-447
-413
-385
-374
-377
-376
-399
-376
-333
-348
-307
-250
-238
-179
-175
-148
-131
-159
-168
-123
-125
-106
-101
-94
-102
-108
-65
-57
34
13
90
111
134
188
173
182
205
249
257
331
354
405
449
464
516
557
540
586
596
614
672
641
655
616
616
627
613
613
638
613
601
621
578
544
527
523
467
476
438
406
444
415
399
353
324
306
301
252
216
203
147
145
94
55
59
20
-26
-50
-101
-164
-170
-222
-267
-298
-326
-359
-340
-370
-454
-449
-474
-494
-478
-471
-487
-449
-437
-453
-436
-451
-456
-451
-461
-465
-430
-414
-411
-371
-338
-345
-319
-340
-307
-332
-329
-304
-261
-211
-241
-189
-196
-184
-163
-174
-168
-130
-130
-128
-97
-107
-111
-48
-38
-7
6
22
48
55
50
46
53
20
11
4
-25
-19
-55
-78
-82
-81
-68
-101
-53
-96
-93
-69
-110
-77
-82
-56
-21
4
30
18
46
34
90
103
129
137
177
175
150
201
233
217
214
219
204
254
221
215
189
223
237
192
242
226
264
286
291
308
298
345
319
381
387
424
453
482
495
509
525
521
528
494
490
476
436
397
407
363
334
326
329
311
305
280
252
198
146
111
34
9
-38
-88
-130
-139
-173
-201
-177
-191
-145
-154
-154
-141
-163
-147
-187
-215
-226
-237
-224
-261
-298
-301
-332
-328
-342
-353
-335
-409
-434
-452
-509
-485
-534
-553
-554
-577
-583
-567
-562
-549
-546
-516
-493
-484
-441
-441
-406
-372
-334
-357
-352
-305
-320
-284
-254
-227
-171
-148
-84
-61
-11
31
25
68
90
100
135
131
167
212
262
298
326
338
360
408
408
466
492
540
559
610
597
599
603
582
557
541
541
517
514
513
479
431
410
341
288
268
242
200
167
159
156
103
61
18
-31
-65
-82
-92
-98
-85
-88
-100
-111
-140
-150
-170
-195
-226
-201
-211
-233
-188
-222
-237
-231
-248
-232
-261
-260
-243
-241
-228
-210
-189
-174
-154
-118
-115
-68
-52
-63
-71
-55
-78
-57
-66
-64
-45
-49
-12
-15
37
26
37
24
-4
-7
-24
-54
-57
-66
-57
-56
-42
-65
-92
-87
-136
-81
-76
-68
-72
-77
-87
-106
-101
-76
-80
-51
-49
-43
-13
-16
-23
-44
-42
-47
-34
-21
9
