SAMPLES:	12909
BITSPERSAMPLE:	16
CHANNELS:	1
SAMPLERATE:	16000
NORMALIZED:	FALSE
-192
-209
-253
-231
-276
-243
-247
-281
-272
-312
-314
-335
-309
-267
-313
-289
-277
-283
-261
-253
-222
-244
-217
-197
-173
-168
-175
-141
-166
-173
-171
-172
-174
-159
-165
-163
-175
-179
-162
-153
-142
-141
-125
-126
-103
-99
-100
-70
-81
-44
-35
7
9
30
41
21
28
66
89
124
143
115
188
181
192
215
181
188
201
182
178
176
142
122
114
109
107
109
77
86
36
30
26
9
-5
-17
-33
-62
-40
-49
-73
-101
-99
-98
-99
-69
-97
-50
-28
-12
-4
26
24
54
73
84
101
129
176
157
176
194
196
229
265
256
289
298
306
348
343
332
359
348
374
364
343
372
344
341
312
299
279
261
250
249
185
164
159
109
101
100
76
78
97
8
55
8
23
-4
-4
-22
-31
-58
-95
-64
-138
-111
-173
-184
-225
-222
-227
-278
-262
-329
-334
-367
-398
-435
-425
-458
-480
-487
-486
-511
-541
-507
-545
-552
-550
-550
-552
-537
-522
-517
-492
-475
-466
-437
-407
-386
-347
-293
-263
-243
-222
-194
-236
-159
-159
-154
-47
-76
-7
-18
23
71
93
141
165
215
226
306
299
363
392
361
367
401
442
459
514
495
510
518
497
520
491
522
482
494
507
461
462
414
393
371
365
334
322
293
270
254
198
197
139
112
68
34
25
-45
-18
-37
-59
-35
-30
-43
-41
-38
-54
-53
-103
-108
-133
-149
-129
-141
-152
-141
-136
-133
-122
-130
-126
-97
-73
-83
-38
-62
-53
-72
-84
-104
-106
-81
-107
-80
-74
-56
-45
-32
-15
-26
10
41
62
44
97
117
126
166
143
172
164
187
185
190
179
148
155
130
125
119
107
98
78
70
14
33
31
-16
-8
-68
-69
-89
-109
-142
-185
-192
-238
-258
-285
-335
-332
-311
-358
-356
-390
-399
-413
-411
-422
-454
-425
-453
-456
-437
-445
-419
-393
-378
-354
-311
-278
-261
-209
-192
-192
-152
-141
-97
-34
-31
11
54
82
129
144
173
193
209
204
230
261
235
246
255
253
258
247
274
294
283
314
309
298
328
345
301
327
324
304
334
294
332
307
306
314
274
284
310
288
278
277
251
262
166
182
137
122
142
74
76
71
60
30
-3
-50
-66
-86
-87
-133
-173
-187
-211
-260
-283
-274
-301
-287
-340
-375
-364
-373
-396
-394
-370
-398
-367
-326
-325
-324
-322
-318
-317
-281
-245
-272
-228
-193
-195
-152
-93
-87
-45
-36
-10
48
33
92
107
119
144
170
178
215
230
292
324
351
384
393
392
390
404
369
390
386
369
401
437
385
394
402
376
397
366
374
363
370
341
315
330
309
272
258
204
191
155
107
79
27
-20
-83
-106
-143
-185
-204
-248
-244
-303
-297
-313
-323
-329
-363
-315
-365
-361
-367
-378
-410
-378
-401
-426
-420
-398
-372
-389
-377
-360
-311
-269
-233
-199
-192
-193
-176
-170
-164
-147
-147
-147
-150
-129
-131
-167
-147
-188
-169
-157
-159
-92
-72
-44
-13
-8
-34
-3
-7
4
-9
19
16
36
26
48
63
44
83
85
126
94
133
103
105
120
95
87
120
120
99
143
120
125
129
125
103
125
117
110
98
91
96
99
104
81
79
86
79
129
120
70
86
114
68
77
62
82
81
75
107
123
125
130
146
134
149
128
152
172
157
198
217
212
228
242
265
259
269
290
261
285
275
289
296
276
280
271
270
257
250
206
213
199
176
176
155
122
77
47
11
24
-22
-32
-21
-62
-62
-93
-135
-183
-226
-266
-276
-311
-309
-318
-356
-380
-396
-396
-399
-416
-470
-493
-487
-499
-508
-458
-486
-472
-454
-509
-480
-491
-484
-464
-442
-448
-380
-393
-374
-326
-315
-308
-286
-245
-260
-218
-187
-146
-130
-113
-63
-45
-2
20
53
71
103
125
159
208
225
268
251
279
267
272
276
253
254
281
255
292
295
306
332
335
361
339
374
362
312
304
291
264
224
210
210
217
214
197
195
196
164
179
166
122
135
90
128
132
149
171
132
156
145
135
129
97
51
3
1
-46
-58
-24
-46
-27
29
21
13
22
32
26
36
7
16
10
27
10
38
44
-5
39
-1
43
29
45
40
72
69
57
95
104
114
116
141
168
173
195
179
162
190
141
156
153
137
147
142
129
117
119
67
35
39
-5
20
-10
-60
-75
-108
-121
-165
-188
-231
-267
-277
-293
-319
-319
-353
-367
-398
-391
-393
-420
-414
-435
-443
-464
-488
-496
-468
-499
-525
-490
-504
-521
-508
-523
-518
-488
-446
-436
-410
-387
-365
-343
-351
-325
-300
-295
-244
-204
-196
-117
-98
-71
-54
-22
42
53
67
123
131
160
189
189
210
234
270
295
334
350
332
348
342
307
334
314
311
325
339
367
338
367
370
356
371
373
398
419
449
442
453
446
462
460
453
477
457
442
442
422
401
378
394
332
264
288
270
278
226
188
152
87
76
46
8
29
24
26
-31
-72
-41
-95
-142
-174
-184
-201
-177
-179
-201
-203
-240
-231
-250
-247
-255
-225
-212
-210
-130
-156
-153
-128
-151
-147
-160
-151
-121
-121
-91
-105
-112
-112
-124
-110
-133
-95
-101
-94
-89
-75
-74
-97
-73
-93
-114
-92
-106
-82
-65
-82
-43
-72
-57
-49
-52
-25
-20
-16
19
8
0
6
7
34
52
20
31
34
-45
-20
-46
-60
-82
-86
-120
-105
-119
-139
-131
-198
-179
-174
-185
-204
-217
-224
-252
-220
-262
-238
-244
-259
-252
-261
-236
-230
-199
-202
-160
-182
-118
-97
-96
-60
-61
-35
8
0
56
67
79
100
51
98
130
100
146
146
122
162
134
145
176
174
143
171
178
206
203
207
252
189
213
234
229
224
250
227
204
195
153
181
162
166
177
146
166
170
162
157
140
110
97
81
53
70
31
41
21
13
2
-33
-16
-39
-53
-74
-71
-67
-73
-50
-27
-6
16
40
6
44
64
25
59
67
42
59
63
59
57
60
82
112
106
106
152
139
142
180
137
181
176
167
193
171
215
212
242
216
236
250
249
279
272
251
232
215
198
225
210
201
176
149
153
143
114
60
49
-7
-26
-36
-88
-113
-101
-137
-150
-164
-201
-201
-241
-271
-266
-344
-372
-379
-445
-427
-484
-511
-502
-513
-518
-555
-570
-559
-558
-556
-526
-562
-527
-520
-526
-484
-491
-472
-483
-495
-473
-479
-450
-458
-435
-426
-423
-384
-358
-322
-289
-253
-239
-186
-160
-142
-121
-83
-43
-18
28
43
28
86
94
112
139
151
205
236
314
343
396
424
447
482
502
561
590
612
644
678
671
689
681
664
686
659
672
669
631
609
557
538
506
504
472
436
407
357
313
269
266
222
195
164
175
99
99
89
42
17
6
-40
-41
-46
-64
-34
-81
-77
-44
-90
-108
-107
-147
-131
-148
-147
-166
-186
-176
-182
-188
-223
-219
-224
-220
-255
-229
-248
-254
-268
-310
-308
-291
-283
-289
-251
-272
-258
-237
-260
-275
-275
-282
-281
-307
-269
-257
-225
-238
-240
-226
-227
-227
-238
-202
-200
-210
-159
-146
-133
-109
-124
-114
-134
-119
-106
-113
-109
-125
-110
-92
-80
-67
-36
-4
0
40
35
47
86
49
67
88
55
93
155
146
198
197
183
198
200
225
204
162
179
153
135
170
135
124
136
127
145
142
173
187
140
129
122
96
111
112
97
132
144
173
166
190
232
209
227
220
209
251
248
234
252
267
299
295
307
303
328
303
328
350
322
367
324
326
309
294
262
255
227
193
178
144
134
115
101
81
54
2
-13
-74
-85
-105
-158
-199
-216
-262
-290
-321
-384
-431
-466
-481
-498
-512
-515
-518
-531
-542
-554
-576
-569
-554
-572
-583
-568
-597
-595
-590
-610
-606
-562
-552
-484
-436
-447
-362
-355
-372
-297
-280
-268
-211
-189
-170
-144
-84
-59
-43
-26
-7
30
46
92
125
139
143
170
186
200
190
226
220
227
241
272
283
318
317
311
317
270
297
295
286
309
308
290
342
344
338
332
317
321
319
367
374
377
376
372
402
372
386
362
377
381
378
365
368
403
326
349
317
289
270
259
229
219
199
138
163
148
111
114
80
80
91
72
48
35
-5
2
-8
-49
-16
-18
-30
-29
-32
-17
-23
-27
-16
-26
-18
2
-9
-50
-26
-78
-71
-76
-86
-66
-91
-80
-103
-129
-153
-159
-217
-233
-247
-247
-272
-306
-308
-338
-347
-382
-407
-417
-437
-462
-462
-456
-439
-476
-468
-463
-484
-452
-487
-459
-467
-470
-463
-482
-500
-464
-443
-424
-398
-399
-348
-337
-325
-284
-265
-234
-209
-211
-180
-127
-126
-66
-21
-33
47
76
84
147
181
225
239
277
294
301
337
352
398
429
442
489
504
508
541
536
536
548
577
553
564
565
542
529
506
510
494
437
438
398
347
308
285
271
240
255
210
207
216
190
154
136
95
66
46
-26
-51
-87
-105
-150
-173
-181
-182
-202
-224
-232
-239
-236
-279
-279
-307
-279
-288
-329
-299
-296
-344
-324
-323
-342
-327
-318
-313
-300
-301
-288
-260
-276
-228
-234
-216
-199
-170
-148
-124
-107
-90
-95
-94
-44
-57
-12
7
-13
59
84
81
127
130
138
202
236
239
271
245
262
307
309
338
293
357
336
330
376
365
382
367
365
369
383
390
372
349
315
314
301
272
298
249
261
238
171
171
143
125
90
57
15
-37
-61
-101
-122
-167
-145
-198
-200
-192
-230
-248
-274
-311
-331
-360
-382
-376
-416
-385
-402
-412
-399
-412
-404
-453
-443
-478
-480
-449
-457
-421
-411
-419
-387
-390
-362
-343
-323
-303
-318
-298
-266
-244
-239
-221
-206
-151
-148
-136
-132
-113
-73
-40
-22
-14
62
76
123
101
88
118
80
142
123
138
164
154
180
153
186
192
194
211
222
243
248
231
247
252
255
309
295
318
321
323
313
270
294
236
213
220
238
237
242
228
190
231
234
229
251
277
257
257
223
184
215
173
174
158
137
154
159
139
128
102
74
82
70
64
82
113
143
134
143
125
165
154
116
129
139
117
102
81
73
84
79
47
31
39
59
53
42
44
44
33
8
2
-26
-10
-58
-54
-91
-116
-92
-177
-173
-222
-236
-244
-277
-266
-267
-281
-271
-290
-276
-261
-251
-236
-231
-234
-229
-253
-277
-260
-276
-290
-288
-294
-303
-309
-321
-303
-311
-306
-285
-319
-314
-300
-310
-311
-297
-310
-308
-281
-291
-275
-267
-257
-274
-286
-255
-245
-232
-219
-197
-150
-149
-103
-96
-64
-23
-37
2
18
77
87
115
156
155
190
225
281
294
350
366
381
411
400
408
369
338
365
336
356
353
353
388
353
359
327
336
330
288
300
281
266
255
228
207
192
151
167
169
163
175
166
174
151
174
123
121
99
52
46
27
25
16
7
6
30
7
26
33
43
29
53
54
53
55
39
54
51
7
-2
-32
-56
-39
-61
-52
-44
-38
-30
-65
-66
-80
-80
-98
-88
-114
-137
-91
-107
-119
-132
-124
-131
-147
-146
-185
-188
-229
-229
-244
-274
-281
-274
-273
-244
-243
-276
-238
-265
-255
-237
-256
-255
-279
-268
-288
-291
-252
-234
-213
-200
-200
-180
-133
-139
-108
-97
-76
-71
-78
-39
-54
-31
-3
20
-6
3
14
39
65
46
76
68
60
109
102
108
133
116
156
132
144
139
177
181
146
164
171
175
192
199
213
207
216
243
220
267
245
231
247
228
221
243
206
238
216
202
187
157
163
129
152
142
143
146
174
143
129
127
128
103
98
92
24
43
-10
-7
-73
-80
-94
-153
-154
-165
-186
-231
-206
-234
-264
-244
-238
-277
-304
-301
-306
-310
-272
-280
-263
-233
-249
-218
-223
-187
-176
-163
-168
-145
-130
-101
-66
-29
-2
13
24
52
78
69
119
100
114
123
109
97
102
100
74
85
96
83
134
136
154
153
145
153
153
158
171
166
127
143
150
115
102
107
88
118
151
146
181
200
183
206
167
184
183
168
176
170
165
157
164
146
151
130
129
107
133
113
110
134
110
115
96
64
28
41
41
8
4
-61
-83
-123
-157
-174
-179
-219
-242
-261
-264
-241
-251
-279
-300
-293
-291
-315
-297
-296
-299
-271
-252
-256
-261
-243
-249
-242
-220
-194
-191
-178
-120
-120
-98
-79
-80
-51
-83
-14
-40
-6
15
-1
17
-7
17
8
32
28
54
44
86
62
94
70
88
93
74
102
71
72
71
85
50
50
48
27
5
12
-41
-36
-55
-49
-63
-60
-53
-57
-50
-27
-61
-81
-51
-99
-96
-84
-114
-114
-89
-79
-71
-53
-5
-19
16
34
42
60
54
75
63
41
45
65
16
25
65
74
90
135
152
132
158
151
155
141
174
143
139
126
153
152
115
137
128
167
170
197
198
223
253
253
238
276
242
223
254
219
207
193
193
188
173
160
148
114
132
87
59
34
-12
3
-26
-68
-93
-126
-130
-163
-178
-182
-234
-251
-265
-257
-251
-247
-238
-248
-227
-251
-249
-225
-264
-256
-260
-278
-296
-298
-323
-299
-331
-305
-278
-276
-269
-259
-234
-217
-207
-188
-150
-118
-122
-81
-88
-64
-60
-78
-36
-38
-59
-27
-6
-17
5
43
79
100
131
126
146
129
151
158
163
161
151
162
162
189
179
204
190
190
193
195
201
213
216
189
222
206
203
246
219
228
214
192
200
193
205
172
181
153
142
151
124
129
139
131
113
75
89
96
77
84
88
102
95
124
138
132
147
161
132
106
137
118
89
112
74
122
139
112
126
90
93
51
46
15
-6
-13
-36
-32
-83
-79
-101
-133
-137
-163
-172
-206
-214
-236
-251
-243
-245
-233
-231
-230
-252
-236
-210
-251
-209
-254
-289
-281
-334
-316
-299
-360
-334
-338
-368
-340
-335
-362
-373
-374
-396
-381
-424
-428
-414
-412
-421
-394
-401
-411
-400
-390
-377
-376
-335
-335
-334
-280
-261
-195
-145
-110
-70
-49
-11
21
12
36
105
96
167
175
195
244
282
323
337
375
412
446
458
492
513
534
546
605
601
616
647
615
649
631
641
636
683
679
683
667
669
675
602
582
569
553
515
499
504
484
473
454
404
407
359
379
328
319
266
226
236
176
169
135
97
75
23
6
-34
-70
-136
-210
-212
-301
-366
-405
-482
-514
-507
-572
-634
-608
-591
-611
-576
-528
-501
-532
-526
-514
-527
-598
-670
-674
-713
-763
-767
-735
-716
-687
-657
-483
-406
-396
-334
-292
-254
-305
-322
-313
-372
-423
-403
-337
-282
-265
-184
-46
59
117
175
243
291
232
190
211
125
35
-2
-50
-97
-51
-67
-20
79
112
232
317
371
381
378
358
333
329
256
271
260
232
242
285
317
341
366
440
424
448
517
512
489
399
333
267
127
50
-96
-194
-277
-402
-437
-525
-549
-560
-622
-609
-573
-574
-519
-511
-517
-522
-482
-491
-453
-334
-311
-187
-31
79
289
439
496
581
700
701
701
701
667
663
588
612
657
687
724
828
993
1126
1297
1401
1467
1490
1482
1399
1363
1250
1100
1068
1035
1016
1029
1093
1164
1263
1355
1391
1326
971
382
-40
-576
-1516
-2532
-3089
-3722
-4331
-4400
-4044
-3699
-3500
-2877
-2025
-1431
-1149
-913
-875
-1026
-1416
-1587
-1526
-1587
-1571
-1228
-378
336
1052
1912
2749
3323
3505
3754
3784
3332
2593
1782
1118
454
-305
-861
-1071
-1308
-1460
-1358
-962
-662
-601
-556
-405
-440
-784
-1109
-1478
-1903
-2410
-2650
-2643
-2525
-2277
-1857
-1165
-557
90
773
1360
1920
2191
2366
2588
2638
2500
2387
2335
2286
2333
2441
2629
2850
2976
3105
3169
3089
2878
2529
2116
1618
1068
513
-28
-472
-767
-1111
-1243
-1263
-1274
-1120
-986
-865
-759
-683
-499
-372
-280
-142
-73
30
-16
-211
-697
-1221
-1606
-2184
-3103
-3821
-4113
-4615
-4955
-4795
-4355
-4067
-3729
-2998
-2209
-1686
-1430
-1156
-996
-1027
-1136
-929
-582
-366
-115
608
1530
2304
3054
3873
4707
5036
5205
5313
5169
4619
3818
3010
2237
1466
606
-15
-382
-753
-1076
-1160
-941
-873
-998
-987
-936
-1041
-1361
-1629
-1908
-2399
-2904
-3178
-3176
-3291
-3356
-2976
-2331
-1709
-1080
-163
724
1296
1881
2659
3167
3392
3487
3648
3795
3709
3620
3673
3551
3329
3128
3219
3223
3063
2864
2801
2737
2345
2089
1741
1168
460
-43
-472
-941
-1359
-1621
-1692
-1701
-1439
-1034
-637
-191
125
405
568
180
-322
-841
-1699
-2903
-4061
-4838
-5636
-6164
-6127
-5572
-5100
-4543
-3490
-2438
-1630
-1294
-1013
-927
-1188
-1571
-1722
-1674
-1687
-1487
-856
218
1256
2294
3433
4499
5253
5670
5891
5733
5141
4055
3002
1995
871
-199
-1195
-1775
-2234
-2522
-2664
-2401
-2250
-2359
-2338
-2234
-2192
-2501
-2819
-3126
-3439
-3833
-3967
-3792
-3513
-3246
-2856
-1939
-1044
-406
390
1212
1721
1987
2409
2795
2970
2997
3202
3498
3653
3872
4236
4573
4631
4592
4597
4494
3970
3276
2748
2166
1413
685
284
-6
-349
-414
-191
48
245
555
1003
1277
1456
1616
1755
1624
1533
1520
1507
1553
1559
1704
1929
1896
1541
1159
793
204
-884
-1956
-2849
-3692
-4627
-5143
-5219
-5293
-5240
-4860
-4151
-3530
-3173
-2849
-2622
-2538
-2615
-2620
-2320
-2216
-2088
-1631
-892
-79
744
1583
2540
3307
3828
4240
4479
4217
3541
2794
1975
1037
-156
-1234
-2109
-2677
-3280
-3551
-3488
-3368
-3105
-2891
-2494
-2125
-1994
-1933
-2057
-2242
-2409
-2610
-2815
-2690
-2535
-2230
-1564
-793
190
1110
1941
2767
3595
4129
4384
4691
4778
4482
4239
4179
4038
3916
3775
3741
3752
3706
3621
3571
3247
2715
2144
1498
819
35
-776
-1425
-1948
-2345
-2396
-2303
-1972
-1619
-983
-242
256
867
1282
1497
1714
1897
2022
1936
1928
1970
1862
1593
1144
545
103
-475
-1381
-2342
-3097
-3778
-4486
-4975
-5147
-5247
-5268
-5039
-4710
-4333
-4070
-3958
-3824
-3598
-3471
-3284
-2930
-2480
-2033
-1470
-522
471
1201
1904
2751
3422
3787
4052
4248
4071
3466
2861
2159
1476
727
-148
-739
-1158
-1587
-1789
-1800
-1668
-1599
-1560
-1169
-747
-555
-575
-518
-423
-564
-701
-606
-318
-129
93
519
1378
2041
2506
3175
3884
4353
4474
4688
4811
4503
3969
3564
3307
2886
2274
2146
1988
1810
1587
1603
1545
1158
647
241
-181
-1004
-1725
-2382
-2992
-3546
-3745
-3648
-3315
-2808
-2233
-1323
-346
497
1256
1872
2281
2388
2542
2525
2556
2582
2550
2753
2812
2824
2650
2277
1800
1260
307
-861
-2006
-3122
-4143
-5006
-5453
-5743
-5989
-6000
-5550
-5132
-4701
-4380
-4108
-3866
-3712
-3511
-3147
-2810
-2602
-2245
-1655
-937
-353
343
1127
1774
2219
2720
3126
3251
3090
2703
2205
1699
1030
274
-367
-986
-1443
-1736
-1872
-1743
-1431
-1191
-817
-377
32
291
569
835
938
885
976
1147
1275
1293
1461
1803
2109
2226
2505
2827
2929
2879
2852
2907
2635
2282
1999
1792
1473
1079
852
740
504
147
28
-44
-353
-756
-992
-1131
-1472
-1666
-1709
-1658
-1494
-1407
-1037
-540
-144
228
795
1415
1960
2452
2875
3310
3700
3865
4176
4391
4448
4607
4648
4643
4476
4230
3580
2712
1772
827
-421
-1876
-3186
-4313
-5309
-6127
-6579
-6812
-6741
-6633
-6180
-5642
-5016
-4610
-4331
-4099
-4031
-3991
-3897
-3714
-3468
-3172
-2742
-1908
-1029
-224
678
1527
2339
3011
3406
3749
3774
3335
2726
2164
1460
646
-68
-540
-838
-976
-933
-599
-152
287
754
1305
1723
1931
1967
1812
1532
1063
612
278
-142
-478
-609
-557
-408
-21
314
695
947
1017
1278
1322
1158
901
488
123
-231
-463
-608
-672
-686
-632
-221
146
579
942
1315
1516
1565
1704
1798
1694
1636
1663
1769
1927
2037
2452
2830
3228
3756
4195
4599
4864
5009
5059
4971
4852
4499
4051
3620
3021
2359
1591
590
-532
-1693
-2660
-3759
-4944
-6132
-6962
-7644
-8266
-8441
-8402
-8159
-8004
-7459
-6830
-6246
-5920
-5487
-5049
-4674
-4363
-3879
-3143
-2576
-1897
-1108
41
1206
2098
3079
4115
4907
5478
5917
6251
6173
5785
5231
4802
4201
3424
2693
2141
1753
1312
1041
1105
1205
1184
1205
1437
1491
1395
1098
762
296
-352
-831
-1213
-1668
-2151
-2385
-2352
-2163
-1957
-1613
-1335
-1050
-821
-570
-391
-529
-551
-707
-861
-921
-881
-826
-659
-468
-245
222
631
1142
1439
1806
2105
2191
2355
2296
2245
2090
1970
2033
2046
2149
2391
2662
3062
3431
3730
3986
4148
4337
4337
4241
4099
3726
3330
2949
2354
1589
811
-80
-1248
-2381
-3362
-4314
-5553
-6721
-7425
-7917
-8475
-8591
-8483
-8317
-8092
-7598
-7034
-6502
-6068
-5645
-5199
-4675
-4044
-3380
-2469
-1601
-716
317
1470
2573
3635
4525
5384
6128
6709
6998
7188
7050
6645
6120
5510
4911
4238
3452
2753
2346
1905
1557
1449
1440
1333
1277
1267
1282
1129
758
407
-59
-632
-1124
-1536
-1887
-2257
-2520
-2500
-2310
-2155
-1965
-1560
-1247
-1005
-813
-674
-515
-524
-576
-557
-592
-618
-556
-402
-333
-310
-40
352
666
919
1202
1375
1545
1589
1653
1661
1443
1376
1339
1309
1494
1684
1859
2192
2564
3020
3415
3807
4069
4211
4227
4138
3978
3603
3115
2480
1794
1036
126
-942
-2097
-3098
-4101
-5293
-6373
-7202
-7800
-8316
-8486
-8353
-8193
-7947
-7453
-6819
-6151
-5722
-5219
-4668
-4197
-3728
-3081
-2351
-1611
-747
144
1260
2376
3408
4384
5319
6100
6665
6960
7124
6987
6498
5831
5142
4496
3683
2847
2208
1692
1214
849
679
577
470
315
223
245
104
-189
-522
-859
-1308
-1592
-1905
-2168
-2408
-2549
-2437
-2289
-2005
-1668
-1350
-1038
-840
-519
-250
-94
-53
-5
29
-16
145
292
380
479
734
1081
1347
1560
1927
2055
2137
2263
2289
2259
2063
1989
1927
1936
1969
2160
2324
2497
2713
3085
3379
3593
3897
4061
4178
4170
4061
3837
3386
2867
2262
1432
672
-250
-1375
-2495
-3561
-4455
-5506
-6607
-7297
-7717
-8150
-8403
-8264
-7901
-7776
-7380
-6780
-6084
-5517
-4921
-4277
-3600
-2833
-2119
-1196
-277
631
1419
2455
3549
4455
5175
5880
6431
6795
6875
6929
6672
6127
5364
4532
3864
3138
2354
1590
1036
542
185
-48
-120
-275
-438
-546
-611
-662
-922
-1244
-1563
-1964
-2288
-2547
-2759
-2879
-2992
-2971
-2697
-2282
-1922
-1609
-1182
-834
-526
-254
-125
52
0
-44
0
0
101
87
183
329
457
780
1131
1422
1610
1804
1911
2003
1901
1688
1554
1319
1067
999
1079
1240
1418
1718
2183
2596
2987
3284
3706
3926
4007
3988
3888
3675
3305
2729
2149
1373
536
-518
-1644
-2676
-3617
-4568
-5705
-6514
-7043
-7406
-7721
-7610
-7432
-7245
-6960
-6381
-5704
-5135
-4525
-3855
-3312
-2706
-2020
-1323
-646
40
777
1533
2407
3310
4035
4741
5337
5775
6145
6228
6303
6023
5543
4963
4354
3732
3048
2236
1665
1203
819
559
308
208
120
10
-25
-57
-166
-439
-817
-1133
-1532
-1768
-2026
-2301
-2584
-2674
-2642
-2516
-2276
-2052
-1937
-1699
-1358
-1041
-766
-591
-451
-364
-53
39
270
429
640
747
988
1272
1510
1630
1801
1907
1990
2019
1954
1904
1761
1712
1702
1729
1747
1791
1861
1937
2200
2594
2883
3241
3554
3947
4161
4210
4101
3811
3256
2671
1960
1111
220
-805
-1849
-2851
-3556
-4349
-5161
-5935
-6508
-6909
-7335
-7528
-7564
-7454
-7303
-6817
-6142
-5479
-4840
-4222
-3591
-2942
-2367
-1745
-1081
-431
213
752
1538
2310
3037
3585
4205
4859
5221
5549
5671
5586
5275
4722
4204
3767
3170
2507
1936
1543
1259
1009
941
925
802
788
818
865
768
544
247
-149
-548
-938
-1310
-1624
-1973
-2154
-2189
-2094
-1909
-1697
-1461
-1322
-1024
-735
-537
-358
-272
-204
-181
-199
-98
-149
-85
131
348
497
566
954
1199
1388
1628
1498
1564
1506
1385
1431
1236
1341
1338
1534
1903
2043
2505
2873
3336
3621
3725
4105
4019
3789
3545
3160
2561
1862
1167
350
-491
-1379
-2443
-3373
-4162
-5003
-5874
-6658
-7202
-7678
-7964
-8040
-7862
-7610
-7278
-6748
-6019
-5247
-4646
-3950
-3295
-2634
-1910
-1070
-243
525
1301
2011
2794
3553
4227
4800
5201
5569
5745
5821
5796
5535
5188
4669
4184
3714
3249
2711
2183
1781
1426
1247
961
809
628
471
368
267
239
68
-148
-327
-480
-595
-659
-769
-802
-733
-622
-550
-418
-307
-282
-306
-266
-231
-234
-304
-271
-236
-176
-112
40
164
133
237
293
371
331
357
330
249
173
108
55
78
112
293
543
880
1181
1561
1938
2235
2483
2674
2942
2970
3013
2974
2944
2759
2582
2463
2091
1583
1176
537
-94
-901
-1936
-2893
-3718
-4556
-5592
-6432
-6998
-7426
-7801
-7749
-7579
-7232
-6884
-6194
-5375
-4625
-4005
-3344
-2845
-2377
-1814
-1266
-687
-156
408
1054
1853
2510
3239
3867
4439
4901
5272
5536
5548
5413
5178
4688
4251
3780
3288
2739
2309
1863
1671
1491
1307
1270
1270
1194
1052
1113
997
746
423
262
-110
-339
-462
-600
-698
-803
-829
-603
-568
-519
-487
-466
-410
-414
-332
-333
-330
-350
-282
-164
-90
-66
-29
11
-21
-32
17
-4
-137
-251
-267
-318
-331
-371
-266
-142
40
213
410
713
846
1047
1311
1672
1890
2028
2190
2397
2440
2333
2220
2014
1660
1260
899
332
-211
-830
-1594
-2182
-2740
-3489
-4179
-4861
-5295
-5703
-5966
-5971
-5758
-5692
-5328
-4673
-4017
-3366
-2857
-2221
-1724
-1246
-732
-39
396
821
1375
1883
2517
3104
3560
3986
4324
4555
4780
4842
4744
4440
4071
3609
3208
2870
2431
2022
1675
1328
1140
950
787
637
418
225
119
68
-1
-196
-403
-568
-697
-814
-862
-897
-948
-965
-896
-864
-695
-658
-678
-549
-539
-396
-299
-107
70
185
262
500
670
698
728
905
785
696
531
439
232
-107
-249
-363
-419
-514
-339
-128
149
339
599
949
1030
1062
1264
1298
1332
1241
1187
1330
1332
1260
1295
1249
1138
891
539
185
-533
-1232
-2000
-2638
-3425
-4245
-4997
-5384
-5771
-6019
-6079
-6076
-5931
-5788
-5366
-4807
-4181
-3709
-3120
-2565
-1901
-1442
-845
-267
317
795
1392
1949
2502
2966
3283
3608
3866
4037
4023
4160
3947
3620
3291
2973
2534
2128
1516
1026
624
267
-60
-259
-360
-436
-490
-494
-288
-170
-107
-116
-117
-87
-193
-219
-217
-239
-217
-162
-107
137
369
548
883
1148
1494
1563
1940
2018
2121
2002
2051
2198
2130
1914
1926
1889
1568
1281
1159
1093
778
633
504
577
315
348
560
663
674
699
847
987
933
972
1062
1197
1132
1149
1320
1353
1395
1359
1549
1380
1238
880
579
-23
-687
-1422
-1891
-2468
-3291
-4064
-4697
-5078
-5637
-5846
-5976
-5800
-5723
-5286
-4578
-3937
-3434
-2910
-2424
-1936
-1517
-1041
-491
17
443
851
1534
2019
2428
2791
3185
3474
3580
3611
3607
3390
3003
2556
2082
1638
1103
634
99
-271
-636
-866
-1051
-1238
-1269
-1321
-1205
-1126
-1111
-972
-957
-1034
-982
-958
-986
-1018
-1046
-938
-823
-677
-443
-134
-50
198
438
661
759
958
1143
1290
1398
1436
1589
1667
1595
1609
1762
1620
1384
1205
1183
885
539
328
126
-105
-252
-241
-43
47
93
217
314
414
601
666
768
874
1058
1344
1466
1648
1713
1758
1739
1674
1521
1241
990
474
-97
-587
-965
-1566
-2445
-3069
-3599
-4197
-4721
-5086
-5173
-5280
-5252
-4756
-4175
-3580
-3110
-2599
-2007
-1515
-1064
-411
125
529
1029
1495
2063
2438
2720
3046
3413
3662
3742
3905
3808
3544
3270
2882
2538
2108
1548
1085
601
165
-104
-400
-650
-822
-957
-960
-1026
-1012
-978
-1125
-1190
-1241
-1175
-1164
-1245
-1154
-1147
-1076
-908
-759
-506
-306
10
256
666
994
1252
1592
1923
2188
2412
2656
2845
3001
2960
3051
3053
2924
2670
2375
2017
1476
994
596
183
-230
-435
-493
-520
-520
-551
-491
-433
-412
-299
-175
-75
-66
10
65
-15
-154
-205
-222
-295
-331
-437
-536
-830
-1212
-1622
-1921
-2339
-3003
-3694
-4277
-4808
-5493
-5825
-6033
-5955
-5897
-5508
-4744
-3911
-3201
-2446
-1667
-1054
-563
57
641
1014
1410
1774
2238
2579
2875
3210
3579
3948
4260
4417
4525
4395
4065
3684
3221
2744
2170
1452
788
246
-180
-566
-961
-1140
-1239
-1286
-1231
-1062
-978
-967
-959
-959
-925
-1063
-1162
-1201
-1303
-1238
-1157
-857
-518
-197
128
643
1129
1519
1875
2148
2440
2600
2726
2878
3042
3046
3023
2877
2843
2726
2436
2182
1860
1477
1084
802
456
145
-125
-235
-264
-283
-408
-463
-409
-473
-512
-480
-439
-475
-459
-319
-239
-214
-263
-335
-385
-566
-646
-852
-1039
-1386
-1846
-2166
-2456
-2784
-3364
-3931
-4345
-4708
-5063
-5222
-5239
-5144
-4992
-4428
-3718
-2947
-2260
-1472
-682
-61
553
1143
1753
2046
2442
2847
3242
3564
3867
4158
4403
4640
4825
4861
4813
4607
4311
3825
3326
2824
2205
1632
930
342
-91
-579
-930
-1151
-1365
-1408
-1453
-1431
-1445
-1481
-1632
-1614
-1592
-1701
-1737
-1741
-1632
-1628
-1576
-1408
-1165
-960
-852
-557
-118
156
495
824
1201
1487
1631
1899
2262
2390
2363
2483
2467
2384
2175
2124
1885
1525
1207
912
672
407
160
132
162
61
0
-72
-131
-253
-405
-493
-672
-814
-854
-925
-980
-1083
-1108
-1145
-1188
-1297
-1412
-1520
-1679
-2051
-2425
-2705
-3078
-3502
-4069
-4498
-4872
-5147
-5459
-5561
-5483
-5296
-5039
-4417
-3631
-2880
-2144
-1331
-449
245
882
1539
2103
2487
2870
3311
3668
3962
4250
4469
4718
4869
5013
5025
4986
4790
4524
4081
3686
3121
2480
1848
1237
825
312
-76
-491
-795
-1029
-1194
-1298
-1281
-1343
-1402
-1523
-1604
-1560
-1552
-1631
-1689
-1724
-1759
-1694
-1485
-1363
-1202
-836
-486
57
519
928
1363
1786
2146
2523
2901
3199
3377
3475
3558
3581
3489
3403
3185
3000
2701
2364
2142
1833
1501
1225
1094
857
716
473
269
158
-59
-230
-319
-433
-521
-549
-571
-587
-764
-909
-1002
-1206
-1378
-1503
-1722
-1911
-2360
-2797
-3207
-3504
-3899
-4425
-4915
-5351
-5640
-5931
-6083
-6086
-5824
-5548
-4922
-4164
-3373
-2738
-1989
-1300
-741
-149
427
924
1276
1721
2143
2643
3072
3505
3903
4249
4450
4614
4717
4638
4418
4092
3655
3241
2772
2185
1645
1117
671
226
-158
-465
-690
-928
-1149
-1184
-1256
-1360
-1414
-1535
-1638
-1726
-1767
-1846
-2013
-2020
-2041
-1957
-1711
-1408
-1059
-737
-274
218
786
1313
1820
2399
2927
3320
3672
3965
4131
4280
4306
4287
4121
3934
3705
3456
3127
2744
2365
2047
1630
1163
894
559
269
-61
-384
-575
-826
-1115
-1222
-1279
-1325
-1414
-1369
-1403
-1425
-1476
-1605
-1675
-1929
-2244
-2466
-2706
-3113
-3450
-3745
-3912
-4088
-4364
-4601
-4800
-4984
-5221
-5298
-5263
-5023
-4780
-4229
-3592
-2880
-2158
-1516
-680
-43
666
1364
1821
2387
2738
3175
3533
3817
4122
4182
4471
4529
4758
4771
4685
4590
4280
3973
3644
3202
2697
2196
1593
1064
620
216
-276
-657
-1033
-1365
-1533
-1633
-1771
-1925
-2004
-2133
-2234
-2195
-2349
-2434
-2503
-2499
-2464
-2358
-2036
-1763
-1430
-1090
-500
89
577
1218
1826
2354
2824
3266
3614
3853
4012
4039
4032
3942
3737
3458
3229
2916
2504
2260
1845
1444
1173
854
722
524
252
144
-93
-315
-604
-706
-795
-933
-1012
-1048
-1004
-1048
-1124
-1158
-1230
-1324
-1427
-1706
-1859
-2118
-2460
-2745
-2937
-3113
-3364
-3746
-4083
-4334
-4626
-4768
-4798
-4632
-4427
-4110
-3466
-2733
-2018
-1329
-662
9
527
1093
1594
1946
2176
2346
2546
2663
2928
3108
3260
3480
3631
3879
3962
3867
3752
3440
3073
2613
2236
1692
1124
509
-1
-492
-1017
-1433
-1866
-2101
-2405
-2583
-2659
-2718
-2834
-2936
-2920
-2896
-2947
-2931
-2935
-2798
-2630
-2551
-2261
-1897
-1535
-1140
-579
92
692
1275
1917
2494
2977
3375
3740
4011
4123
4254
4228
4108
3966
3626
3374
3092
2735
2436
2092
1755
1383
987
788
553
257
62
-118
-337
-502
-623
-768
-851
-875
-884
-810
-731
-752
-696
-698
-724
-795
-880
-904
-1036
-1159
-1405
-1687
-1949
-2050
-2333
-2670
-2965
-3265
-3371
-3563
-3631
-3517
-3243
-2995
-2496
-1874
-1329
-762
-175
345
782
1190
1505
1781
1992
2125
2242
2480
2613
2768
2969
3153
3356
3516
3598
3639
3601
3447
3192
2907
2555
2111
1586
1017
525
-8
-497
-946
-1319
-1615
-1897
-2162
-2318
-2455
-2604
-2671
-2727
-2691
-2752
-2751
-2762
-2742
-2661
-2618
-2454
-2157
-1790
-1480
-1000
-537
87
585
1115
1594
2149
2427
2704
2986
3031
2982
2860
2744
2534
2268
2019
1914
1735
1523
1303
1122
869
578
367
279
80
-186
-450
-652
-912
-1099
-1267
-1366
-1422
-1469
-1451
-1379
-1319
-1245
-1189
-1167
-1184
-1250
-1259
-1431
-1511
-1617
-1873
-1980
-2195
-2207
-2309
-2460
-2569
-2693
-2694
-2817
-2704
-2609
-2373
-2086
-1624
-1046
-483
-59
410
829
1155
1406
1621
1831
1967
2230
2347
2619
2782
3018
3206
3379
3582
3708
3754
3812
3813
3608
3414
3127
2718
2227
1670
1056
409
-235
-833
-1374
-1787
-2218
-2454
-2662
-2743
-2749
-2810
-2753
-2702
-2633
-2588
-2537
-2542
-2390
-2406
-2296
-2178
-1946
-1686
-1328
-873
-405
83
596
1105
1568
2006
2269
2615
2796
2828
2790
2639
2532
2369
2135
1987
1891
1667
1477
1339
1263
1136
947
847
741
638
512
332
205
-42
-305
-449
-574
-753
-878
-895
-892
-838
-716
-531
-439
-279
-93
-12
107
153
78
-110
-370
-570
-772
-943
-1294
-1599
-1806
-1924
-2121
-2080
-2039
-1907
-1699
-1361
-845
-476
-87
79
316
388
432
474
477
445
533
672
780
1072
1393
1686
1973
2290
2624
2943
3131
3173
3061
2848
2496
2021
1524
892
117
-544
-1103
-1586
-1963
-2230
-2344
-2460
-2549
-2453
-2379
-2304
-2202
-2271
-2212
-2263
-2289
-2323
-2365
-2414
-2362
-2272
-2106
-1751
-1438
-1037
-495
-48
432
928
1277
1630
1770
1918
1973
2047
1930
1885
1854
1767
1723
1646
1574
1439
1327
1188
1058
975
771
574
392
236
60
-242
-536
-722
-899
-1096
-1171
-1202
-1174
-1184
-1029
-884
-680
-540
-314
-42
176
439
642
770
901
831
742
581
443
268
-9
-300
-663
-877
-1174
-1457
-1544
-1519
-1482
-1230
-922
-613
-324
-264
-194
-108
-110
-187
-170
-163
-194
-166
-19
226
508
860
1293
1687
2097
2465
2814
2979
2945
2808
2511
2181
1710
1200
545
-84
-549
-992
-1230
-1363
-1392
-1384
-1370
-1196
-1008
-835
-735
-672
-640
-654
-717
-814
-883
-1080
-1193
-1236
-1167
-1072
-1023
-712
-456
-213
23
253
529
651
745
794
797
739
703
550
476
390
266
221
120
116
97
33
75
107
118
148
30
-20
-82
-234
-309
-339
-341
-346
-378
-357
-232
-171
40
326
562
866
1170
1568
1833
2010
2187
2259
2185
2006
1784
1416
970
549
243
-99
-518
-997
-1360
-1559
-1890
-2093
-2121
-2215
-2324
-2290
-2074
-1880
-1811
-1810
-1774
-1777
-1732
-1657
-1535
-1443
-1258
-910
-499
33
535
1061
1509
1942
2369
2625
2703
2706
2474
2149
1741
1342
882
308
-159
-570
-868
-1037
-1044
-921
-865
-669
-359
-137
141
324
352
335
313
202
9
-251
-478
-667
-799
-885
-821
-727
-715
-581
-491
-280
-266
-196
-244
-230
-223
-293
-248
-262
-315
-354
-295
-256
-204
-167
21
58
196
338
454
475
444
496
514
584
620
780
932
1065
1149
1228
1320
1443
1487
1505
1687
1886
2013
2177
2338
2481
2463
2390
2255
2108
1906
1648
1430
1124
754
236
-170
-567
-1047
-1696
-2202
-2623
-3071
-3415
-3616
-3688
-3809
-3841
-3760
-3557
-3448
-3339
-3229
-3096
-2938
-2762
-2436
-2116
-1818
-1440
-944
-442
48
610
1035
1421
1777
2057
2156
2118
2063
1903
1703
1541
1410
1241
1079
896
882
915
948
1080
1169
1230
1316
1307
1349
1350
1233
1048
869
649
449
125
-228
-521
-819
-1087
-1398
-1638
-1781
-1971
-2163
-2302
-2288
-2300
-2322
-2126
-1943
-1747
-1484
-1167
-900
-655
-444
-158
-19
85
121
226
444
598
743
978
1231
1444
1713
2092
2310
2525
2771
2941
3210
3248
3309
3388
3281
3170
3096
2947
2814
2740
2614
2574
2487
2418
2266
2184
1979
1635
1358
981
565
-13
-552
-1111
-1724
-2268
-2793
-3334
-3825
-4164
-4451
-4675
-4809
-4869
-4810
-4783
-4535
-4221
-3846
-3551
-3226
-2868
-2519
-2081
-1682
-1300
-964
-571
-106
330
746
1190
1556
1934
2284
2651
2974
3097
3219
3252
3166
3085
2945
2714
2501
2269
2051
1846
1699
1480
1239
1007
714
408
117
-268
-705
-1070
-1509
-1947
-2366
-2780
-3269
-3731
-4143
-4415
-4612
-4764
-4805
-4806
-4652
-4411
-4137
-3731
-3375
-2865
-2359
-1888
-1370
-764
-242
231
629
1046
1490
1850
2175
2510
2851
3186
3575
3907
4250
4576
4833
4988
5202
5201
5269
5202
5031
4918
4756
4510
4212
3990
3643
3291
2869
2443
2064
1579
1197
838
473
222
-161
-397
-692
-989
-1256
-1484
-1752
-2076
-2509
-2897
-3209
-3666
-4075
-4414
-4647
-4865
-4904
-4857
-4617
-4359
-4069
-3530
-3026
-2555
-2086
-1697
-1333
-1077
-810
-627
-415
-239
29
367
775
1164
1654
2202
2683
3307
3743
4176
4407
4505
4544
4389
4204
3922
3506
2943
2409
1855
1227
772
226
-273
-738
-1160
-1513
-1846
-2206
-2637
-3059
-3501
-3884
-4270
-4611
-4990
-5328
-5520
-5656
-5681
-5562
-5401
-5144
-4858
-4364
-3899
-3303
-2700
-2036
-1357
-703
70
788
1444
2000
2657
3262
3724
4166
4614
4985
5289
5491
5634
5817
5924
5868
5776
5717
5445
5110
4810
4438
4049
3511
3085
2648
2054
1525
964
452
-32
-568
-956
-1345
-1707
-1976
-2217
-2392
-2569
-2770
-2884
-3048
-3143
-3171
-3204
-3202
-3159
-3103
-3042
-2921
-2816
-2811
-2824
-2790
-2822
-2717
-2640
-2492
-2279
-2008
-1729
-1379
-978
-514
-145
150
545
907
1299
1623
1969
2221
2477
2684
2925
3087
3245
3287
3362
3471
3501
3550
3408
3321
3051
2666
2244
1790
1279
696
16
-674
-1251
-1833
-2449
-2944
-3491
-3907
-4274
-4610
-4799
-4969
-5147
-5252
-5324
-5356
-5374
-5394
-5286
-5174
-4984
-4633
-4214
-3731
-3110
-2377
-1550
-687
268
1120
2030
2967
3866
4670
5327
5934
6469
6933
7271
7571
7717
7669
7633
7431
7178
6882
6483
6062
5553
5013
4396
3772
3130
2393
1652
957
289
-359
-1010
-1670
-2288
-2797
-3289
-3738
-4077
-4352
-4557
-4700
-4725
-4638
-4542
-4360
-4128
-3858
-3558
-3277
-3004
-2698
-2478
-2325
-2129
-2011
-1886
-1882
-1887
-1845
-1814
-1769
-1692
-1523
-1342
-1069
-729
-389
0
394
798
1060
1242
1412
1456
1423
1433
1394
1289
1255
1260
1238
1286
1349
1417
1539
1552
1492
1467
1345
1072
753
351
-115
-630
-1201
-1792
-2335
-2890
-3343
-3748
-4114
-4435
-4754
-4969
-5126
-5195
-5160
-5121
-5031
-4850
-4649
-4308
-3899
-3514
-3000
-2491
-1845
-1135
-381
472
1258
2104
2958
3722
4494
5248
5988
6549
7128
7596
7850
8067
8175
8163
7922
7614
7275
6815
6300
5778
5152
4524
3848
3086
2397
1683
977
291
-393
-975
-1565
-2148
-2678
-3199
-3756
-4217
-4579
-4878
-5137
-5224
-5213
-5172
-4999
-4728
-4405
-4045
-3661
-3309
-2911
-2594
-2275
-2014
-1834
-1612
-1409
-1164
-1038
-805
-552
-296
-10
225
553
711
879
1112
1242
1415
1543
1615
1705
1708
1662
1595
1584
1403
1278
1226
1065
987
816
718
655
548
467
415
365
261
149
-22
-213
-529
-887
-1235
-1637
-2063
-2442
-2864
-3293
-3665
-4018
-4328
-4555
-4714
-4881
-4949
-4920
-4811
-4658
-4382
-4008
-3484
-2966
-2407
-1752
-1060
-358
334
1026
1790
2522
3227
3859
4460
4990
5421
5874
6227
6467
6725
6942
7012
7121
6981
6744
6537
6211
5715
5259
4769
4096
3490
2718
2034
1284
510
-152
-850
-1458
-2034
-2599
-3079
-3395
-3786
-4108
-4305
-4492
-4650
-4671
-4730
-4718
-4710
-4683
-4582
-4426
-4194
-3938
-3624
-3244
-2862
-2396
-1917
-1526
-1059
-522
-118
293
660
889
1139
1294
1387
1398
1409
1451
1418
1421
1435
1395
1412
1365
1321
1236
1114
1011
843
712
499
373
158
-77
-200
-418
-578
-775
-923
-1024
-1149
-1304
-1392
-1438
-1583
-1667
-1827
-1954
-2103
-2416
-2654
-2868
-3162
-3401
-3523
-3590
-3597
-3516
-3379
-3137
-2825
-2431
-1986
-1533
-990
-448
129
704
1291
1792
2332
2871
3299
3739
4147
4467
4726
4986
5234
5494
5661
5854
5924
5971
5997
5978
5924
5768
5552
5219
4886
4403
3860
3250
2566
1916
1245
656
92
-436
-917
-1348
-1742
-2095
-2427
-2720
-3023
-3332
-3572
-3808
-4066
-4232
-4358
-4531
-4551
-4556
-4527
-4423
-4209
-3962
-3653
-3170
-2777
-2388
-1925
-1518
-1100
-740
-350
-38
264
486
676
908
1076
1141
1209
1219
1234
1188
1185
1186
1151
1111
1053
1008
900
813
655
548
349
130
-107
-383
-672
-950
-1269
-1541
-1770
-1950
-2070
-2144
-2160
-2187
-2199
-2212
-2221
-2291
-2274
-2301
-2304
-2326
-2358
-2337
-2295
-2218
-2053
-1866
-1619
-1251
-913
-580
-211
187
531
886
1214
1532
1851
2087
2314
2567
2794
2996
3255
3453
3694
3876
4038
4171
4190
4212
4287
4258
4274
4261
4193
4109
3931
3702
3464
3244
2876
2561
2173
1814
1437
1087
672
328
-81
-510
-890
-1323
-1727
-2155
-2523
-2925
-3282
-3542
-3805
-4046
-4187
-4293
-4360
-4339
-4227
-4092
-3924
-3674
-3398
-3028
-2730
-2352
-2036
-1752
-1362
-1001
-623
-293
66
402
755
1024
1299
1542
1770
1902
2025
2178
2189
2257
2265
2208
2187
2118
1928
1739
1484
1280
1065
839
621
364
183
-114
-384
-629
-922
-1152
-1349
-1528
-1649
-1779
-1859
-1934
-1954
-1939
-1922
-1899
-1825
-1768
-1688
-1548
-1433
-1257
-1142
-1026
-905
-760
-657
-518
-344
-302
-210
-131
-10
170
301
448
593
788
981
1132
1352
1568
1739
1945
2132
2277
2463
2636
2699
2822
2928
2986
3062
3066
3071
3029
2979
2899
2715
2573
2389
2098
1814
1550
1153
795
441
-8
-393
-783
-1162
-1521
-1861
-2176
-2439
-2681
-2898
-3029
-3050
-3091
-3051
-2963
-2918
-2782
-2678
-2504
-2308
-2130
-1837
-1563
-1255
-918
-586
-252
83
474
749
993
1230
1388
1596
1724
1831
1902
1885
1894
1835
1730
1585
1370
1211
1021
829
587
367
125
-164
-435
-733
-972
-1226
-1454
-1590
-1663
-1793
-1860
-1918
-1979
-1969
-2000
-1924
-1889
-1754
-1580
-1472
-1294
-1174
-1078
-982
-909
-810
-669
-627
-557
-480
-388
-349
-245
-235
-149
-18
22
97
184
287
327
389
493
601
707
847
1053
1229
1374
1510
1610
1745
1849
1977
2066
2160
2179
2274
2328
2245
2252
2166
2017
1874
1721
1479
1269
1031
698
467
173
-159
-405
-734
-956
-1259
-1491
-1714
-1941
-2090
-2232
-2324
-2421
-2470
-2515
-2490
-2447
-2289
-2064
-1819
-1602
-1293
-962
-676
-259
28
347
729
991
1324
1629
1906
2151
2349
2468
2532
2549
2542
2533
2405
2314
2186
2030
1834
1654
1470
1283
1109
835
650
453
268
83
-108
-255
-356
-453
-536
-584
-624
-623
-601
-576
-508
-464
-437
-416
-376
-401
-451
-564
-640
-700
-848
-861
-913
-1004
-1042
-1142
-1191
-1332
-1427
-1523
-1651
-1720
-1812
-1791
-1801
-1823
-1807
-1732
-1689
-1656
-1487
-1350
-1132
-892
-683
-375
-125
130
379
610
749
910
1043
1127
1243
1301
1284
1215
1155
1018
910
831
789
732
658
538
410
283
88
-47
-227
-427
-553
-715
-909
-1006
-1130
-1236
-1300
-1334
-1286
-1210
-1096
-948
-806
-621
-431
-216
17
223
430
688
897
1150
1408
1613
1821
1989
2190
2364
2521
2619
2688
2728
2723
2698
2588
2451
2297
2089
1846
1658
1453
1172
951
708
463
211
10
-200
-460
-648
-845
-1016
-1177
-1338
-1484
-1658
-1746
-1826
-1906
-1937
-2004
-2067
-2098
-2165
-2200
-2184
-2263
-2283
-2310
-2275
-2245
-2135
-2009
-1923
-1728
-1623
-1434
-1257
-1031
-831
-631
-352
-141
114
407
654
930
1188
1466
1706
1940
2183
2288
2423
2481
2490
2539
2462
2345
2266
2116
1984
1785
1558
1392
1208
1045
870
726
505
281
35
-211
-477
-711
-1012
-1322
-1549
-1818
-2016
-2189
-2328
-2370
-2406
-2391
-2341
-2256
-2116
-1980
-1774
-1598
-1331
-1117
-860
-584
-365
-81
160
452
718
986
1234
1433
1641
1836
1979
2110
2189
2220
2246
2285
2205
2108
1993
1846
1688
1523
1393
1172
1021
836
671
469
243
85
-145
-308
-568
-815
-1022
-1251
-1465
-1686
-1839
-1995
-2127
-2192
-2238
-2217
-2190
-2108
-1984
-1879
-1830
-1711
-1582
-1491
-1337
-1166
-1000
-782
-537
-275
-40
181
461
705
949
1134
1349
1544
1738
1936
2102
2231
2315
2345
2322
2273
2147
2051
1919
1706
1436
1193
903
665
346
10
-267
-570
-801
-1048
-1282
-1402
-1590
-1681
-1770
-1890
-1962
-2034
-2112
-2178
-2185
-2208
-2175
-2115
-2050
-1927
-1753
-1592
-1367
-1160
-848
-547
-229
87
406
723
1013
1285
1515
1723
1954
2131
2283
2466
2576
2675
2758
2876
2918
3023
3093
3111
3112
3095
3042
2897
2763
2601
2391
2203
1956
1704
1430
1107
834
500
230
-66
-357
-590
-865
-1110
-1334
-1587
-1847
-2076
-2321
-2592
-2841
-3076
-3264
-3483
-3559
-3620
-3631
-3604
-3556
-3405
-3249
-3039
-2848
-2642
-2420
-2225
-1979
-1730
-1519
-1316
-1077
-845
-594
-351
-76
187
462
710
968
1220
1442
1667
1790
1881
1929
1964
1868
1768
1625
1429
1160
877
640
420
204
29
-135
-297
-390
-511
-551
-671
-738
-837
-897
-958
-1019
-1068
-1087
-1111
-1108
-980
-896
-756
-622
-423
-252
-6
198
403
612
787
981
1152
1348
1480
1603
1732
1872
2041
2232
2317
2427
2570
2627
2675
2720
2680
2650
2590
2524
2436
2310
2216
2070
1914
1771
1609
1510
1322
1129
950
714
555
304
128
-162
-413
-602
-927
-1151
-1362
-1567
-1712
-1858
-2004
-2113
-2240
-2414
-2505
-2652
-2737
-2810
-2846
-2817
-2777
-2712
-2696
-2614
-2509
-2395
-2220
-2033
-1782
-1508
-1283
-1041
-792
-540
-302
-102
119
317
543
717
897
992
1041
1153
1211
1294
1277
1265
1240
1242
1188
1088
996
855
687
555
425
253
55
-125
-289
-501
-673
-819
-952
-1022
-1075
-1133
-1131
-1108
-1129
-1097
-1087
-1093
-1013
-1018
-932
-826
-784
-654
-554
-520
-382
-241
-157
-54
53
186
307
429
570
771
906
1096
1222
1353
1523
1664
1833
1943
2004
2078
2140
2147
2187
2200
2188
2186
2145
2128
2061
1992
1946
1807
1718
1597
1442
1296
1143
963
809
613
420
219
14
-212
-414
-612
-771
-934
-1088
-1178
-1307
-1379
-1484
-1552
-1678
-1732
-1791
-1930
-1940
-2023
-2083
-2115
-2138
-2073
-2004
-1878
-1647
-1458
-1228
-1029
-816
-610
-387
-237
-106
42
147
271
359
364
385
370
376
396
335
404
435
413
415
406
364
304
234
130
12
-100
-175
-275
-344
-467
-547
-567
-634
-570
-564
-518
-366
-323
-143
-65
10
148
240
294
362
459
525
608
671
784
832
922
968
998
1088
1121
1212
1293
1327
1344
1339
1369
1369
1342
1390
1335
1291
1245
1148
1087
990
884
860
739
686
694
616
543
443
370
212
84
-77
-214
-360
-527
-681
-875
-1025
-1166
-1297
-1426
-1539
-1631
-1726
-1787
-1830
-1911
-1912
-1994
-2047
-1989
-2028
-1978
-1971
-1958
-1888
-1827
-1731
-1681
-1587
-1403
-1286
-1122
-932
-770
-569
-375
-211
-35
147
326
452
571
664
737
805
794
801
756
710
693
622
529
458
358
267
201
66
-41
-100
-203
-256
-298
-357
-435
-437
-459
-415
-321
-287
-229
-113
47
151
264
382
470
600
770
847
939
1075
1101
1241
1336
1391
1499
1536
1618
1638
1645
1646
1641
1637
1621
1605
1534
1469
1331
1232
1063
930
775
637
583
438
356
250
140
112
-3
-110
-165
-263
-342
-424
-484
-494
-538
-552
-533
-586
-619
-558
-534
-546
-496
-470
-410
-343
-297
-231
-192
-147
-111
-41
28
76
103
108
119
123
83
111
149
112
108
105
66
40
-22
-80
-153
-272
-357
-410
-509
-550
-639
-737
-715
-811
-860
-864
-896
-939
-980
-1046
-1105
-1173
-1262
-1349
-1411
-1436
-1486
-1498
-1511
-1461
-1400
-1342
-1263
-1181
-1065
-972
-802
-673
-561
-400
-271
-146
-3
69
197
361
483
643
779
872
1002
1185
1265
1404
1469
1504
1570
1608
1711
1714
1685
1720
1643
1535
1497
1362
1279
1172
1100
1004
899
832
736
630
443
371
250
165
108
55
-34
-81
-160
-276
-293
-355
-384
-373
-356
-324
-221
-187
-171
-91
-25
13
93
111
173
227
249
283
329
336
378
392
417
450
463
456
453
451
421
361
314
237
159
72
-18
-118
-216
-337
-513
-683
-835
-1004
-1145
-1295
-1466
-1589
-1684
-1777
-1869
-1917
-1954
-1981
-2018
-2040
-2114
-2061
-2017
-1992
-1946
-1875
-1770
-1656
-1494
-1334
-1180
-1013
-823
-635
-427
-230
-10
178
409
610
785
954
1066
1229
1372
1504
1591
1660
1715
1740
1791
1738
1715
1678
1626
1564
1502
1419
1327
1278
1143
1045
865
758
666
528
433
355
260
163
97
-8
-81
-142
-162
-231
-275
-315
-318
-311
-306
-300
-325
-282
-236
-192
-175
-111
-124
-95
-9
-19
93
171
241
300
391
440
504
565
601
712
725
776
839
860
886
959
933
916
923
881
864
810
758
707
590
519
387
246
120
-11
-141
-287
-433
-656
-816
-959
-1125
-1292
-1454
-1558
-1683
-1784
-1882
-1936
-1975
-2001
-2032
-1982
-1967
-1909
-1778
-1714
-1557
-1402
-1282
-1129
-968
-814
-653
-430
-279
-88
125
300
466
627
807
924
1069
1183
1263
1318
1356
1383
1330
1278
1205
1106
1025
869
792
704
567
438
302
210
79
-66
-153
-200
-335
-385
-398
-419
-432
-494
-465
-499
-491
-432
-382
-315
-152
-86
41
152
222
360
430
559
622
688
814
917
946
1034
1065
1117
1119
1098
1069
998
944
934
895
866
853
847
839
812
849
813
763
717
665
593
509
456
337
232
116
-35
-200
-344
-468
-618
-741
-853
-999
-1069
-1178
-1290
-1384
-1486
-1601
-1724
-1846
-1990
-2055
-2120
-2166
-2155
-2112
-2106
-1973
-1886
-1782
-1598
-1454
-1300
-1142
-953
-811
-595
-440
-281
-96
75
278
448
648
843
1039
1205
1339
1468
1624
1678
1778
1838
1789
1806
1746
1709
1584
1437
1271
1121
975
818
694
501
312
143
16
-160
-274
-387
-485
-541
-574
-573
-623
-606
-567
-572
-483
-342
-336
-220
-149
-94
46
118
221
352
477
560
629
745
804
841
850
883
929
902
855
782
720
648
591
533
461
431
369
316
277
245
220
181
135
99
75
-26
-98
-189
-280
-384
-532
-704
-776
-904
-1014
-1122
-1193
-1266
-1310
-1313
-1382
-1425
-1495
-1539
-1531
-1596
-1628
-1633
-1635
-1584
-1579
-1542
-1523
-1419
-1373
-1259
-1087
-946
-738
-597
-370
-163
-5
196
322
488
639
787
924
1027
1211
1281
1419
1497
1596
1700
1731
1741
1704
1659
1580
1495
1372
1302
1146
966
810
612
467
281
95
-128
-380
-593
-788
-951
-1112
-1178
-1264
-1329
-1331
-1286
-1262
-1222
-1148
-1067
-962
-836
-692
-526
-390
-222
-30
138
307
497
652
767
984
1082
1217
1329
1437
1541
1639
1675
1702
1773
1769
1762
1754
1713
1673
1610
1565
1489
1403
1329
1253
1160
1045
955
735
635
494
331
217
85
-29
-173
-337
-475
-616
-763
-888
-1026
-1166
-1261
-1365
-1451
-1471
-1550
-1621
-1615
-1633
-1637
-1573
-1516
-1487
-1440
-1392
-1334
-1247
-1158
-1053
-918
-749
-615
-445
-247
-110
65
221
330
520
650
807
929
1068
1119
1191
1232
1205
1245
1206
1184
1131
1082
991
907
777
611
460
281
149
-2
-195
-354
-530
-738
-932
-1073
-1270
-1375
-1505
-1576
-1633
-1700
-1691
-1720
-1652
-1648
-1599
-1547
-1478
-1349
-1222
-1076
-921
-787
-605
-475
-291
-137
-10
173
275
395
531
670
793
905
1003
1115
1205
1249
1316
1349
1377
1395
1380
1349
1302
1307
1170
1088
998
869
745
588
405
191
43
-118
-301
-446
-594
-695
-794
-866
-893
-975
-1011
-1097
-1146
-1217
-1307
-1325
-1369
-1389
-1328
-1301
-1247
-1146
-1067
-922
-769
-613
-393
-218
-36
184
296
492
630
770
877
1008
1117
1211
1343
1425
1537
1586
1670
1755
1804
1876
1940
1908
1869
1852
1788
1655
1571
1407
1267
1123
950
849
656
498
324
141
1
-154
-307
-393
-566
-682
-774
-822
-895
-1048
-1050
-1104
-1159
-1172
-1242
-1268
-1291
-1310
-1300
-1292
-1271
-1193
-1094
-1026
-879
-787
-657
-481
-379
-230
-82
24
144
320
424
523
645
674
707
793
758
833
887
880
916
847
854
806
805
712
629
501
408
304
124
-2
-211
-354
-559
-649
-777
-929
-1012
-1063
-1138
-1213
-1249
-1311
-1401
-1368
-1367
-1379
-1312
-1292
-1206
-1137
-999
-885
-793
-613
-498
-334
-140
-12
155
333
522
690
840
946
1132
1220
1332
1427
1403
1457
1437
1399
1386
1337
1281
1185
1073
1013
885
819
695
564
455
325
206
40
-48
-195
-330
-436
-544
-624
-681
-799
-855
-917
-965
-998
-1028
-974
-970
-923
-916
-819
-801
-760
-630
-601
-506
-446
-414
-355
-296
-233
-140
-54
53
163
291
449
601
710
852
964
1005
1103
1110
1187
1215
1208
1274
1263
1296
1310
1274
1282
1233
1163
1125
983
931
803
692
584
415
279
86
-99
-235
-393
-535
-648
-783
-866
-944
-991
-1025
-1026
-1038
-1058
-1073
-1042
-1050
-1053
-985
-936
-858
-822
-702
-606
-543
-420
-317
-200
-85
52
204
283
393
497
553
636
645
698
703
725
712
686
675
574
554
457
334
223
80
-69
-219
-373
-521
-672
-800
-858
-962
-1015
-1056
-1123
-1209
-1224
-1259
-1254
-1238
-1248
-1226
-1254
-1237
-1220
-1205
-1116
-1130
-1107
-1006
-975
-931
-849
-759
-676
-565
-455
-338
-215
-72
6
129
241
364
493
608
704
785
873
923
1049
1086
1112
1193
1236
1251
1285
1269
1282
1239
1232
1218
1158
1158
1118
1120
1089
976
910
822
707
628
503
375
273
157
-11
-116
-250
-402
-462
-545
-593
-588
-549
-557
-545
-451
-406
-348
-292
-242
-169
-92
16
66
219
270
392
523
592
724
762
845
961
1024
1108
1167
1227
1256
1196
1187
1061
1046
937
861
763
637
516
329
183
54
-78
-230
-368
-466
-540
-643
-733
-826
-936
-1047
-1125
-1279
-1369
-1429
-1473
-1512
-1563
-1529
-1560
-1558
-1494
-1491
-1405
-1383
-1348
-1264
-1284
-1143
-1133
-1053
-909
-856
-687
-585
-474
-341
-234
-96
74
189
309
422
530
655
777
842
939
1037
1130
1186
1238
1274
1300
1334
1370
1327
1310
1272
1220
1180
1090
986
881
785
658
558
434
374
308
240
186
83
17
-61
-134
-237
-317
-350
-444
-465
-517
-505
-548
-557
-511
-532
-493
-445
-391
-297
-184
-80
19
188
280
382
463
502
608
618
647
637
659
677
653
606
585
549
528
502
427
347
298
258
138
74
-79
-177
-292
-434
-538
-646
-742
-839
-897
-1007
-1066
-1118
-1168
-1193
-1218
-1238
-1212
-1239
-1250
-1189
-1188
-1184
-1168
-1201
-1150
-1141
-1164
-1084
-1027
-999
-910
-823
-765
-650
-506
-396
-322
-173
-135
-9
105
166
294
358
459
542
671
746
848
946
1071
1176
1220
1293
1327
1338
1327
1312
1232
1189
1143
1059
967
845
718
592
492
388
261
112
-41
-129
-245
-353
-472
-602
-678
-769
-794
-843
-850
-843
-816
-791
-802
-736
-694
-610
-559
-414
-344
-233
-58
45
194
303
433
625
756
856
1016
1045
1136
1172
1215
1225
1216
1232
1214
1228
1216
1219
1183
1099
1029
932
854
752
667
586
489
372
275
189
52
-27
-140
-242
-341
-425
-497
-577
-685
-751
-823
-879
-929
-1035
-1064
-1098
-1152
-1191
-1227
-1263
-1283
-1256
-1295
-1261
-1192
-1184
-1081
-1015
-968
-892
-830
-787
-718
-617
-530
-433
-352
-256
-157
-90
21
135
191
321
404
481
602
646
740
775
832
860
856
863
810
805
797
755
682
627
530
433
411
325
237
122
22
-100
-238
-296
-398
-451
-504
-484
-466
-477
-446
-409
-373
-319
-206
-109
22
119
264
382
458
588
670
766
866
968
969
1029
1044
1086
1131
1135
1155
1130
1084
1061
1048
971
918
813
705
598
479
402
293
178
91
-10
-117
-224
-302
-392
-470
-563
-638
-731
-798
-847
-892
-974
-1058
-1087
-1113
-1181
-1174
-1201
-1246
-1202
-1214
-1179
-1194
-1153
-1151
-1143
-1115
-1127
-1089
-1115
-1064
-1045
-1025
-949
-886
-741
-607
-490
-354
-227
-117
-28
100
195
326
424
517
618
677
733
756
750
760
723
745
731
703
687
656
612
573
506
466
380
269
191
110
0
-69
-114
-217
-277
-338
-383
-437
-450
-440
-465
-391
-392
-318
-254
-192
-105
-47
43
66
201
253
346
478
583
728
811
907
1040
1130
1219
1290
1356
1428
1447
1510
1472
1443
1406
1344
1288
1199
1124
1061
992
952
870
793
750
642
618
542
424
372
269
180
81
-33
-138
-238
-300
-407
-477
-556
-639
-737
-783
-862
-924
-961
-1024
-1084
-1136
-1163
-1219
-1240
-1278
-1305
-1324
-1321
-1330
-1352
-1318
-1298
-1291
-1231
-1186
-1183
-1101
-1046
-960
-898
-853
-753
-710
-626
-592
-562
-514
-500
-484
-443
-361
-327
-250
-187
-155
-158
-169
-186
-182
-167
-185
-184
-151
-178
-175
-179
-187
-188
-196
-117
-126
-52
8
76
157
210
317
346
444
557
567
628
676
712
721
757
816
826
872
946
977
1042
1095
1118
1143
1210
1249
1280
1333
1294
1302
1262
1269
1283
1233
1224
1165
1098
1077
969
902
793
720
639
542
441
357
258
129
28
-61
-145
-212
-275
-381
-416
-522
-618
-679
-748
-823
-869
-923
-981
-992
-1033
-1069
-1084
-1082
-1076
-1025
-994
-892
-816
-760
-660
-634
-525
-452
-375
-301
-206
-98
-29
51
115
208
273
393
464
498
598
628
649
672
660
630
644
614
590
556
524
476
392
336
281
183
153
50
-55
-121
-199
-210
-288
-343
-369
-410
-456
-508
-490
-522
-517
-474
-540
-538
-531
-564
-539
-565
-591
-510
-558
-509
-501
-484
-447
-454
-432
-454
-415
-413
-352
-315
-277
-182
-170
-107
-87
-11
40
73
145
112
146
212
198
225
268
248
246
243
287
306
334
314
295
309
274
293
272
256
251
249
255
248
248
242
200
154
130
41
36
-15
-64
-81
-103
-74
-79
-71
-47
-1
49
65
108
144
145
194
198
214
256
277
302
324
305
334
321
333
356
329
376
372
347
335
325
290
237
174
118
70
46
7
-53
-140
-202
-293
-407
-469
-601
-641
-663
-717
-745
-718
-777
-770
-707
-755
-714
-687
-666
-609
-528
-503
-441
-363
-265
-216
-134
-80
-31
33
68
170
214
342
350
442
479
521
594
585
614
613
621
612
631
641
647
632
616
583
580
539
537
538
513
462
456
402
410
397
356
319
252
274
168
166
116
36
8
-70
-140
-217
-273
-307
-407
-436
-461
-565
-549
-585
-612
-626
-590
-579
-603
-545
-606
-606
-620
-642
-575
-591
-521
-508
-435
-346
-312
-181
-131
-29
46
136
231
237
279
300
329
325
334
336
335
396
401
379
357
343
252
252
186
100
27
-28
-71
-144
-197
-254
-284
-368
-354
-416
-446
-460
-476
-467
-439
-420
-375
-362
-339
-280
-244
-186
-176
-57
-31
52
149
208
284
325
406
460
540
633
683
708
753
764
759
735
753
731
740
771
734
734
767
731
721
695
621
622
600
590
566
530
487
458
429
367
307
262
207
192
139
109
89
-10
-60
-110
-151
-245
-334
-418
-474
-505
-595
-633
-650
-696
-707
-716
-739
-746
-723
-672
-656
-605
-582
-519
-480
-401
-362
-319
-246
-212
-123
-103
-30
16
58
59
67
56
13
-17
-76
-128
-224
-269
-340
-388
-428
-521
-553
-618
-692
-728
-773
-773
-828
-887
-918
-982
-928
-951
-959
-937
-877
-846
-831
-755
-707
-673
-586
-484
-393
-305
-224
-132
-70
71
104
213
320
340
394
499
579
638
681
693
727
739
783
792
843
844
858
855
859
877
889
901
915
935
951
998
1016
1001
963
937
903
904
852
805
781
740
673
592
520
459
404
344
281
200
158
81
1
-77
-126
-189
-253
-303
-352
-335
-391
-360
-368
-397
-349
-391
-377
-369
-358
-322
-305
-267
-216
-165
-146
-64
-20
24
74
77
149
181
200
177
190
145
112
119
77
51
15
-23
-58
-123
-179
-240
-282
-356
-401
-445
-507
-537
-571
-565
-619
-624
-678
-694
-689
-720
-725
-741
-757
-777
-736
-747
-706
-686
-665
-603
-579
-532
-432
-367
-317
-272
-160
-116
-46
23
122
210
245
347
379
489
563
617
678
718
741
806
847
866
914
948
939
993
998
916
946
904
874
866
834
808
729
664
610
516
425
343
275
169
96
4
-68
-125
-251
-308
-393
-410
-447
-496
-489
-545
-563
-565
-571
-555
-550
-533
-514
-509
-452
-408
-395
-370
-326
-299
-194
-189
-129
-46
-50
11
37
62
119
111
103
106
109
125
126
109
23
29
1
-56
-38
-44
-72
-88
-100
-170
-207
-245
-253
-258
-296
-250
-261
-285
-288
-343
-350
-361
-350
-318
-308
-273
-225
-227
-199
-151
-166
-129
-105
-104
-66
-79
-36
-8
-13
22
60
99
122
170
227
263
326
365
407
441
458
500
530
597
624
625
619
593
591
548
526
531
514
513
515
484
447
442
400
364
347
302
256
221
152
97
57
-32
-81
-109
-215
-272
-298
-389
-433
-460
-501
-542
-508
-473
-510
-458
-395
-347
-272
-196
-135
-89
-75
6
55
112
141
195
202
179
224
180
159
106
86
48
26
23
-7
-22
-71
-65
-106
-168
-197
-200
-253
-318
-396
-444
-507
-581
-629
-708
-705
-754
-744
-754
-752
-727
-700
-682
-686
-678
-701
-662
-681
-641
-599
-548
-433
-412
-323
-282
-235
-203
-166
-140
-130
-101
-34
6
55
150
176
262
341
405
490
585
655
725
796
800
826
862
915
911
929
951
920
935
927
889
860
796
780
725
656
646
555
516
492
418
384
335
271
212
161
115
7
-33
-94
-135
-187
-264
-290
-303
-306
-279
-269
-243
-234
-189
-166
-170
-103
-75
-56
-5
29
37
136
168
207
221
246
246
241
248
191
221
189
174
154
147
123
82
71
16
11
-38
-117
-166
-237
-260
-319
-380
-400
-379
-401
-428
-417
-451
-466
-453
-451
-470
-463
-448
-463
-466
-427
-445
-405
-383
-401
-370
-397
-347
-315
-328
-284
-216
-180
-113
-89
-27
23
81
130
140
172
213
265
272
296
298
280
303
341
366
385
391
433
436
378
405
393
387
358
300
288
198
195
147
104
81
32
-32
-112
-145
-230
-254
-297
-302
-335
-394
-360
-408
-395
-383
-396
-399
-345
-322
-280
-215
-183
-117
-85
-53
-31
11
38
41
108
139
171
181
223
254
269
323
309
303
342
318
337
322
311
278
242
268
211
219
189
190
163
130
118
99
47
23
13
-56
-58
-58
-59
-52
-73
-69
-33
-63
-31
-57
-89
-73
-130
-148
-174
-187
-179
-196
-226
-233
-250
-252
-255
-266
-237
-251
-226
-204
-159
-107
-102
-96
-73
-19
-38
7
4
47
89
98
153
128
144
149
179
175
167
147
138
155
107
110
62
21
-30
-90
-118
-140
-146
-178
-231
-259
-285
-340
-332
-352
-351
-350
-359
-383
-351
-375
-347
-365
-327
-278
-263
-131
-112
-24
77
87
134
201
214
234
326
324
364
391
434
473
458
470
440
481
474
469
428
368
337
308
261
177
141
99
18
9
-29
-75
-85
-116
-122
-154
-196
-218
-287
-347
-375
-414
-421
-430
-422
-421
-426
-395
-372
-356
-359
-308
-273
-228
-216
-218
-168
-169
-115
-108
-46
-8
8
95
115
192
214
218
263
261
314
327
357
367
359
403
419
461
482
483
510
466
468
521
481
495
492
476
491
468
457
434
395
338
279
222
156
152
77
42
80
39
41
55
33
30
20
-26
11
-9
1
29
16
3
1
6
-5
-36
-51
-10
25
74
77
126
111
107
141
111
101
102
64
36
10
10
-4
-37
-71
-104
-118
-154
-159
-197
-274
-313
-357
-435
-439
-466
-526
-534
-585
-594
-604
-620
-619
-634
-624
-626
-640
-626
-680
-683
-710
-730
-712
-704
-697
-718
-656
-658
-596
-552
-518
-482
-453
-397
-346
-288
-245
-190
-116
-93
-59
-17
-44
6
1
52
111
131
217
280
307
360
419
476
566
568
637
648
620
641
625
609
603
583
566
565
558
557
550
514
479
454
417
385
377
342
339
367
320
334
360
346
358
363
333
328
312
302
297
300
292
326
345
366
365
373
428
409
406
404
376
341
318
266
205
156
63
10
-69
-158
-142
-186
-228
-276
-287
-325
-384
-400
-467
-495
-532
-571
-610
-645
-658
-727
-696
-651
-658
-610
-588
-541
-539
-502
-524
-491
-469
-468
-432
-379
-317
-292
-242
-214
-229
-165
-139
-157
-105
-85
-83
-50
-63
-23
12
3
47
71
120
146
172
168
186
161
227
233
187
238
200
199
202
216
220
221
223
210
215
245
248
206
204
146
86
78
11
-17
-8
-30
-42
-48
-75
-53
-44
-88
-87
-80
-102
-96
-92
-94
-68
-68
-19
13
33
78
119
170
175
232
243
245
276
288
292
298
296
292
288
317
276
272
280
230
222
184
161
112
94
46
25
-6
-87
-110
-154
-168
-176
-208
-257
-251
-278
-310
-305
-351
-384
-380
-386
-372
-354
-342
-289
-256
-195
-150
-117
-63
-49
-4
9
-23
6
20
7
-8
-5
6
-14
12
25
22
55
87
134
173
214
236
262
302
295
334
332
311
343
330
331
367
381
375
376
326
300
242
229
204
206
184
137
115
47
17
-20
-47
-82
-98
-102
-167
-194
-210
-244
-267
-300
-286
-320
-310
-289
-277
-264
-248
-222
-252
-189
-165
-163
-81
-55
-51
-41
12
-29
-26
-62
-66
-42
-59
-32
-16
-19
-36
-21
-79
-69
-81
-98
-63
-92
-93
-115
-161
-147
-158
-169
-136
-180
-144
-112
-95
-58
-82
-55
-20
-23
-14
-11
32
13
60
68
36
23
-14
7
-15
57
52
80
61
47
50
41
20
13
10
-2
45
58
76
100
138
141
139
166
171
210
238
252
244
242
227
197
187
168
164
122
153
179
132
160
140
92
79
78
63
34
41
18
15
-20
-36
-56
-67
-99
-43
-54
-87
-79
-57
-57
-71
-34
-14
-7
20
42
67
54
121
137
101
112
89
59
68
50
-4
14
-6
-13
-29
-68
-73
-110
-135
-138
-140
-141
-197
-200
-213
-250
-220
-232
-231
-214
-233
-244
-245
-267
-272
-263
-303
-258
-264
-228
-224
-187
-133
-118
-90
-134
-108
-135
-123
-100
-158
-125
-194
-179
-179
-235
-155
-132
-117
-80
-58
-69
-8
-9
0
-2
-36
-17
4
-19
39
31
36
51
44
102
108
160
194
241
269
279
329
359
300
335
330
305
337
304
302
261
248
216
167
133
51
44
5
-3
-32
-57
-65
-84
-68
-63
-76
-73
-59
-27
-11
44
98
122
156
178
205
252
223
265
284
286
356
353
367
362
372
345
364
367
351
368
361
322
301
293
237
206
212
179
177
158
165
159
111
133
147
147
136
176
148
185
198
176
169
130
142
103
122
112
90
84
44
69
7
-20
-46
-80
-138
-204
-235
-313
-347
-441
-502
-518
-584
-568
-588
-610
-593
-593
-618
-633
-641
-634
-626
-625
-610
-609
-606
-589
-534
-506
-455
-413
-352
-344
-296
-283
-282
-240
-263
-267
-234
-241
-254
-279
-292
-282
-351
-369
-386
-393
-368
-326
-312
-274
-213
-150
-126
-50
-2
41
87
117
166
165
225
250
276
294
320
343
382
416
407
448
425
463
483
451
447
433
417
386
351
314
290
241
183
186
126
100
105
100
86
100
77
52
98
61
105
141
154
205
208
225
227
232
271
248
347
372
332
346
274
283
233
168
157
105
60
33
14
-45
-57
-98
-147
-122
-137
-121
-158
-149
-166
-165
-98
-130
-69
-32
-1
29
35
46
74
94
88
123
153
164
167
155
147
144
163
187
173
170
139
130
95
61
28
4
9
-10
-77
-93
-127
-189
-233
-261
-273
-219
-226
-215
-158
-159
-124
-95
-111
-78
-48
-31
-48
-52
-77
-92
-87
-134
-127
-121
-130
-149
-146
-163
-169
-153
-170
-173
-157
-133
-142
-124
-111
-119
-136
-124
-129
-167
-160
-159
-153
-137
-120
-120
-60
-28
1
19
90
105
139
224
225
283
278
288
288
295
285
259
231
203
175
127
126
85
79
72
56
35
22
41
47
16
-14
-52
-38
-77
-88
-115
-106
-77
-53
-32
-23
12
29
68
73
93
112
166
151
164
154
171
162
119
100
49
27
-3
-22
-61
-89
-123
-146
-173
-243
-221
-238
-271
-235
-299
-254
-228
-211
-150
-150
-121
-117
-84
-98
-56
-59
-58
-24
-27
11
27
52
80
100
124
121
134
146
129
161
125
117
114
63
47
13
23
38
49
13
20
-15
-17
-2
-29
12
51
55
118
127
123
140
137
133
130
146
131
113
156
152
148
141
91
87
75
70
59
31
9
-21
-58
-90
-118
-136
-159
-187
-208
-233
-260
-243
-272
-282
-268
-297
-245
-242
-231
-189
-167
-154
-129
-143
-130
-110
-130
-86
-78
-81
-15
25
5
46
47
27
76
81
61
78
62
26
-18
-38
-67
-58
-66
-7
-25
1
36
26
75
43
35
40
18
-13
18
22
7
12
7
31
46
23
32
21
23
-1
3
-22
-50
-5
-52
-56
-65
-80
-105
-115
-143
-149
-114
-152
-177
-132
-191
-190
-160
-197
-183
-184
-144
-137
-96
-42
-29
31
59
71
98
131
131
126
103
108
117
111
141
173
194
202
200
194
171
182
147
148
168
146
194
199
210
221
195
212
218
244
274
267
287
264
279
275
253
261
273
293
289
318
305
312
300
287
251
235
236
171
177
153
146
125
97
68
39
-4
-29
-52
-79
-61
-94
-116
-135
-133
-156
-174
-160
-186
-159
-167
-176
-199
-206
-230
-242
-243
-245
-231
-234
-206
-169
-173
-163
-156
-169
-156
-181
-159
-200
-202
-207
-205
-189
-218
-163
-213
-168
-177
-163
-142
-108
-96
-93
-66
-84
-33
-54
-10
-19
-14
23
50
75
108
119
136
140
146
175
149
206
204
224
204
204
186
163
194
152
157
121
116
99
82
100
47
38
-10
-30
-3
-53
-33
-30
-29
-22
-24
-33
-20
-17
-47
-62
-61
-34
-31
-23
-24
-24
23
-15
-5
-1
-23
-36
-84
-113
-126
-157
-143
-164
-203
-169
-181
-191
-177
-193
-166
-166
-155
-149
-179
-122
-136
-165
-177
-159
-149
-143
-87
-101
-77
-71
-37
-30
-25
-1
2
22
50
84
35
28
11
-41
-48
-52
-52
-56
-73
-95
-76
-107
-133
-146
-177
-205
-177
-180
-186
-117
-101
-86
-37
-53
-12
49
42
77
81
103
126
117
124
133
125
133
122
106
92
116
110
91
84
80
73
69
38
64
41
15
28
-12
31
42
42
36
41
40
37
36
15
61
64
96
158
172
195
238
234
249
268
301
308
297
331
323
308
288
267
260
263
230
225
197
161
169
103
65
52
0
-17
-16
-40
-45
-57
-49
-53
-50
-74
-113
-71
-151
-150
-157
-205
-207
-211
-226
-227
-224
-239
-188
-185
-162
-106
-82
-42
-49
-63
-96
-74
-84
-106
-83
-91
-90
-92
-72
-42
-57
-52
-20
-60
1
9
27
27
17
7
16
43
91
142
143
191
220
254
254
299
267
297
304
317
334
357
395
371
391
386
383
355
363
332
326
332
293
272
220
214
130
52
10
-37
-53
-77
-83
-110
-131
-179
-219
-246
-243
-253
-260
-274
-292
-276
-270
-247
-251
-235
-210
-241
-199
-233
-215
-241
-297
-267
-291
-307
-285
-339
-334
-335
-399
-400
-430
-429
-383
-390
-405
-379
-375
-414
-390
-414
-433
-410
-408
-387
-356
-294
-288
-208
-189
-216
-178
-185
-213
-182
-164
-134
-117
-106
-101
-65
-55
-37
-8
-8
67
100
126
162
247
243
280
305
311
331
354
377
368
411
435
431
431
473
468
500
545
533
514
503
524
515
532
530
528
480
477
430
402
401
347
352
308
263
250
214
190
155
134
110
86
79
85
50
45
31
4
18
-7
8
-28
-14
-13
-16
-10
-41
-34
-77
-71
-57
-87
-64
-51
-57
-17
-16
-19
-38
-50
-76
-145
-106
-130
-154
-119
-163
-132
-118
-110
-114
-134
-130
-174
-185
-215
-270
-292
-304
-316
-319
-315
-332
-336
-320
-334
-348
-325
-366
-377
-395
-423
-451
-484
-513
-521
-484
-458
-418
-414
-348
-328
-325
-304
-313
-283
-299
-286
-304
-297
-293
-325
-313
-323
-307
-250
-236
-216
-89
-67
-21
23
64
92
89
90
100
99
98
117
118
153
196
215
295
333
358
387
398
401
406
383
375
317
336
332
344
375
379
390
377
431
452
464
422
401
387
407
414
399
381
341
392
410
