234.247714
933.527018
1493.426392
1582.833518
915.509612
-413.698982
-1865.629904
-3112.230393
-3885.958976
-4195.314429
-3963.467815
-3148.605155
-1887.726722
-310.013912
1313.252337
2615.264847
3352.958620
3383.214263
2761.443798
1651.163678
282.180812
-1108.218971
-2239.236104
-2838.909751
-2736.584486
-2092.037301
-1181.988348
-89.725634
1037.552038
2020.010564
2577.870232
2740.706784
2611.865337
2204.603983
1612.409259
1073.246898
822.023074
785.308361
835.281165
1065.428024
1407.758728
1618.528377
1516.543063
1249.001589
1000.497374
834.261312
574.538712
386.545783
445.697265
742.134578
1114.041024
1461.470994
1743.970314
1870.092152
1828.618125
1686.858538
1686.518587
1682.439174
1615.128867
1367.304554
831.881655
190.733980
-199.529822
-233.864878
-191.031046
-698.917910
-1240.799879
-1190.487124
-212.787913
1012.395661
2027.489487
2848.131315
3566.787828
3981.188154
3906.738875
3257.432375
2141.373088
619.412250
-918.526287
-1864.610051
-2180.084622
-2079.799063
-1779.282338
-1091.221419
44.555030
1280.617037
1962.218886
1870.772054
1102.822639
36.736156
-1049.407440
-2040.024791
-2840.609507
-3309.402001
-3237.332379
-2645.137655
-1735.428653
-901.528734
-446.334282
-500.046548
-934.164035
-1554.914647
-2271.871405
-3110.190687
-3845.164851
-4071.912199
-3515.752286
-2385.075104
-1098.360391
94.867785
1146.676324
1894.908579
2010.831886
1373.763624
178.835693
-1266.976110
-2666.214620
-3750.998411
-4281.661995
-4164.378884
-3516.092237
-2457.824628
-993.655468
644.228677
1962.218886
2655.379071
2614.244994
2091.060333
1128.998870
-136.978830
-1565.453129
-2830.410975
-3463.739776
-3329.119161
-2521.735425
-1429.472710
-230.805318
1010.016003
2124.375535
2854.930336
3001.109286
2588.748666
1872.471810
1068.147632
395.724461
-65.929061
-281.118073
-124.060690
405.922993
1201.748394
2000.293403
2461.267023
2625.123428
2494.242275
2231.800066
1790.543607
1142.596912
521.506349
98.607246
-46.211900
-44.852096
135.321959
475.612957
949.504717
1333.649400
1661.022258
1884.030145
1859.553670
1159.934415
161.498190
-459.932324
-455.173010
-325.311710
-668.322316
-1078.643230
-700.277714
583.377439
2050.606158
3140.489215
3750.701345
4113.429112
4165.781573
3810.872680
2828.414154
1280.277086
-476.249974
-1838.093869
-2453.745215
-2496.918998
-2299.747391
-1884.327211
-1076.943475
105.406267
1343.847931
2032.588753
1982.955900
1345.207736
576.578418
-105.363382
-798.863518
-1502.902137
-1895.885547
-1685.115898
-957.960608
-176.073200
256.684483
253.624924
-130.859711
-745.491204
-1492.703605
-2341.561370
-3297.503714
-4171.857807
-4568.580679
-4194.634527
-3171.041924
-2009.089246
-944.022615
85.349155
1040.611597
1506.344532
1114.720926
89.088617
-934.164035
-1649.081087
-2208.640510
-2672.333738
-2762.420766
-2273.571160
-1347.204557
-199.869773
870.976025
1545.778853
1595.751657
1177.611869
640.829166
-33.293760
-986.176545
-2061.441707
-2725.706053
-2734.544780
-2304.506705
-1718.431100
-975.978014
-41.452585
907.010836
1641.645049
2054.685571
2058.085081
1705.895797
1135.457940
633.010292
351.530825
219.629819
203.652120
320.255329
742.814480
1370.704064
1994.174284
2412.314072
2609.825631
2778.441350
2953.856090
2941.277902
2503.760904
1796.662726
1103.842492
530.345076
-17.656012
-518.403904
-701.637519
-504.125960
-145.137655
326.374448
628.930879
436.518587
-175.393298
-639.426477
-453.473254
-110.122697
-312.733521
-756.369637
-477.269828
873.015731
2548.634442
3797.614589
4521.710319
4840.244450
4762.735612
4179.379615
3006.548503
1221.465555
-971.558650
-2863.726178
-3752.358215
-3697.626096
-3240.731889
-2636.298927
-1597.068577
-54.370725
1431.895253
2249.477521
2210.723101
1427.135938
369.208280
-595.912743
-1252.358215
-1643.981821
-1782.001946
-1412.475158
-330.071024
1044.351059
1973.777222
2077.802242
1597.791364
854.318424
-222.646493
-1624.604611
-3159.143638
-4363.930149
-4999.978558
-4948.645949
-4262.964688
-3186.339722
-2065.861070
-1066.065041
-251.882283
213.850651
32.996694
-699.937763
-1469.586934
-1946.198302
-2074.359847
-2048.863518
-1698.034038
-835.578231
440.937950
1645.724461
2371.859898
2440.869960
1838.136754
807.065228
-440.555115
-1789.820820
-3044.920086
-3924.373445
-4055.594549
-3376.032406
-2134.871133
-718.975022
501.449237
1525.721742
2302.509884
2620.364113
2301.829982
1413.537896
427.679860
-255.961696
-582.654652
-612.570344
-325.651661
289.319783
1054.889541
1822.499006
2441.889813
2765.863161
2638.041568
2234.519675
1884.030145
1844.595824
1872.131859
1809.240915
1774.225957
1986.695361
2264.095416
2219.561829
1798.022530
1277.557477
890.693186
388.245538
-173.353592
-947.762077
-1610.666618
-1966.255414
-1641.262213
-832.858623
-157.375892
15.999142
219.969770
1011.715758
2215.142465
3160.886278
3583.105478
3772.798163
3811.552582
3745.602079
3271.710319
2438.150352
1185.430744
-109.102844
-1036.149349
-1393.097948
-1533.837682
-1739.848016
-1766.364198
-1299.951361
-394.321772
329.434007
548.702432
291.699441
-128.820004
-504.805862
-856.315245
-1262.556746
-1612.706325
-1669.138199
-1123.176817
-152.956529
871.995878
1582.153615
1824.878663
1743.970314
1430.195497
924.008388
80.589841
-1110.258677
-2348.360391
-3239.372085
-3667.030502
-3789.752830
-3855.703333
-3841.425389
-3644.593733
-3334.898329
-3069.396561
-2936.815653
-2845.368821
-2687.631536
-2401.732705
-1904.724274
-1176.889082
-236.924437
675.504173
1475.408987
2109.417689
2374.579506
2100.578962
1226.904771
52.033953
-1243.519488
-2528.534445
-3524.591013
-3983.864878
-3893.777850
-3292.404448
-2224.278258
-721.014728
784.968410
1894.228677
2511.579778
2636.001861
2271.574339
1391.441078
311.416602
-580.614946
-1170.769964
-1325.107739
-999.094685
-185.251878
825.082634
1767.086985
2508.860170
3051.082090
3201.680404
2992.950461
2439.510156
1741.590656
1029.733164
548.702432
474.933055
639.809313
946.445157
1267.018995
1734.451685
2107.377983
2189.646137
1464.190602
166.937407
-1130.995691
-1865.969855
-2210.340265
-2531.933956
-2797.435724
-2366.717747
-1033.769692
745.194138
2460.927072
3715.346436
4381.990439
4334.737243
3822.770967
2876.347252
1625.327398
4.780757
-1386.638878
-2033.225770
-1821.776219
-1157.171922
-404.860255
469.153887
1442.093784
2362.001317
2752.605070
2385.457940
1242.202568
-207.348696
-1499.842577
-2430.628544
-3049.679401
-3260.789001
-2779.418318
-1594.009017
-127.120249
1128.998870
1862.273278
2045.846844
1817.059789
1373.763624
819.643417
158.778581
-631.947554
-1206.804775
-1231.281250
-862.094413
-532.001946
-571.436268
-802.602980
-1086.122153
-1521.599444
-2281.729985
-3259.429197
-4038.257045
-4330.274995
-4009.021255
-3193.138742
-2044.444154
-785.945378
397.084265
1383.282253
2011.511788
2121.995878
1684.138930
824.062781
-158.055794
-968.499091
-1563.073472
-1868.009561
-1879.567897
-1534.857535
-915.466727
-298.795528
170.676868
374.307545
422.240643
311.076651
173.736428
82.969498
9.540072
-4.057970
121.044015
485.131587
912.110102
1192.569716
1250.021442
1261.579778
1329.569987
1244.922177
990.298843
682.303194
553.801698
610.573523
670.064956
705.759816
815.224053
983.839773
1057.609150
929.447605
739.754921
643.888726
482.072027
-47.231753
-851.555930
-1327.827347
-1275.474886
-959.660363
-840.337546
-746.851008
-371.885003
396.064412
1262.599631
2048.226501
2637.021714
2735.607518
2418.433191
1881.310537
1291.495470
520.826447
-543.900233
-1562.733521
-2059.741952
-2046.823812
-1663.698982
-981.757181
-61.169746
1024.633898
2067.603711
2894.024706
3358.737787
3155.787012
2444.609422
1630.426664
917.889269
200.592560
-512.624736
-903.228490
-840.337546
-487.128408
-173.353592
58.493023
169.657015
89.088617
-91.765340
-223.666347
-317.832787
-507.185520
-656.084078
-511.264932
-210.408256
89.428568
30.422778
