6.297046 0.790792 -0.288225 1.386058 0.684639 -2.577232 -1.519529 -1.497667 -1.034700 -0.335536 -0.006144 -0.004047 
6.887774 0.410340 0.082357 1.334012 1.559047 -2.694923 -1.123734 -1.472744 -0.948650 -0.249210 -0.134551 -0.010127 
7.164703 0.086540 -0.081255 1.180918 1.894835 -2.859983 -1.225901 -1.497017 -0.911362 -0.213843 -0.226443 -0.005923 
6.884722 0.326981 -0.341168 1.526907 1.574883 -1.997065 -1.134985 -1.443938 -0.882083 -0.459126 -0.200714 -0.032931 
6.520337 0.908229 -0.349774 1.813339 1.800842 -1.412915 -1.305681 -1.170656 -0.840688 -0.396484 -0.186361 -0.054659 
5.982176 -0.597720 -0.660270 3.668616 3.999536 0.282870 0.324773 -0.441729 -0.541835 -0.593658 -0.302221 -0.047783 
6.213939 -0.714187 -0.196927 3.102823 3.866327 0.518749 -0.021953 -0.287260 -0.576976 -0.527057 -0.317299 -0.057976 
6.467716 -0.787279 -0.224647 3.001799 3.611137 0.586656 0.275384 -0.605705 -0.594520 -0.441087 -0.291776 -0.072757 
6.315756 -0.718897 -0.614977 3.368060 3.142242 0.612682 0.403812 -0.596749 -0.642851 -0.553281 -0.255908 -0.065544 
6.261698 -0.671660 -0.735416 3.514821 3.119746 0.532644 0.419330 -0.698678 -0.609130 -0.568337 -0.233308 -0.055294 
4.177260 -2.839253 0.359648 3.994458 5.280992 2.453199 0.854179 1.033300 0.429016 0.479479 0.233613 0.091528 
4.525505 -3.083168 0.351300 4.270367 5.369712 2.366168 0.693926 1.147096 0.547247 0.398150 0.235607 0.103801 
4.535908 -2.673028 0.792984 4.235581 5.811544 2.312464 0.581887 1.393460 0.300513 0.440983 0.287707 0.077241 
4.306494 -2.433570 0.881519 3.737203 6.175089 2.238229 0.687655 1.492768 -0.010603 0.602178 0.300316 0.042057 
4.094575 -2.213962 0.765967 3.442008 6.338596 2.089668 0.822810 1.658373 -0.225507 0.604044 0.239847 0.053846 
4.979037 3.043061 4.301502 4.389116 1.605473 0.032081 0.773876 -0.741884 -1.008041 0.137200 -0.064663 -0.126988 
5.136939 2.891211 4.302587 4.841223 2.280183 -0.466312 0.220118 -0.383521 -0.737628 0.003471 -0.178898 -0.116063 
5.354058 2.861127 4.018568 4.570204 2.244862 -0.413651 0.399919 -0.526984 -0.783859 -0.232349 -0.111213 -0.086732 
5.754805 2.502137 4.190366 4.271098 1.788696 0.172998 1.896462 -1.303943 -0.857954 -0.022222 -0.012851 -0.116342 
4.995507 2.797774 3.832281 4.054238 1.692140 1.240792 1.573035 -0.564710 -0.913929 -0.078872 0.098258 -0.083582 
3.888482 -2.304711 1.317634 4.081309 4.239258 3.061953 0.637132 0.803077 0.441474 0.390860 0.314427 0.114947 
4.266953 -2.528708 1.269285 4.287230 4.866094 2.654050 1.042425 0.912519 -0.008607 0.555498 0.440973 0.062500 
4.009890 -1.880779 0.861272 4.446876 5.158481 2.175838 1.501646 0.715630 -0.042616 0.767703 0.363477 0.057429 
4.179298 -2.448326 0.886207 4.489532 5.039259 1.987650 1.435183 0.578769 0.078343 0.731405 0.375207 0.047449
5.325009 2.333351 3.368792 4.071963 0.904319 -0.588882 0.592635 -0.498426 -1.120105 -0.063573 0.156785 -0.059299 
6.027769 2.141018 3.300578 4.775965 0.911067 -1.269534 1.180168 -0.916173 -0.710068 -0.110325 0.149103 -0.089952 
5.827588 1.914604 3.509818 4.576811 1.014678 -0.850528 1.003711 -0.869975 -0.826203 -0.081001 0.098334 -0.093901 
6.080975 1.515771 3.234692 4.139186 1.173414 -0.491113 0.981914 -0.879624 -1.047859 -0.220801 0.143987 -0.045279 
5.288741 2.373250 2.977585 3.608142 1.151700 0.345800 0.984184 -0.669704 -1.243548 -0.241916 0.201567 -0.027991 
6.216613 0.387414 1.145149 2.180071 -1.006855 -2.214184 -0.280582 -1.886534 -1.921686 -0.418970 0.276906 -0.011507 
7.109266 -0.234916 1.806148 2.220224 -0.813872 -3.010426 -0.425187 -1.706838 -1.747953 -0.223222 0.121866 -0.058500 
6.772053 0.035026 2.066082 2.117812 -1.685446 -2.640855 -0.656557 -1.803905 -1.819067 -0.318963 0.147521 -0.045512 
6.979346 -0.107882 2.068808 1.613373 -1.819688 -2.294495 -0.313100 -1.746050 -1.995745 -0.286299 0.248086 -0.018997 
6.177572 0.583772 1.477633 2.096406 -1.457428 -2.237319 -0.454057 -1.504053 -1.540100 -0.191549 0.325602 0.022353 
6.697429 -1.100753 -0.063914 2.712969 0.646919 0.659568 0.842880 -0.771546 -0.785116 -0.636675 -0.395327 -0.023749 
7.458382 -1.599898 0.035161 2.948043 0.081251 1.336517 0.468142 -0.604132 -0.767640 -0.554144 -0.540015 -0.042403 
7.466545 -1.312147 -0.387048 2.837971 0.510577 1.207227 0.341609 -0.318996 -0.782576 -0.654986 -0.494155 -0.064232 
7.160365 -1.503604 -0.308178 2.373139 0.725649 1.123486 0.272096 -0.379768 -0.444544 -0.544493 -0.494418 -0.063814 
6.647456 -0.892436 -0.434516 2.398530 0.820764 0.982478 0.662414 -0.566549 -0.400922 -0.475979 -0.386408 -0.035251 
6.697429 -1.100753 -0.063914 2.712969 0.646919 0.659568 0.842880 -0.771546 -0.785116 -0.636675 -0.395327 -0.023749 
7.458382 -1.599898 0.035161 2.948043 0.081251 1.336517 0.468142 -0.604132 -0.767640 -0.554144 -0.540015 -0.042403 
7.466545 -1.312147 -0.387048 2.837971 0.510577 1.207227 0.341609 -0.318996 -0.782576 -0.654986 -0.494155 -0.064232 
7.160365 -1.503604 -0.308178 2.373139 0.725649 1.123486 0.272096 -0.379768 -0.444544 -0.544493 -0.494418 -0.063814 
6.647456 -0.892436 -0.434516 2.398530 0.820764 0.982478 0.662414 -0.566549 -0.400922 -0.475979 -0.386408 -0.035251 
5.076571 2.217507 3.530888 3.923398 0.828077 0.935270 1.594654 -1.152199 -1.759562 -0.624691 0.281535 -0.055462 
5.208670 2.325488 3.482465 3.474532 1.187693 0.407904 1.862232 -1.215021 -1.795949 -0.690082 0.266953 -0.025899 
5.452478 2.217611 3.469848 3.491457 1.238163 0.148134 1.926894 -1.231032 -1.717255 -0.686491 0.245586 -0.003765 
5.534385 2.099207 3.526515 4.165048 1.309301 -0.366478 1.661022 -1.187336 -1.359295 -0.442553 0.212047 -0.047558 
5.062787 2.472969 3.753642 4.155052 1.145121 -0.275359 0.738253 -0.787915 -1.340834 -0.308169 0.148980 -0.068270 
4.285155 4.066189 3.974545 3.653513 3.005879 1.194781 0.465621 -0.188131 -0.562711 -0.628962 0.108392 -0.070934 
4.581512 4.132923 4.006879 3.901069 3.265766 0.767599 0.544952 0.040816 -0.178941 -0.925751 0.047767 -0.057346 
4.769972 4.181620 4.237148 3.643120 3.527650 0.725970 0.697439 -0.156575 0.149824 -0.963583 -0.012746 -0.047345 
4.449293 4.029811 4.336353 3.988670 2.985735 0.366506 0.434203 0.411405 -0.138614 -0.697671 0.034404 -0.030359 
4.205673 3.708587 4.001494 3.705454 2.372539 0.506044 0.496365 0.508422 0.034004 -0.530357 0.169172 0.005846 
4.946803 1.795011 1.336859 -0.031929 -1.902583 -1.916299 -2.973994 -2.752712 -0.826711 -0.675570 -0.077252 0.060464 
6.190099 0.563562 0.877203 0.340189 -1.890887 -2.371481 -3.064054 -2.786634 -0.728828 -0.590906 -0.286671 0.060367 
7.105794 -0.793157 1.600584 0.541729 -1.541173 -2.356522 -3.415875 -2.595666 -0.704133 -0.414663 -0.301874 0.029204 
6.627171 -0.517566 1.494089 1.165158 -1.627167 -2.229528 -3.249718 -2.441928 -0.638519 -0.266291 -0.232519 0.013271 
6.140375 0.154690 0.668802 1.507869 -1.158904 -2.589958 -2.635265 -1.841816 -0.532552 -0.110904 -0.053356 0.021125 
6.390092 -0.275123 0.588553 2.157197 1.377523 1.239826 -0.180983 -1.829949 -0.740504 -0.866432 -0.585666 -0.014519 
6.660377 -0.224129 0.521829 1.911500 1.561365 1.129121 -0.582654 -1.785138 -0.698559 -1.036750 -0.692219 -0.010014 
7.007261 -0.452332 0.660076 2.189082 1.144849 0.890827 -0.105830 -1.670184 -0.900413 -0.840316 -0.665639 -0.075036 
6.453432 -0.034958 0.594390 2.569263 1.556947 0.820351 0.105775 -1.586100 -0.786667 -0.913871 -0.594567 -0.062236 
6.101206 0.220880 0.225622 2.550163 1.788323 0.925533 0.107623 -1.469096 -0.645046 -0.902854 -0.537622 -0.071098 
4.255830 -2.458041 0.751630 5.526428 4.360355 2.304708 1.388288 1.138196 0.000430 0.555990 0.433230 0.103614 
4.486824 -2.421903 0.597830 5.682740 4.703375 1.842463 1.655322 0.972975 0.093310 0.482307 0.422088 0.113737 
4.280300 -2.609438 1.086805 4.965686 4.609198 2.549659 1.313053 0.972337 -0.024197 0.548480 0.470929 0.104311 
4.215310 -2.589249 1.904598 4.737776 4.724573 2.805740 1.375691 0.914154 -0.151705 0.691260 0.497384 0.053623 
4.076595 -2.338416 1.464240 4.774521 4.836203 2.360638 1.519984 0.932270 -0.122295 0.655621 0.426490 0.079807 
4.072969 -2.056907 0.372601 4.791557 4.665954 2.468515 1.314331 0.694255 -0.065493 0.713797 0.399447 0.048725 
5.325009 2.333351 3.368792 4.071963 0.904319 -0.588882 0.592635 -0.498426 -1.120105 -0.063573 0.156785 -0.059299 
6.027769 2.141018 3.300578 4.775965 0.911067 -1.269534 1.180168 -0.916173 -0.710068 -0.110325 0.149103 -0.089952 
5.827588 1.914604 3.509818 4.576811 1.014678 -0.850528 1.003711 -0.869975 -0.826203 -0.081001 0.098334 -0.093901 
6.080975 1.515771 3.234692 4.139186 1.173414 -0.491113 0.981914 -0.879624 -1.047859 -0.220801 0.143987 -0.045279 
5.288741 2.373250 2.977585 3.608142 1.151700 0.345800 0.984184 -0.669704 -1.243548 -0.241916 0.201567 -0.027991 
4.954768 3.042097 3.703782 4.202059 1.209380 -0.628383 0.207128 -0.818667 -0.993158 -0.191973 0.003970 -0.058803 
5.231910 3.028041 4.063262 4.278269 1.096173 -0.879025 0.390454 -0.889410 -1.137639 -0.082103 -0.000448 -0.076983 
5.568311 2.935923 4.108749 4.186076 1.102344 -0.865606 0.479468 -0.977279 -1.235344 -0.103985 0.021994 -0.081967 
5.426708 2.910417 4.095083 4.197981 1.113722 -0.663593 0.211510 -0.637138 -1.114751 -0.170219 0.019354 -0.057061 
5.035005 3.081635 3.967235 4.451232 1.027394 -0.653023 0.137818 -0.684829 -0.927911 -0.127485 -0.020751 -0.057533 
3.824348 3.745837 3.717128 3.252268 2.934096 1.743007 1.238845 0.762175 0.228807 0.069401 0.236557 0.013275 
4.318355 4.134976 4.696641 3.591068 3.195342 1.754557 1.234714 0.358933 0.036089 -0.084500 0.119885 -0.024112 
4.461493 4.195576 5.771636 3.170834 3.249685 1.003429 1.999227 0.417320 0.143653 -0.044511 0.047680 0.005947 
3.798555 3.857200 4.560109 3.368717 3.015720 1.811936 1.438240 0.742708 0.728482 0.090340 0.190649 0.027634 
3.665394 3.632250 4.128503 3.201660 2.819516 2.023595 1.343995 0.719519 0.706914 0.163524 0.197404 0.031014 

